"","_id","SectionId","SectionName","AvgSpd","AvgOcc","TotalVol","MOELevel","StartWgsX","StartWgsY","EndWgsX","EndWgsY","date","time"
"1",1,"Z0111C0","市高往東  環河中華",40.703487,23.8,172.5,0,121.506955002167,25.0499479957493,121.507057986923,25.0504089798186,2016-05-06,"12_30"
"2",2,"Z0120C0","市高往東  中華承德",64.29681,8.3,223.5,1,121.507057986923,25.0504089798186,121.514669994797,25.0488470329132,2016-05-06,"12_30"
"3",3,"Z0130A0","市高往東  承德中山",72.65744,8.2,289,0,121.514669994797,25.0488470329132,121.530466977389,25.0458740396192,2016-05-06,"12_30"
"4",4,"Z0130A1","市高往東  中山林森",74.74275,7.7333336,276,0,121.514669994797,25.0488470329132,121.530466977389,25.0458740396192,2016-05-06,"12_30"
"5",5,"Z0140C0","市高往東  新生建國",73.92673,9.8,232,0,121.530466977389,25.0458740396192,121.536157036992,25.0443180284222,2016-05-06,"12_30"
"6",6,"Z0140C1","市高往東  建國復興",67.37288,9.8,240,0,121.530466977389,25.0458740396192,121.536157036992,25.0443180284222,2016-05-06,"12_30"
"7",7,"Z0150C0","市高往東  復興敦化",67.69855,11.933333,345.5,0,121.536157036992,25.0443180284222,121.557631047561,25.0447609827095,2016-05-06,"12_30"
"8",8,"Z0150C1","市高往東  敦化上方",72.28492,2.9333334,179.5,0,121.536157036992,25.0443180284222,121.557631047561,25.0447609827095,2016-05-06,"12_30"
"9",9,"Z0150C2","市高往東  敦化延吉",65.12928,8.8,267,1,121.536157036992,25.0443180284222,121.557631047561,25.0447609827095,2016-05-06,"12_30"
"10",10,"Z0160C0","市高往東  延吉永吉",74.105484,8.7,237,0,121.557631047561,25.0447609827095,121.569229955283,25.0455460393449,2016-05-06,"12_30"
"11",11,"Z0380F0","正氣橋  麥一市民",68.8421,2.4,57,0,121.569772042499,25.0461890146634,121.569771009262,25.0459439976653,2016-05-06,"12_30"
"12",12,"Z0390G0","市高往西  永吉光復",31.863636,9.2,224.5,2,121.569771009262,25.0459439976653,121.567512021271,25.0458909827904,2016-05-06,"12_30"
"13",13,"Z03A0G1","市高往西  光復延吉",39.59507,8.8,285.5,2,121.567512021271,25.0458909827904,121.557667048171,25.0454680148637,2016-05-06,"12_30"
"14",14,"Z03B0G0","市高往西  延吉復興",70.32567,8.733334,282,1,121.557667048171,25.0454680148637,121.536126020332,25.0450250384754,2016-05-06,"12_30"
"15",15,"Z03C0G0","市高往西  復興建國",60.340782,6.5,179.5,1,121.536126020332,25.0450250384754,121.530571036066,25.0465189949323,2016-05-06,"12_30"
"16",16,"Z03C0G1","市高往西  建國新生",75.02913,8,206.5,0,121.536126020332,25.0450250384754,121.530571036066,25.0465189949323,2016-05-06,"12_30"
"17",17,"Z03D0G0","市高往西  新生林森",61.04865,3.3333335,186,1,121.530571036066,25.0465189949323,121.515177951736,25.0495210244858,2016-05-06,"12_30"
"18",18,"Z03D0G1","市高往西  林森中山",69.452965,7.666667,287,1,121.530571036066,25.0465189949323,121.515177951736,25.0495210244858,2016-05-06,"12_30"
"19",19,"Z03E0G0","市高往西  承德重慶",50.091576,17,274,2,121.515177951736,25.0495210244858,121.507228991091,25.0510220354424,2016-05-06,"12_30"
"20",20,"Z03E0G1","市高往西  重慶中華",46.93227,12.5,252.5,1,121.515177951736,25.0495210244858,121.507228991091,25.0510220354424,2016-05-06,"12_30"
"21",21,"Z5062G0","市高往西  中華環河",48,14,115,1,121.507228991091,25.0510220354424,121.497868957546,25.0400649616175,2016-05-06,"12_30"
"22",22,"Z1001B0","建國快往北 辛亥高架接建高",37.435898,8.8,78.5,1,121.536995038696,25.0228289705983,121.53770600753,25.0229289599307,2016-05-06,"12_30"
"23",23,"Z1010A0","建國快往北 辛亥信義",79.23372,9.066667,282,0,121.53770600753,25.0229289599307,121.53806600958,25.0355689692847,2016-05-06,"12_30"
"24",24,"Z1010A1","建國快往北 和平信義",81.366936,8.2,263.5,0,121.53770600753,25.0229289599307,121.53806600958,25.0355689692847,2016-05-06,"12_30"
"25",25,"Z1011A0","建國快往北 信義路上匝道",41.91765,11.8,85.5,0,121.537818032218,25.0344000079271,121.53806600958,25.0355689692847,2016-05-06,"12_30"
"26",26,"Z1020A0","建國快往北 信義仁愛",68.41445,7.466666,263,0,121.53806600958,25.0355689692847,121.537962958846,25.0357070206232,2016-05-06,"12_30"
"27",27,"Z1030A0","建國快往北 仁愛忠孝",57.541176,10.933332,256.5,0,121.537962958846,25.0357070206232,121.53712002298,25.0420240374186,2016-05-06,"12_30"
"28",28,"Z1080A0","建國快往北 民族濱江",82.11688,3.9,80,0,121.534361045097,25.0672949565866,121.533422973875,25.0689429692608,2016-05-06,"12_30"
"29",29,"Z10D2A0","建國快往北 民權東路下匝道",54.790123,10.4,81.5,0,121.537105027258,25.061757993861,121.537488045992,25.06147096043,2016-05-06,"12_30"
"30",30,"Z10E2A0","建國快往北 南京東路下匝道",23.863157,25,95,1,121.537031988413,25.0497290015224,121.537171960091,25.050782973455,2016-05-06,"12_30"
"31",31,"Z1221E0","建國快往南 民權上匝道",42.451614,7.2,62,0,121.536437036293,25.0617689851535,121.536693985588,25.0612780140168,2016-05-06,"12_30"
"32",32,"Z1240E0","建國快往南 長春長安",31.688442,13.866667,402,2,121.536592989789,25.0533579739567,121.536352037032,25.0461559817578,2016-05-06,"12_30"
"33",33,"Z1241E0","建國快往南 長安東路上匝道",40.090908,3.7,55,0,121.53670903176,25.0483700001353,121.536352037032,25.0461559817578,2016-05-06,"12_30"
"34",34,"Z1280E0","建國快往南 信義和平",63.81081,7.7,125,0,121.537580011017,25.034604994102,121.537365024448,25.0277679879518,2016-05-06,"12_30"
"35",35,"Z1290E0","建國快往南 和平辛亥",58.439026,12.6,185.5,1,121.537365024448,25.0277679879518,121.53728803944,25.0240599764049,2016-05-06,"12_30"
"36",36,"Z12C2E0","建國快往南 忠孝東路下匝道",12.781818,27.7,113.5,2,121.536372990119,25.0430219911443,121.536485987571,25.0418200366026,2016-05-06,"12_30"
"37",37,"Z12F2E0","建國快往南 和平東路下匝道",47.57143,6.8,63,0,121.537365024448,25.0277679879518,121.536989035092,25.026846043666,2016-05-06,"12_30"
"38",38,"Z12G2E0","建國快往南 辛亥路下匝道",61.087303,5.5,127.5,0,121.53728803944,25.0240599764049,121.53759697438,25.0222600110569,2016-05-06,"12_30"
"39",39,"Z2101B0","基隆快往東 水快上匝道",43.56579,20.2,154,0,121.534551026926,25.0064900369957,121.530827029155,25.0209600054365,2016-05-06,"12_30"
"40",40,"Z2110C0","基隆快往東 水源辛亥",70.38095,5.8,128.5,0,121.530827029155,25.0209600054365,121.544666015207,25.0173669632625,2016-05-06,"12_30"
"41",41,"Z2120C0","基隆快往東 辛亥敦化",67.91892,5.3,111,0,121.544666015207,25.0173669632625,121.547078966678,25.0194600254024,2016-05-06,"12_30"
"42",42,"Z2130C0","基隆快往東 敦化樂業",51.98649,10.8,75,0,121.547078966678,25.0194600254024,121.550236016768,25.0223980319086,2016-05-06,"12_30"
"43",43,"ZEFM0C0","基隆快往東 辛亥下匝道",47.419353,4.1,63.5,0,121.544666015207,25.0173669632625,121.546649048669,25.0191459845886,2016-05-06,"12_30"
"44",44,"ZEWN0C0","基隆快往東 敦化下匝道",35.561405,30.2,58,0,121.547078966678,25.0194600254024,121.548697955585,25.0209529930949,2016-05-06,"12_30"
"45",45,"Z2310G0","基隆快往西 樂業敦化",62.70115,7.2,87.5,0,121.550230044874,25.022392005194,121.547075954271,25.0194510083942,2016-05-06,"12_30"
"46",46,"Z2311G0","基隆快往西 敦化上匝道",38.22222,2.6,18,0,121.548697955585,25.0209529930949,121.547075954271,25.0194510083942,2016-05-06,"12_30"
"47",47,"Z2320G0","基隆快往西 敦化羅斯福",56.8,0.8333333,5,0,121.547075954271,25.0194510083942,121.544658976273,25.0173659959567,2016-05-06,"12_30"
"48",48,"Z2321G0","基隆快往西 羅斯福路上匝道",83.30556,5.75,46,0,121.540373965139,25.013833044365,121.544658976273,25.0173659959567,2016-05-06,"12_30"
"49",49,"Z2330G0","基隆快往西 羅斯福水源",69.25926,1.9,54,0,121.544658976273,25.0173659959567,121.530824034973,25.0209549603874,2016-05-06,"12_30"
"50",50,"Z3110C0","辛亥高架 汀州路地下道",49.971153,3.1999998,104,0,121.530689984473,25.0209799954032,121.533310973508,25.0225279642767,2016-05-06,"12_30"
"51",51,"Z3120C0","辛亥高架 泰順新生",72.37705,4.8,122.5,0,121.533310973508,25.0225279642767,121.535352972987,25.0225910440046,2016-05-06,"12_30"
"52",52,"Z3310G0","辛亥高架 建高接辛高",31.373737,23.2,100.5,1,121.535665953559,25.022585041419,121.535348970526,25.0225820303175,2016-05-06,"12_30"
"53",53,"Z3311G0","辛亥高架 辛亥上匝道",51.564102,1.8,39,0,121.535665953559,25.022585041419,121.535348970526,25.0225820303175,2016-05-06,"12_30"
"54",54,"Z4010A0","水源快往北 中正路-景美",58.678715,8.8,254,0,121.537137968395,24.9900590035432,121.535866990787,24.995892962813,2016-05-06,"12_30"
"55",55,"Z4011A0","水源快往北 景美上匝道",79,6.6,73,0,121.539924954984,24.9996249638555,121.535866990787,24.995892962813,2016-05-06,"12_30"
"56",56,"Z4020A0","水源快往北 景美-基隆快",47.694736,8.8,287,0,121.535866990787,24.995892962813,121.534551026926,25.0064900369957,2016-05-06,"12_30"
"57",57,"Z4031A0","水源快往北 福和橋上匝道",53.25,0.8,8,0,121.530617011823,25.0081510342297,121.53337597531,25.008194972905,2016-05-06,"12_30"
"58",58,"Z4040H0","水源快往北 福和橋-師大路",64.075,4.5,81.5,0,121.53337597531,25.008194972905,121.522921040872,25.0203360131995,2016-05-06,"12_30"
"59",59,"Z4050G0","水源快往北 師大路-泉州街",54.746834,3.6,79,0,121.522921040872,25.0203360131995,121.512387014104,25.0242559571385,2016-05-06,"12_30"
"60",60,"Z4060G0","水源快往北 泉州街-青年路",52.891304,3.1,46,1,121.512387014104,25.0242559571385,121.504085957724,25.0200459916201,2016-05-06,"12_30"
"61",61,"Z4070G0","水源快往北 青年路-萬大路",43.75,5,68,0,121.504085957724,25.0200459916201,121.496988966074,25.0166209545364,2016-05-06,"12_30"
"62",62,"Z4080G0","水源快往北 華中橋",61.795918,1.9,49,0,121.496988966074,25.0166209545364,121.493546960585,25.0188819622546,2016-05-06,"12_30"
"63",63,"Z4081G0","水源快往北 萬大路上匝道",69.15385,0.25,13,0,121.495850997188,25.0170060123111,121.493546960585,25.0188819622546,2016-05-06,"12_30"
"64",64,"Z40A2G0","水源快往北 萬大路下匝道",27.428572,5.6,15.5,1,121.496988966074,25.0166209545364,121.495850997188,25.0170060123111,2016-05-06,"12_30"
"65",65,"Z2PK0E0","水源快往南 景美下匝道",58.166668,6.6,66,0,121.535291969736,24.9960160097742,121.535838037846,24.996001043551,2016-05-06,"12_30"
"66",66,"Z4210D0","水源快往南 西園路-華中橋",67.86667,5.0666666,152.5,0,121.490670975297,25.0240550372173,121.494897959806,25.0165149868655,2016-05-06,"12_30"
"67",67,"Z4220D0","水源快往南 華中橋",60.101696,3,59,1,121.494897959806,25.0165149868655,121.49758002879,25.0160439753475,2016-05-06,"12_30"
"68",68,"Z4221E0","水源快往南 萬大路上匝道",52.875,0.5,8,0,121.495850997188,25.0170060123111,121.49758002879,25.0160439753475,2016-05-06,"12_30"
"69",69,"Z4231C0","水源快往南 富民街上匝道",23.846153,5.8,26,1,121.500347043131,25.0180069774255,121.500586041983,25.0174489562607,2016-05-06,"12_30"
"70",70,"Z4250B0","水源快往南 富民街-泉州街",61.641026,3.6666667,117,0,121.500586041983,25.0174489562607,121.508575958881,25.0223029895734,2016-05-06,"12_30"
"71",71,"Z4261E0","水源快往南 泉州街上匝道",39.935482,9.25,33,0,121.512416020795,25.0242259740788,121.513597015627,25.0238910179486,2016-05-06,"12_30"
"72",72,"Z4270C0","水源快往南 泉州街-中正橋",55.04348,9.6,162,0,121.513597015627,25.0238910179486,121.517301026601,25.0212440410053,2016-05-06,"12_30"
"73",73,"Z4271C0","水源快往南 中正橋上匝道",32.61905,7.8,43,0,121.516420014929,25.0218210214711,121.517301026601,25.0212440410053,2016-05-06,"12_30"
"74",74,"Z4280C0","水源快往南 中正橋-師大路",52.57895,10.9,171,0,121.517301026601,25.0212440410053,121.519818971223,25.0206189990961,2016-05-06,"12_30"
"75",75,"Z4290C0","水源快往南 師大路",37.756756,3,74,0,121.519818971223,25.0206189990961,121.52318904069,25.0190460360213,2016-05-06,"12_30"
"76",76,"Z42A0D0","水源快往南 師大路-永福橋",55.923077,10.8,95,0,121.52318904069,25.0190460360213,121.526604004471,25.0136400414621,2016-05-06,"12_30"
"77",77,"Z42B0D0","水源快往南 永福橋-基隆路",55.5,3.1,78,1,121.526604004471,25.0136400414621,121.533012969887,25.0077350276523,2016-05-06,"12_30"
"78",78,"Z42B1D0","水源快往南 福和橋上匝道",46.166668,1,6,0,121.530617011823,25.0081510342297,121.533012969887,25.0077350276523,2016-05-06,"12_30"
"79",79,"Z42B1E0","水源快往南 基高上匝道",52.075756,18.2,136.5,0,121.530824034973,25.0209549603874,121.533012969887,25.0077350276523,2016-05-06,"12_30"
"80",80,"Z42C0E0","水源快往南 基隆路-景美",67.00971,5.6,208,0,121.533012969887,25.0077350276523,121.535291969736,24.9960160097742,2016-05-06,"12_30"
"81",81,"Z42F2E0","水源快往南 泉州街下匝道",55.714287,2,14,0,121.508575958881,25.0223029895734,121.512416020795,25.0242259740788,2016-05-06,"12_30"
"82",82,"Z42I2E0","水源快往南 永福橋下匝道",56.357143,1.2,14,0,121.526604004471,25.0136400414621,121.527920044784,25.0117400117055,2016-05-06,"12_30"
"83",83,"Z42K2C0","水源快往南 華中橋下匝道",71.85714,2.4,28.5,0,121.494897959806,25.0165149868655,121.495752005932,25.0165099750557,2016-05-06,"12_30"
"84",84,"Z0112A0","環河快往北 市民下匝道",34.91566,6.4,84,0,121.505632045463,25.0479460104869,121.507057986923,25.0504089798186,2016-05-06,"12_30"
"85",85,"Z5050A0","環河快往北 西園華江",65.89706,1.9333332,69,0,121.4909020335,25.0247749907051,121.491948992589,25.0363589545033,2016-05-06,"12_30"
"86",86,"Z5051A0","環河快往北 華江橋上匝道",39.876404,14,89,0,121.489444030584,25.0354040152171,121.491948992589,25.0363589545033,2016-05-06,"12_30"
"87",87,"Z5060B0","環河快往北 華江貴陽",64.1194,5.8,136.5,0,121.491948992589,25.0363589545033,121.497868957546,25.0400649616175,2016-05-06,"12_30"
"88",88,"Z5070A0","環河快往北 貴陽市民",80.211266,3.6666667,142.5,0,121.497868957546,25.0400649616175,121.505632045463,25.0479460104869,2016-05-06,"12_30"
"89",89,"Z5070A1","環河快往北  貴陽市民",64.07603,7.6,175,0,121.497868957546,25.0400649616175,121.505632045463,25.0479460104869,2016-05-06,"12_30"
"90",90,"Z5080A0","環河快往北 市民民生",58.179485,5.4,119.5,0,121.505632045463,25.0479460104869,121.508492028217,25.0570309650365,2016-05-06,"12_30"
"91",91,"Z50B0A0","環河快往北 酒泉敦煌",49.64045,18.266666,182,0,121.509256996901,25.0721649933788,121.508641013476,25.0767900150083,2016-05-06,"12_30"
"92",92,"Z50C2A0","環河快往北 貴陽街下匝道",63.772728,2.4,22,0,121.497868957546,25.0400649616175,121.497707968591,25.0394379567263,2016-05-06,"12_30"
"93",93,"Z5250E0","環河快往南 民生西-忠孝橋",61.8875,4.6,83.5,0,121.508490045987,25.0570549865263,121.506820022925,25.0520699678275,2016-05-06,"12_30"
"94",94,"Z5260E0","環河快往南 忠孝橋",68,6,148,0,121.506820022925,25.0520699678275,121.503459020046,25.0468649631992,2016-05-06,"12_30"
"95",95,"Z5261E0","環河快往南 忠孝橋上匝道",62.307693,1.2,13,0,121.504301011176,25.0499669605124,121.503459020046,25.0468649631992,2016-05-06,"12_30"
"96",96,"Z5261F0","環河快往南 市民上匝道",34.488373,10,86,0,121.507228991091,25.0510220354424,121.503459020046,25.0468649631992,2016-05-06,"12_30"
"97",97,"Z5270E0","環河快往南 忠孝橋-中興橋",44.0625,1.75,16,0,121.503459020046,25.0468649631992,121.501675036559,25.0454489818402,2016-05-06,"12_30"
"98",98,"Z5280E0","環河快往南 中興橋",36.5,3.6,28,0,121.501675036559,25.0454489818402,121.500127997034,25.0428969866014,2016-05-06,"12_30"
"99",99,"Z5290E0","環河快往南 中興橋-桂林路",63,2,6,0,121.500127997034,25.0428969866014,121.495768980163,25.0390590284779,2016-05-06,"12_30"
"100",100,"Z52A0E0","環河快往南 桂林路-華江橋",49.568626,14.5,52,0,121.495768980163,25.0390590284779,121.491098012531,25.0361979990397,2016-05-06,"12_30"
"101",101,"Z52B0E0","環河快往南 華江橋",70,9,232,0,121.491098012531,25.0361979990397,121.488941968621,25.0336170151409,2016-05-06,"12_30"
"102",102,"Z52B1E0","環河快往南 華江橋上匝道",43,3.25,16.5,0,121.489444030584,25.0354040152171,121.488941968621,25.0336170151409,2016-05-06,"12_30"
"103",103,"Z52C0E0","環河快往南 華江橋-西藏路",97.65625,0.9,32,0,121.488941968621,25.0336170151409,121.488264038685,25.0296530048539,2016-05-06,"12_30"
"104",104,"Z52C2E0","環河快往南 西藏路下匝道",39.25,3.4,24.5,0,121.490064014881,25.0304020134316,121.488264038685,25.0296530048539,2016-05-06,"12_30"
"105",105,"Z52D0E0","環河快往南 西藏路-西園路",52.307693,3,26,0,121.488264038685,25.0296530048539,121.490514011287,25.0244009718354,2016-05-06,"12_30"
"106",106,"Z6120C0","環東出城　正氣橋",45.51145,5.8,132.5,1,121.568370994278,25.0472350435512,121.570605021905,25.0510110311818,2016-05-06,"12_30"
"107",107,"Z6130C0","環東出城　麥帥一橋",65.09938,7.3,161,0,121.570605021905,25.0510110311818,121.574926995873,25.0534200156251,2016-05-06,"12_30"
"108",108,"Z6140C0","環東出城　堤頂舊宗",45.714287,1.375,14,1,121.574926995873,25.0534200156251,121.57748301202,25.0549450438494,2016-05-06,"12_30"
"109",109,"Z6150C0","環東出城　堤頂舊宗",77.336845,3.3,95,0,121.57748301202,25.0549450438494,121.584862988947,25.0586160247397,2016-05-06,"12_30"
"110",110,"Z6150C1","環東出城  堤頂舊宗",73.077774,3,90,0,121.57748301202,25.0549450438494,121.584862988947,25.0586160247397,2016-05-06,"12_30"
"111",111,"Z6151C0","環東出城　舊宗匝道",35.179485,31.4,40.5,1,121.56613702014,25.051338962847,121.584862988947,25.0586160247397,2016-05-06,"12_30"
"112",112,"Z6160C1","環東出城  彩虹經貿1",46.876625,10.2,156.5,1,121.584862988947,25.0586160247397,121.616541008175,25.0625849622717,2016-05-06,"12_30"
"113",113,"Z6160C2","環東出城  彩虹經貿2",67.96124,5.8,129,0,121.584862988947,25.0586160247397,121.616541008175,25.0625849622717,2016-05-06,"12_30"
"114",114,"Z6160C3","環東出城  彩虹經貿3",88.89899,3.2,99,0,121.584862988947,25.0586160247397,121.616541008175,25.0625849622717,2016-05-06,"12_30"
"115",115,"Z6160C4","環東出城  彩虹經貿4",76.52846,0.9,123.5,0,121.584862988947,25.0586160247397,121.616541008175,25.0625849622717,2016-05-06,"12_30"
"116",116,"Z6160C5","環東出城  彩虹經貿5",79.7757,4.3,107,0,121.584862988947,25.0586160247397,121.616541008175,25.0625849622717,2016-05-06,"12_30"
"117",117,"Z6160C6","環東出城  彩虹經貿6",55.644928,5.9,138,1,121.584862988947,25.0586160247397,121.616541008175,25.0625849622717,2016-05-06,"12_30"
"118",118,"Z6160C7","環東出城  彩虹經貿7",50.25,4.9,108,1,121.584862988947,25.0586160247397,121.616541008175,25.0625849622717,2016-05-06,"12_30"
"119",119,"Z6170C1","環東出城　南湖橋段1",66.697365,6.6,152,0,121.616541008175,25.0625849622717,121.617806017444,25.0621700152228,2016-05-06,"12_30"
"120",120,"Z6171C0","環東出城　園區匝道",59.030304,1.4,33,1,121.506686988079,25.0504710048466,121.617806017444,25.0621700152228,2016-05-06,"12_30"
"121",121,"Z6180A0","環東出城　往國道三號",73.18868,1.9,53,0,121.617806017444,25.0621700152228,121.619272988714,25.0611980022906,2016-05-06,"12_30"
"122",122,"Z6310G0","環東進城　前方",65.30556,3.9333332,144,0,121.619543975639,25.0614559745982,121.616821033512,25.0628670066886,2016-05-06,"12_30"
"123",123,"Z6320G0","環東進城　經貿園區",73.21875,3.2,64.5,0,121.616821033512,25.0628670066886,121.616641022636,25.0629230055203,2016-05-06,"12_30"
"124",124,"Z6330G2","環東出城  經貿彩虹2",70.25641,6.4,156,0,121.616641022636,25.0629230055203,121.584602985496,25.0590689905561,2016-05-06,"12_30"
"125",125,"Z6330G3","環東出城  經貿彩虹3",74.63846,4.6,130,0,121.616641022636,25.0629230055203,121.584602985496,25.0590689905561,2016-05-06,"12_30"
"126",126,"Z6330G4","環東出城  經貿彩虹4",76.6993,5.2,143,0,121.616641022636,25.0629230055203,121.584602985496,25.0590689905561,2016-05-06,"12_30"
"127",127,"Z6330G5","環東出城  經貿彩虹5",75.19178,5.4,146,0,121.616641022636,25.0629230055203,121.584602985496,25.0590689905561,2016-05-06,"12_30"
"128",128,"Z6330G6","環東出城  經貿彩虹6",65.54412,5.8,136,0,121.616641022636,25.0629230055203,121.584602985496,25.0590689905561,2016-05-06,"12_30"
"129",129,"Z6330G7","環東出城  經貿彩虹7",57.86928,7.6,153,1,121.616641022636,25.0629230055203,121.584602985496,25.0590689905561,2016-05-06,"12_30"
"130",130,"Z6330G8","環東出城  經貿彩虹8",59.76923,6.8,156,0,121.616641022636,25.0629230055203,121.584602985496,25.0590689905561,2016-05-06,"12_30"
"131",131,"Z6340G0","環東進城　舊宗新明",71.39286,4.3,115,0,121.584602985496,25.0590689905561,121.577017014874,25.055012037314,2016-05-06,"12_30"
"132",132,"Z6350G0","環東進城  堤頂麥一",76.475,2.9,80,0,121.577017014874,25.055012037314,121.574868993047,25.0538609882666,2016-05-06,"12_30"
"133",133,"Z6360G0","環東進城　麥帥一橋",67.32704,7.2,159,0,121.574868993047,25.0538609882666,121.570337952539,25.0515299950425,2016-05-06,"12_30"
"134",134,"Z6360G1","環東進城　麥帥一橋",60.930695,4.2,101,1,121.574868993047,25.0538609882666,121.570337952539,25.0515299950425,2016-05-06,"12_30"
"135",135,"Z6380E0","環東進城　永吉匝道",31.440475,13.4,172,1,121.568211967079,25.0479089629847,121.566930011803,25.0458089733302,2016-05-06,"12_30"
"136",136,"Z7010A0","正氣橋出城接麥二橋",50.183006,8.8,153,1,121.572381048053,25.0517659831681,121.572381048053,25.0517659831681,2016-05-06,"12_30"
"137",137,"Z7230E0","麥二正氣",53.670807,8.3,161,0,121.572381048053,25.0517659831681,121.536157036992,25.0443180284222,2016-05-06,"12_30"
"138",138,"Z8001H0","洲美往北　中正社中",73.95918,3.6666665,108.5,0,121.501322045006,25.0905279940405,121.506718964987,25.0840970372638,2016-05-06,"12_30"
"139",139,"Z8001H1","洲美往北  中正社中1",64.08088,4.2,146.5,0,121.501322045006,25.0905279940405,121.506718964987,25.0840970372638,2016-05-06,"12_30"
"140",140,"Z8010A0","洲美往北　社中通河",61.65161,6.416667,167,0,121.506718964987,25.0840970372638,121.498530964268,25.0990859660389,2016-05-06,"12_30"
"141",141,"Z8010A2","洲美往北　跨河橋段",65.41936,4.2,138,0,121.506718964987,25.0840970372638,121.498530964268,25.0990859660389,2016-05-06,"12_30"
"142",142,"Z8020A0","洲美往北　福國路段",80.35433,3.1333334,127,0,121.498530964268,25.0990859660389,121.499175972166,25.1026189964555,2016-05-06,"12_30"
"143",143,"Z8030A0","洲美往北　焚化廠南",79.768654,3.5333333,135.5,0,121.499175972166,25.1026189964555,121.499039991332,25.1065160441939,2016-05-06,"12_30"
"144",144,"Z8040A0","洲美往北　焚化廠北",83.14414,2.4666667,112,0,121.499039991332,25.1065160441939,121.493663023759,25.1217349827357,2016-05-06,"12_30"
"145",145,"Z8040A1","洲美往北   往大度",82.15151,0.73333335,68,0,121.499039991332,25.1065160441939,121.493663023759,25.1217349827357,2016-05-06,"12_30"
"146",146,"Z8050A0","洲美往北　大業匝道",78.433334,1.1,30,0,121.493663023759,25.1217349827357,121.498706994097,25.1257360159759,2016-05-06,"12_30"
"147",147,"ZLGGYA0","洲美往北　北投匝道",56.909092,1.25,11.5,0,121.499039991332,25.1065160441939,121.518394001597,25.0506200193959,2016-05-06,"12_30"
"148",148,"Z8211A0","洲美往南　大度匝道",63.663265,2.5,100.5,0,121.464409006352,25.12372703342,121.499415011407,25.1164069706791,2016-05-06,"12_30"
"149",149,"Z8220E1","洲美往南  焚化廠北",65.18841,2.7333333,142,0,121.499415011407,25.1164069706791,121.499410028525,25.1162300382646,2016-05-06,"12_30"
"150",150,"Z8230E0","洲美往南　焚化廠南",71.65341,5.733333,177,0,121.499410028525,25.1162300382646,121.498717979057,25.1023440083671,2016-05-06,"12_30"
"151",151,"Z8240E0","洲美往南　福國路段",72.904495,4.7333336,178,0,121.498717979057,25.1023440083671,121.498122950903,25.0993239617516,2016-05-06,"12_30"
"152",152,"Z8250E0","洲美往南　跨河橋段",53.83432,2.6,179.5,0,121.498122950903,25.0993239617516,121.505457987033,25.0856429679772,2016-05-06,"12_30"
"153",153,"Z8260A0","環北往南　社中中正",65.62963,2.7999997,114.5,0,121.505457987033,25.0856429679772,121.507375025755,25.0814500272669,2016-05-06,"12_30"
"154",154,"Z9010A0","信快往北  木柵入口",65.36735,5.3,54,0,121.576575015947,25.0001809673246,121.581303018416,25.0061379810342,2016-05-06,"12_30"
"155",155,"Z9011A0","E_I-N-EN1",73.17021,10,49,0,121.582282989818,25.0046809888682,121.581303018416,25.0061379810342,2016-05-06,"12_30"
"156",156,"Z9030A0","信快往北 文山隧道",81.391754,2.6000001,102.5,0,121.581819044289,25.0080029688007,121.58007302298,25.0185520437394,2016-05-06,"12_30"
"157",157,"Z9040A0","信快往北  文山象山間",67.35897,0.4666667,82.5,0,121.58007302298,25.0185520437394,121.576318004777,25.0215079894489,2016-05-06,"12_30"
"158",158,"Z9050A0","信快往北  象山隧道",77.45744,2.4666667,99,0,121.576318004777,25.0215079894489,121.573106996005,25.0306110259661,2016-05-06,"12_30"
"159",159,"Z9060A0","信快往北  象山出口",47.641975,3,84.5,1,121.573106996005,25.0306110259661,121.57304703705,25.0323369694062,2016-05-06,"12_30"
"160",160,"ZGYS7A0","E_I-N-EX2",44.68,7.8,53,0,121.57304703705,25.0323369694062,121.568318010097,25.0299530329774,2016-05-06,"12_30"
"161",161,"Z9201A0","E_I-S-EN2",52.95,10,41,1,121.574585031664,25.0329529736002,121.572957964431,25.0328939824679,2016-05-06,"12_30"
"162",162,"Z9211A0","信快往北  松仁匝道",41.38261,3.8,125,1,121.568318010097,25.0299530329774,121.572483004907,25.0327419748003,2016-05-06,"12_30"
"163",163,"Z9230A0","信快往北  象山隧道",79.32143,2.0666668,86.5,0,121.572327042517,25.0308000093377,121.57589398737,25.0210529932084,2016-05-06,"12_30"
"164",164,"Z9240A0","信快往北  象山文山間",59.37895,2.1333334,98.5,0,121.57589398737,25.0210529932084,121.579738003233,25.0181450112202,2016-05-06,"12_30"
"165",165,"Z9250A0","信快往北  文山隧道",72.543686,2.9333332,107.5,0,121.579738003233,25.0181450112202,121.58125897475,25.0081889703121,2016-05-06,"12_30"
"166",166,"Z9260A0","信快往北  萬芳出口",54.090908,2.3333335,104.5,1,121.58125897475,25.0081889703121,121.580423983686,25.0049820284797,2016-05-06,"12_30"
"167",167,"ZJTJ960","八德路    松江路-忠孝東路",40.035713,6.2,29.5,0,121.532877004208,25.0443479756871,121.530008998433,25.0436089944644,2016-05-06,"12_30"
"168",168,"ZK5JW60","八德路    建國北路-新生北路",30.3,4.3333335,10.5,0,121.535606954197,25.045648042121,121.532877004208,25.0443479756871,2016-05-06,"12_30"
"169",169,"ZK7K820","八德路    新生南路-建國北路",22.965517,16,29.5,1,121.532877004208,25.0443479756871,121.533978046748,25.0446509770139,2016-05-06,"12_30"
"170",170,"ZKLLH20","八德路    建國北路-復興北路",30.233334,8.4,63,0,121.536660023401,25.0460589913958,121.540507984494,25.0467130279066,2016-05-06,"12_30"
"171",171,"ZKRM820","八德路    敦化北路-復興北路",44.266666,5,60.5,0,121.542154998418,25.0471219561995,121.543931037249,25.0475489915048,2016-05-06,"12_30"
"172",172,"ZKWN820","八德路    復興北路-敦化南路",34.57143,3.75,14,1,121.54684699938,25.0481800005474,121.548917990989,25.0481810293354,2016-05-06,"12_30"
"173",173,"ZKWN860","八德路    光復南路-敦化北路",47.357143,49.666668,20,0,121.552615002533,25.048185017375,121.548917990989,25.0481810293354,2016-05-06,"12_30"
"174",174,"ZKWNV20","八德路    敦化南路-光復南路",36.796993,18.1,158,0,121.548917990989,25.0481810293354,121.552615002533,25.048185017375,2016-05-06,"12_30"
"175",175,"ZKWPX60","八德路    東興街?-光復北路",35.864407,8,59,0,121.558442020541,25.0482450205768,121.557817980928,25.0481839882944,2016-05-06,"12_30"
"176",176,"ZKZQW20","八德路    光復南路-東興街",34.54717,4.7,53,0,121.560881987113,25.0484879813674,121.562665970558,25.048661976267,2016-05-06,"12_30"
"177",177,"ZL6RM20","八德路    基隆路-東興街",35.588234,4.25,17.5,0,121.565481960656,25.0489490280874,121.566246026065,25.0490280018431,2016-05-06,"12_30"
"178",178,"ZL9SB20","八德路    東興街-基隆路",41.7,5.5,21.5,0,121.566246026065,25.0490280018431,121.569388952581,25.049394985048,2016-05-06,"12_30"
"179",179,"ZLDTB20","八德路    基隆路-東新街",35.934784,3.375,46,0,121.572285964123,25.0500069670554,121.574505013287,25.0499799840799,2016-05-06,"12_30"
"180",180,"ZLDTB60","八德路    東新街-基隆路",28.210526,2.5,39.5,0,121.575991993912,25.0500010388504,121.574505013287,25.0499799840799,2016-05-06,"12_30"
"181",181,"ZLNUW60","南港路    向陽路-東新街",39.967743,5.133333,72,0,121.584267978293,25.0522529863072,121.582729010121,25.0516809679925,2016-05-06,"12_30"
"182",182,"ZMAR840","三民路    民生東路-南京東路",32.72222,9,19.5,0,121.563595975985,25.0568559981804,121.563871020332,25.0541290298898,2016-05-06,"12_30"
"183",183,"ZMTR600","三民路    南京東路-民生東路",69.76923,5.5,31.5,0,121.563871020332,25.0541290298898,121.563595975985,25.0568559981804,2016-05-06,"12_30"
"184",184,"ZNQQE40","三民路    民權東路-民生東路",30.607143,8,30.5,0,121.563142983751,25.0618319799925,121.563236955513,25.060902007694,2016-05-06,"12_30"
"185",185,"ZP8QY00","三民路    民生東路-民權東路",29.714285,8,37,1,121.563142983751,25.0618319799925,121.56305804233,25.0628079608207,2016-05-06,"12_30"
"186",186,"ZMQ4C40","三重路    重陽路-南港路",45.194443,7,39.5,0,121.57778395346,25.0474489884482,121.613990028591,25.0561510020384,2016-05-06,"12_30"
"187",187,"Z4ZD520","大度路    立德路-大業路",70,2.8,125,0,121.493554980993,25.1214749744342,121.499800962679,25.1210930165618,2016-05-06,"12_30"
"188",188,"Z5AAF60","大度路    大業路-貴子坑溪",65.60976,4.866667,171.5,0,121.486079991891,25.121852037788,121.466876988914,25.1232139811149,2016-05-06,"12_30"
"189",189,"Z5AAF61","大度路 貴水二溪-聖景路",63.21192,5.9999995,156,0,121.486079991891,25.121852037788,121.466876988914,25.1232139811149,2016-05-06,"12_30"
"190",190,"Z5B2R60","大度路    貴子坑溪-模構溪",59.223213,4.5833335,116.5,0,121.466876988914,25.1232139811149,121.481430047917,25.1222009787626,2016-05-06,"12_30"
"191",191,"Z7JCE40","大業路    中央北路-承德路",42,1.3333334,12,0,121.497173973346,25.1360519600889,121.496304977611,25.1345019669943,2016-05-06,"12_30"
"192",192,"Z3AIL00","中山北路  德行東路-士東路",41,3.25,42.5,0,121.525253015121,25.1087089734359,121.526529012548,25.112758021431,2016-05-06,"12_30"
"193",193,"Z4NJD00","中山北路  士東路-天母東路",56.27778,2.6,18,0,121.528577048448,25.1163439672642,121.530083045652,25.1182429548424,2016-05-06,"12_30"
"194",194,"ZHWGD40","中山南路  仁愛路-愛國西路",29.350878,9.9,66.5,0,121.517742001752,25.0392739842801,121.516464971111,25.0348820142513,2016-05-06,"12_30"
"195",195,"ZIVGU00","中山南路  愛國東路-信義路",48.068966,2.6,30.5,0,121.516464971111,25.0348820142513,121.517742001752,25.0392739842801,2016-05-06,"12_30"
"196",196,"ZIVGU40","中山南路  忠孝西路-仁愛路",46.86842,4.125,38.5,0,121.518155021069,25.0407080117975,121.517742001752,25.0392739842801,2016-05-06,"12_30"
"197",197,"ZKEHB00","中山南路  仁愛路-忠孝東路",33.02532,9,81,0,121.519250950846,25.0444959843402,121.519582972501,25.0456320015231,2016-05-06,"12_30"
"198",198,"ZKEHB40","中山北路  長安西路-忠孝西路",30.016394,25.3,69,0,121.5203119583,25.0471550161381,121.519582972501,25.0456320015231,2016-05-06,"12_30"
"199",199,"ZLBHN00","中山北路  忠孝東路-長安東路",41.161766,8.75,68,0,121.519250950846,25.0444959843402,121.521621966763,25.0498139771949,2016-05-06,"12_30"
"200",200,"ZLBHN40","中山北路  南京西路-長安西路",56.658535,2.7,43,0,121.52257401473,25.0522299753826,121.521621966763,25.0498139771949,2016-05-06,"12_30"
"201",201,"ZLRHT00","中山北路  長安西路-南京東路",58.9,1.375,20,0,121.521621966763,25.0498139771949,121.52257401473,25.0522299753826,2016-05-06,"12_30"
"202",202,"ZLRHT40","中山北路　南京往南",50.590908,3.2,44.5,0,121.522713974682,25.0549919835593,121.52257401473,25.0522299753826,2016-05-06,"12_30"
"203",203,"ZN5HV00","民生東　中山北(往北)",45.1,3.2,40,0,121.522713974682,25.0549919835593,121.522845004353,25.0578899846763,2016-05-06,"12_30"
"204",204,"ZNLHV00","中山北路  民權東路-錦州街",45.765957,3.1,49.5,0,121.522845004353,25.0578899846763,121.522954993974,25.0603360232939,2016-05-06,"12_30"
"205",205,"ZP7HI40","中山北路  民族東路-民權東路",61.136364,1.75,23,0,121.522241006668,25.0648800135277,121.522608016415,25.0627480091243,2016-05-06,"12_30"
"206",206,"ZQFHV00","中山北路  民權東路-民族東路",58,0.5,2.5,0,121.522456963987,25.0668379817813,121.522870035759,25.0684350355759,2016-05-06,"12_30"
"207",207,"ZSVI900","中山北三段 北安路-中山北四段1巷",46.163635,6.8,59,0,121.526876997522,25.0759860132315,121.524396034032,25.0797770077648,2016-05-06,"12_30"
"208",208,"ZSVI940","通河街　中山北(往南)",43.380436,11.666667,191,0,121.525484975308,25.0841879571588,121.524396034032,25.0797770077648,2016-05-06,"12_30"
"209",209,"ZTTIF40","中山北路  小北街-基河路",31.625,41.3,128.5,0,121.525650020016,25.0857400139857,121.525484975308,25.0841879571588,2016-05-06,"12_30"
"210",210,"ZU5IF00","中山北路  基河路-小北街",52,6.8,93.5,0,121.525484975308,25.0841879571588,121.52718495366,25.0876670187764,2016-05-06,"12_30"
"211",211,"ZVYIV00","中山北路  小北街-中正路",32.310608,6.9,132,1,121.527473957656,25.0902389796397,121.528014004153,25.0937130284284,2016-05-06,"12_30"
"212",212,"ZYBIB00","中山北路  德行東路-忠誠路",44.853333,6.6,77,0,121.525543043736,25.1024700426213,121.52484602371,25.1040249679002,2016-05-06,"12_30"
"213",213,"ZYSIB00","中山北路  忠誠路-德行東路",48.985073,6.1,67.5,0,121.52484602371,25.1040249679002,121.524896032415,25.1064259709129,2016-05-06,"12_30"
"214",214,"ZZLIE40","中山北路  天母東路-士東路",60.2,3.2,35,0,121.525253015121,25.1087089734359,121.525950049097,25.1116950429302,2016-05-06,"12_30"
"215",215,"ZZYII40","中山北路  士東路-德行東路",20.964285,29.7,88.5,1,121.526529012548,25.112758021431,121.525253015121,25.1087089734359,2016-05-06,"12_30"
"216",216,"ZU8EF20","重陽大橋 重陽橋 -延平北路六段",58.725807,6.4,142,0,121.499370989401,25.084592036831,121.505624988292,25.0856570244771,2016-05-06,"12_30"
"217",217,"ZVEGK60","中正路    文林路-承德路",40.10101,8.7,101.5,0,121.517704994726,25.0918079730647,121.516491996487,25.0910000387343,2016-05-06,"12_30"
"218",218,"ZW7HN20","中正路    承德路-文林路",42.881355,10.2,123,0,121.52003199482,25.0933530172806,121.52189001497,25.0943849867539,2016-05-06,"12_30"
"219",219,"ZWGIV60","中正路    雨農路-文林路",25.39535,10.6,46.5,1,121.530285031655,25.0961960292212,121.527914004661,25.0957539877762,2016-05-06,"12_30"
"220",220,"ZG7EQ00","中華路    和平西路-水源路",28.093023,12.4,47.5,0,121.508164027194,25.0258549787553,121.507077029818,25.0267439883943,2016-05-06,"12_30"
"221",221,"ZI9EM00","中華路    和平西路-愛國西路",20.547619,4.25,103,1,121.505301004035,25.03340303799,121.506630000043,25.0359989709198,2016-05-06,"12_30"
"222",222,"ZIKPW60","仁愛路光復往西",56.848484,2.9,71.5,0,121.56042603886,25.0375930247427,121.557582024175,25.0376670102663,2016-05-06,"12_30"
"223",223,"ZIKQP20","仁愛路   逸仙路-光復南路",43.909092,2,23,0,121.56042603886,25.0375930247427,121.561506001618,25.0375530161359,2016-05-06,"12_30"
"224",224,"ZILPI20","仁愛路   光復南路-敦化南路",49.595238,2.3333333,43,0,121.552935023966,25.0377569602288,121.555442046408,25.0377109564045,2016-05-06,"12_30"
"225",225,"ZIMNN60","仁愛路安和路往西",60.16,2.5,75.5,0,121.552935023966,25.0377569602288,121.551775004519,25.0377789671945,2016-05-06,"12_30"
"226",226,"ZINKW20","仁愛路    建國南路-新生南路",46.23256,7.066667,101,0,121.53278995384,25.0381459966656,121.537882966645,25.0380649934768,2016-05-06,"12_30"
"227",227,"ZINLD60","仁愛路    復興南路-建國南路",49.808823,3.9333336,70.5,0,121.543679972316,25.0379439557612,121.539974007135,25.0380210265144,2016-05-06,"12_30"
"228",228,"ZINM760","仁愛路    敦化南路-復興北路",51.75,5.8,36.5,0,121.546048040929,25.0378910351051,121.543679972316,25.0379439557612,2016-05-06,"12_30"
"229",229,"ZIPIZ60","金山南路  信義路-仁愛路",52.58621,2.9333336,59.5,0,121.52941104638,25.0382129641192,121.528340969147,25.0382519822543,2016-05-06,"12_30"
"230",230,"ZIPJA20","仁愛路    新生南路-金山南路",50.55357,3.4666667,61.5,0,121.528340969147,25.0382519822543,121.52941104638,25.0382129641192,2016-05-06,"12_30"
"231",231,"ZIRHZ20","仁愛路    杭州南路-中山南路",45.05357,2.3333333,58.5,0,121.521595040537,25.0387639638472,121.523417010188,25.0385230073086,2016-05-06,"12_30"
"232",232,"ZV9IP40","文林路    中正路-基河路",51.842106,3.4,19,0,121.525956002142,25.0923389607966,121.527037041757,25.0902129967989,2016-05-06,"12_30"
"233",233,"ZY9H840","文林北路  承德路-德行西路",52.61832,6.2666664,141.5,0,121.520752973895,25.1022339731109,121.519637009102,25.1032309691362,2016-05-06,"12_30"
"234",234,"ZYRGM00","文林北路  德行西路-承德路",42.260273,10.266666,79,0,121.520752973895,25.1022339731109,121.516615012448,25.1061029568463,2016-05-06,"12_30"
"235",235,"Z1NMM20","木柵路    興隆路-和興路",47.555557,1.7,27.5,0,121.544016982749,24.9884689866207,121.545971014879,24.986728970597,2016-05-06,"12_30"
"236",236,"Z27SN20","木新路    興隆路-木柵路",25.95,9.6,21,1,121.568615035016,24.988909958163,121.570930960222,24.9907069825126,2016-05-06,"12_30"
"237",237,"Z2LSS20","木柵路    秀明路-萬芳路",52.710526,4,39,0,121.569046007132,24.9987579698985,121.571743015186,24.9948559781927,2016-05-06,"12_30"
"238",238,"ZACTV20","木柵路    萬芳路-北二高",20.08,42,55,1,121.574570982811,24.9981499979952,121.575677996718,24.9995900320669,2016-05-06,"12_30"
"239",239,"ZAWVC20","木柵路    北二高-新光路",47.25,2,13.5,0,121.581921996822,25.0023919784946,121.583964992877,25.0029429905388,2016-05-06,"12_30"
"240",240,"Z1CRT60","木新路    木柵路-興隆路",22.766666,21.2,64,1,121.56875002671,24.9839530093009,121.566735961769,24.9832559576,2016-05-06,"12_30"
"241",241,"ZSBID60","北安路    明水路-中山北路",59.776924,21,137.5,0,121.537560952393,25.0777889720838,121.526876997522,25.0759860132315,2016-05-06,"12_30"
"242",242,"ZSJJX20","北安路    中山北路-明水路",53.090908,3.4,33.5,0,121.529015999351,25.0777479915008,121.533200981536,25.0780399695584,2016-05-06,"12_30"
"243",243,"ZSWMR40","北安路    大直街-通北街",32.81818,12.5,47.5,0,121.548179978795,25.0805040395406,121.547413975489,25.079874995817,2016-05-06,"12_30"
"244",244,"ZJGPQ20","市民大道  復興北路-敦化北路",15.198413,47.1,134,1,121.546218997063,25.0450760260571,121.548883040402,25.0448050256844,2016-05-06,"12_30"
"245",245,"ZK6L860","市民大道  敦化北路-建國北路",36.42105,19,120.5,0,121.542381983637,25.0446300134924,121.539486992585,25.0444869867107,2016-05-06,"12_30"
"246",246,"ZK6NY60","市民大道  敦化北路-復興北路",28.863636,6.9,67,0,121.556752972869,25.044929037857,121.553044027324,25.0445180305677,2016-05-06,"12_30"
"247",247,"ZK6P820","市民大道  敦化北路-光復北路",34.89404,16.1,155,0,121.548883040402,25.0448050256844,121.553785987587,25.0441180322778,2016-05-06,"12_30"
"248",248,"ZK8LT20","市民大道  建國北路-復興北路",48.5,1,4,0,121.539486992585,25.0444869867107,121.542381983637,25.0446300134924,2016-05-06,"12_30"
"249",249,"ZK9KC60","市民大道  建國北路-金山北路",40.34375,11.8,129.5,1,121.536654952605,25.044894027352,121.53478201032,25.0450279866061,2016-05-06,"12_30"
"250",250,"ZKJJP20","市民大道  金山北路-建國北路",35.70714,23.8,146,1,121.615421998675,25.045238998741,121.532890983601,25.0454499827697,2016-05-06,"12_30"
"251",251,"ZKNIV20","市民大道  中山北路-金山北路",33.68421,6.8,58.5,1,121.526052005025,25.047513980359,121.527754976858,25.0470660157481,2016-05-06,"12_30"
"252",252,"ZKQQY20","市民大道  光復南路-基隆路",41.46154,2.6,39.5,0,121.55778403127,25.045105009154,121.562977017142,25.0473070427485,2016-05-06,"12_30"
"253",253,"ZKSIE60","市民大道  金山北路-中山北路",37.457447,7.9,94.5,0,121.527754976858,25.0470660157481,121.526052005025,25.047513980359,2016-05-06,"12_30"
"254",254,"ZKVHI20","市民大道  重慶北路-中山北路",33.77941,6.4,68,0,121.516775988975,25.0499119871932,121.520761957648,25.0480390041157,2016-05-06,"12_30"
"255",255,"ZL5GL60","市民大道  中山北路-重慶北路",24.180645,31.2,171.5,1,121.514850033308,25.0490519785949,121.516423961792,25.0487760337543,2016-05-06,"12_30"
"256",256,"ZLAFP60","市民大道  重慶北路-環河北路",41.603603,9.8,113,0,121.513314967253,25.0494279843331,121.511989016427,25.0499020209939,2016-05-06,"12_30"
"257",257,"ZLXFX20","市民大道  環河北路-重慶北路",29.007874,21.6,147.5,0,121.511989016427,25.0499020209939,121.513314967253,25.0494279843331,2016-05-06,"12_30"
"258",258,"ZMSEX60","民生西路  重慶北路-環河北路",25.526316,10,57.5,1,121.509004974381,25.0568730220494,121.50827197583,25.0568570248746,2016-05-06,"12_30"
"259",259,"ZMTG520","民生西路  環河北路-重慶北路",21.586206,13.4,58,1,121.511602029279,25.0569270241787,121.513792994809,25.0569739901897,2016-05-06,"12_30"
"260",260,"ZMTG560","民生西路  承德路-重慶北路",40.588234,11,51,0,121.515556954,25.0570130175921,121.513792994809,25.0569739901897,2016-05-06,"12_30"
"261",261,"ZMTHB20","民生西路  承德路-雙連站",39.244682,25.2,220.5,0,121.519185998666,25.0574509664278,121.519722000221,25.0575220384742,2016-05-06,"12_30"
"262",262,"ZMTHB60","民生西路  中山北路-雙連站",18.137255,22.8,54.5,1,121.522845004353,25.0578899846763,121.519722000221,25.0575220384742,2016-05-06,"12_30"
"263",263,"ZMUGG20","民生西路  重慶北路-承德路",39.464287,8.2,42,0,121.513792994809,25.0569739901897,121.515556954,25.0570130175921,2016-05-06,"12_30"
"264",264,"ZMXH820","民生西路  雙連站-承德路",38.708332,55.4,31.5,0,121.51817497086,25.0573370422045,121.519185998666,25.0574509664278,2016-05-06,"12_30"
"265",265,"ZMYN820","民生東路  復興北路-敦化北路",43.744186,5.0666666,87,0,121.54621504649,25.0577149568673,121.549010024689,25.0576959838419,2016-05-06,"12_30"
"266",266,"ZMYN860","民生東路  光復北路-敦化北路",45,0,1,0,121.552123981625,25.0579729758179,121.549010024689,25.0576959838419,2016-05-06,"12_30"
"267",267,"ZMZL960","民生東路  建國北路-龍江路",43.694443,6.1333337,109.5,0,121.540695002758,25.057808013133,121.539168991943,25.0578130194978,2016-05-06,"12_30"
"268",268,"ZMZLI20","民生東路  復興北路-龍江路",51.08108,3.8,75,0,121.539168991943,25.0578130194978,121.540695002758,25.057808013133,2016-05-06,"12_30"
"269",269,"ZMZM920","民生東路  龍江路-復興北路",44.129032,7.166667,97.5,0,121.542191988586,25.0577839575877,121.544143954275,25.0577500050787,2016-05-06,"12_30"
"270",270,"ZMZM960","民生東路  敦化北路-復興北路",33.205883,3.1666667,35,1,121.54621504649,25.0577149568673,121.544143954275,25.0577500050787,2016-05-06,"12_30"
"271",271,"ZN5HV20","民生西　中山北(往東)",33.51613,9.25,32,0,121.519722000221,25.0575220384742,121.522845004353,25.0578899846763,2016-05-06,"12_30"
"272",272,"ZN5HV60","民生西路  雙連站-中山北路",35.475,8.6,41.5,0,121.525521993862,25.058043041147,121.522845004353,25.0578899846763,2016-05-06,"12_30"
"273",273,"ZN5IG20","民生東路  新生北路-林森北路",25,17.5,60,1,121.522845004353,25.0578899846763,121.525521993862,25.058043041147,2016-05-06,"12_30"
"274",274,"ZN5IG60","民生東路  中山北路-林森北路",35.951614,6.8,65.5,0,121.527593974766,25.0580270277509,121.525521993862,25.058043041147,2016-05-06,"12_30"
"275",275,"ZN5IU20","民生東路  林森北路-新生北路",41.567566,7.3,75,0,121.525521993862,25.058043041147,121.527593974766,25.0580270277509,2016-05-06,"12_30"
"276",276,"ZN5JX20","民生東路  新生北路-松江路",44.90991,6.4,114,0,121.531547994803,25.0579399813517,121.53313299757,25.0579159728731,2016-05-06,"12_30"
"277",277,"ZN5JX60","民生東路  建國北路-松江路",45.382812,8.266667,145.5,0,121.536919039933,25.057858005413,121.53313299757,25.0579159728731,2016-05-06,"12_30"
"278",278,"ZN8PG20","民生東路  敦化北路-光復北路",33.766666,7,32.5,0,121.552123981625,25.0579729758179,121.555236965001,25.0582509892992,2016-05-06,"12_30"
"279",279,"ZN8PT60","民生東路  松江路-新生北路",37.65625,3.6,32.5,0,121.53313299757,25.0579159728731,121.530199965209,25.0579630368021,2016-05-06,"12_30"
"280",280,"ZN9PZ60","民生東路  三民路-光復北路",44.125,9.2,50,0,121.560520980176,25.0586280119212,121.5582810095,25.0584920009933,2016-05-06,"12_30"
"281",281,"ZNCRE20","民生東路  光復北路-三民路",46.129032,10.8,64,0,121.560520980176,25.0586280119212,121.563407019984,25.0588610281959,2016-05-06,"12_30"
"282",282,"ZQDLJ20","民族東路  松江路-復興北路",51.63158,2.9,39,0,121.536280012836,25.0681609592538,121.541008015539,25.0680809705608,2016-05-06,"12_30"
"283",283,"ZQEIH20","民族東路  中山北路-新生北路",45.608696,5.7,92,0,121.522870035759,25.0684350355759,121.525754004841,25.068351994266,2016-05-06,"12_30"
"284",284,"ZQEIV20","民族東路  松江路-新生北路",56.02,2.9,50.5,0,121.525754004841,25.068351994266,121.527845966731,25.0683090008077,2016-05-06,"12_30"
"285",285,"ZQEJF20","民族東路  新生北路-松江路",41.04054,4.9,74.5,1,121.527845966731,25.0683090008077,121.53046196583,25.0682630230775,2016-05-06,"12_30"
"286",286,"ZQEJY20","民族東路  復興北路-松江路",41.36111,3.4,37,0,121.53046196583,25.0682630230775,121.533306991068,25.0682079612344,2016-05-06,"12_30"
"287",287,"ZQFHC20","民族西路  中山北路-承德路",44.975,4.6,41,0,121.51841003728,25.0684950038011,121.519570012124,25.0685090049757,2016-05-06,"12_30"
"288",288,"ZQFHV20","民族西路  承德路-中山北路",45.398693,9.2,162.5,0,121.519570012124,25.0685090049757,121.522870035759,25.0684350355759,2016-05-06,"12_30"
"289",289,"ZQFHV60","民族東路  新生北路-中山北路",37.25,3.6,25,0,121.525754004841,25.068351994266,121.522870035759,25.0684350355759,2016-05-06,"12_30"
"290",290,"ZQGFY60","民族西路  承德路-環河北路",31.76923,14.6,59.5,1,121.515922954464,25.0685580163344,121.51373200123,25.0686110250405,2016-05-06,"12_30"
"291",291,"ZQGGJ20","民族西路  環河北路-承德路",40.77778,6.6,37.5,0,121.51373200123,25.0686110250405,121.515922954464,25.0685580163344,2016-05-06,"12_30"
"292",292,"ZNUNJ20","民權東路  復興北路-敦化北路",33.7594,7.0666666,133,0,121.547949042975,25.0618890047209,121.550771020132,25.0614809697749,2016-05-06,"12_30"
"293",293,"ZNUNJ60","民權東路 光復北路-敦化北路",69.26667,2.3333333,15.5,0,121.554579045723,25.0618819961467,121.550771020132,25.0614809697749,2016-05-06,"12_30"
"294",294,"ZNXPC20","民權東路  敦化北路-光復北路",47.108334,3.4,123,0,121.550771020132,25.0614809697749,121.554579045723,25.0618819961467,2016-05-06,"12_30"
"295",295,"ZNXPC60","民權東路  撫遠街-光復北路",58.33735,3.9333336,84.5,0,121.559160048094,25.0622719808216,121.554579045723,25.0618819961467,2016-05-06,"12_30"
"296",296,"ZNZM920","民權東路  建國北路-復興北路",45.08889,4.1,45,0,121.540832956369,25.0621860248392,121.544232992862,25.062200957326,2016-05-06,"12_30"
"297",297,"ZNZM960","民權東路  光復北路-敦化北路",48.172413,4.25,87,0,121.54665001827,25.0619299949912,121.544232992862,25.062200957326,2016-05-06,"12_30"
"298",298,"ZP5KR20","民權東路  松江路-建國北路",32.833332,10.7,78.5,0,121.533203037377,25.062466042796,121.537017999938,25.0623710424569,2016-05-06,"12_30"
"299",299,"ZP5KR60","民權東路  松江路-建國北路",44.857143,3,8,0,121.540832956369,25.0621860248392,121.537017999938,25.0623710424569,2016-05-06,"12_30"
"300",300,"ZP5QG20","民權東路  光復北路-撫遠街",45.2449,3.5333335,98,0,121.559160048094,25.0622719808216,121.560171962386,25.0624119833773,2016-05-06,"12_30"
"301",301,"ZP6IG60","民權東路  中山北路-新生北路",61.953487,50,44.5,0,121.527752013645,25.0626210276048,121.525630951348,25.0626739621405,2016-05-06,"12_30"
"302",302,"ZP6IV60","民權東路  松江路-新生北路",41.560608,14,70.5,0,121.53029899333,25.0625490279007,121.527752013645,25.0626210276048,2016-05-06,"12_30"
"303",303,"ZP6JY20","民權東路  新生北路-松江路",48.157894,7,103,0,121.53029899333,25.0625490279007,121.533203037377,25.062466042796,2016-05-06,"12_30"
"304",304,"ZP6JY60","民權東路  建國北路-松江路",51.285713,4.5,55,0,121.537017999938,25.0623710424569,121.533203037377,25.062466042796,2016-05-06,"12_30"
"305",305,"ZP8GI20","民權西路        　大龍街(往東)",43.57798,5.6,128.5,0,121.516163984285,25.0598450024429,121.515958038642,25.0629250128546,2016-05-06,"12_30"
"306",306,"ZQEUU60","民權東路  瑞光路-撫遠街",50.506023,8.8,87,0,121.584317046042,25.0687650163875,121.582500003105,25.0682489842762,2016-05-06,"12_30"
"307",307,"ZQKVX60","民權東往西　成功路-瑞光路",46.756096,8.7,89,0,121.590899033537,25.0689469699906,121.5878369866,25.0690490446365,2016-05-06,"12_30"
"308",308,"ZQKWL20","民權東往東  瑞光路-成功路",55.833332,0.625,6,0,121.5878369866,25.0690490446365,121.590899033537,25.0689469699906,2016-05-06,"12_30"
"309",309,"ZQKWL60","民權東路  民權隧道-成功路",29,1,3,1,121.578835034172,25.0561200135216,121.590899033537,25.0689469699906,2016-05-06,"12_30"
"310",310,"ZQUWI20","民權東路  成功路-民權隧道",52.23077,3.5,13,0,121.590899033537,25.0689469699906,121.595239042545,25.0685590338722,2016-05-06,"12_30"
"311",311,"ZKDTY20","永吉路    基隆路-松山路",19.555555,69,59.5,2,121.577000980946,25.0454469963599,121.57779395367,25.045417010901,2016-05-06,"12_30"
"312",312,"ZKESJ10","永吉路    松山路-基隆路",45.190475,9,44,0,121.569048972781,25.0445750447065,121.57034304881,25.0456269949513,2016-05-06,"12_30"
"313",313,"Z3UNW00","仰德大道三段    陽明山國小(往北)",76.36364,7.4,66,0,121.548889955492,25.1106999832386,121.551666997229,25.1175510283918,2016-05-06,"12_30"
"314",314,"Z7HMH00","仰德大道四段　格致中學(往北)",37.151516,7,35,1,121.552832971224,25.1189279642201,121.545848991172,25.1338050273114,2016-05-06,"12_30"
"315",315,"ZXSLB20","仰德大道二段　2巷(嶺頭山莊)(往東)",47.56,3.6,25.5,0,121.537158956528,25.1060750183634,121.539758042194,25.1018589858249,2016-05-06,"12_30"
"316",316,"ZHEPV00","光復南路 基隆路-信義路",44.216217,3.1,37,0,121.557395974638,25.0293889718943,121.557448026394,25.0321149827166,2016-05-06,"12_30"
"317",317,"ZHEPV40","舊宗路一段南京六行善(往北)",41.775864,2.9,80.5,0,121.557472029698,25.0330630202679,121.557448026394,25.0321149827166,2016-05-06,"12_30"
"318",318,"ZHKPV40","光復南路 仁愛路-信義路",34.768116,5.1,71.5,0,121.557521953655,25.0353829553836,121.557472029698,25.0330630202679,2016-05-06,"12_30"
"319",319,"ZIKPW00","仁愛路　光復南(往北)",25.967741,23,108.5,1,121.557521953655,25.0353829553836,121.557582024175,25.0376670102663,2016-05-06,"12_30"
"320",320,"ZJFPW00","光復南路 仁愛路-忠孝東路",42.57317,2.6666667,83,0,121.557619023949,25.0393190063412,121.557657972539,25.0413139705787,2016-05-06,"12_30"
"321",321,"ZJFPW40","光復南路   市民大道-忠孝東路",31.346153,7,54.5,1,121.557817980928,25.0481839882944,121.557657972539,25.0413139705787,2016-05-06,"12_30"
"322",322,"ZKAPX00","光復南路  忠孝東路-市民大道",48.16,2,25.5,0,121.557657972539,25.0413139705787,121.55778403127,25.045105009154,2016-05-06,"12_30"
"323",323,"ZKAPX40","光復南路  八德路-市民大道",38.141304,16.6,138,0,121.557800985264,25.0466399849394,121.55778403127,25.045105009154,2016-05-06,"12_30"
"324",324,"ZKLPX00","光復南路  市民大道-八德路",38.97222,12.3,108,0,121.55778403127,25.045105009154,121.557800985264,25.0466399849394,2016-05-06,"12_30"
"325",325,"ZKWPX40","光復北路  南京東路-八德路",22.8,11.75,53.5,1,121.557308017462,25.0515439744428,121.557817980928,25.0481839882944,2016-05-06,"12_30"
"326",326,"ZL7PX00","光復北路  八德路-南京東路",15.2,8,26.5,2,121.557817980928,25.0481839882944,121.557842010172,25.0491139674837,2016-05-06,"12_30"
"327",327,"ZLNPU40","光復北路  健康路-南京東路",30.222221,7.3,46.5,0,121.556594046076,25.0536500051492,121.557308017462,25.0515439744428,2016-05-06,"12_30"
"328",328,"ZM7PP00","光復北路  南京東路-健康路",35.258064,4.8,31,0,121.557308017462,25.0515439744428,121.556594046076,25.0536500051492,2016-05-06,"12_30"
"329",329,"ZM7PP40","光復北路  民生東路-健康路",30.931034,9,32,0,121.555604029826,25.0562180368435,121.556594046076,25.0536500051492,2016-05-06,"12_30"
"330",330,"ZN8PG00","光復北路  健康路-民生東路",30.345455,15,57,0,121.555604029826,25.0562180368435,121.555236965001,25.0582509892992,2016-05-06,"12_30"
"331",331,"ZN8PG40","光復北路  民權東路-民生東路",32.86207,7.2,31,1,121.554579045723,25.0618819961467,121.555236965001,25.0582509892992,2016-05-06,"12_30"
"332",332,"ZNXPC00","光復北路  民生東路-民權東路",41.541668,4.4,24.5,0,121.555236965001,25.0582509892992,121.554579045723,25.0618819961467,2016-05-06,"12_30"
"333",333,"ZLAJE40","吉林路    南京東路-長安東路",36.214287,6.2,29,0,121.530049017891,25.0504970028238,121.530034960641,25.0496940059509,2016-05-06,"12_30"
"334",334,"ZLRJE00","吉林路    長安東路-南京東路",32,3.75,12,1,121.52960297329,25.048152016889,121.530084993618,25.0520410356862,2016-05-06,"12_30"
"335",335,"ZLRJE40","吉林路  民生東路-南京東路",36.9375,8.2,33.5,0,121.530112024283,25.0536480257702,121.530084993618,25.0520410356862,2016-05-06,"12_30"
"336",336,"ZMEJE00","吉林路    南京東路-民生東路",38.26829,7.6,42,0,121.530112024283,25.0536480257702,121.53013697346,25.0548400027191,2016-05-06,"12_30"
"337",337,"ZMDXF00","向陽路    忠孝西路-南港路",46.5,2,2.5,0,121.595162952223,25.0527879741906,121.594851975867,25.0541070376211,2016-05-06,"12_30"
"338",338,"ZMLXB00","向陽路    重陽路-新明路",61.06,3.5,51.5,0,121.594905003222,25.0548470311376,121.594135048916,25.0555719922456,2016-05-06,"12_30"
"339",339,"ZFNNH40","安和路    樂利路-和平東路",19.396227,30.2,66.5,1,121.549828991591,25.0280270129986,121.550318964963,25.0244679550359,2016-05-06,"12_30"
"340",340,"ZGNNK40","安和路    信義路-樂利街",31.47826,9,24,0,121.551611046257,25.0297450439059,121.550794959106,25.0290159835927,2016-05-06,"12_30"
"341",341,"ZHLNV00","安和路    樂利街-信義路",33.705883,4.5,17.5,0,121.552432042233,25.0317009965039,121.552467960776,25.0331719873244,2016-05-06,"12_30"
"342",342,"ZHLNV40","安和路    仁愛路-信義路",34.064518,7.6,34,0,121.552527965838,25.035330014608,121.552467960776,25.0331719873244,2016-05-06,"12_30"
"343",343,"ZIMNN00","安和路    信義路-仁愛路",41.75,3,16,0,121.552501995633,25.0361689992417,121.551775004519,25.0377789671945,2016-05-06,"12_30"
"344",344,"ZJGMT00","安和路    仁愛路-敦化南路",42.454544,1.5,11,0,121.546144043555,25.0415559881941,121.54718403224,25.0415430434721,2016-05-06,"12_30"
"345",345,"ZQ6WK40","成功路    民權東路-南京東路",44.126865,11.7,139.5,0,121.590703951387,25.067539018744,121.590850032986,25.0628439710575,2016-05-06,"12_30"
"346",346,"ZQKWL00","成功路    南京東路-民權東路",41.229885,8.9,94,0,121.590518979189,25.0660680113132,121.590899033537,25.0689469699906,2016-05-06,"12_30"
"347",347,"ZQKWL40","成功路    民權東路-陽光街",45.48611,6.6,77.5,0,121.590448033929,25.0699599893922,121.590899033537,25.0689469699906,2016-05-06,"12_30"
"348",348,"ZJPEI60","成都路    中華路-康定路",41.434784,7.6,74.5,0,121.507587971462,25.042359975048,121.505934044635,25.0427360392706,2016-05-06,"12_30"
"349",349,"ZJUDT20","成都　　康定路(往東)",34.45098,4.5,52.5,0,121.491488965562,25.0486350135639,121.502626999904,25.0435240419137,2016-05-06,"12_30"
"350",350,"Z3ZT820","至善路    中社路-產業道路",56,1,2,0,121.56567803258,25.1131100094587,121.573992032337,25.1163199945961,2016-05-06,"12_30"
"351",351,"ZWRLS20","至善路    福林路-故宮路",59.26744,5.1666665,95.5,0,121.539927017509,25.0973710017973,121.542305981721,25.0971909722556,2016-05-06,"12_30"
"352",352,"ZWXMM60","至善路    至善路-故宮路",40.73077,4.2,27,0,121.550250990901,25.1002949696846,121.546524026218,25.0981420294763,2016-05-06,"12_30"
"353",353,"ZX9KL60","福林路    雨農路-至善路",61.411766,3.5,86.5,0,121.539927017509,25.0973710017973,121.536465021284,25.0992169702622,2016-05-06,"12_30"
"354",354,"ZXWNW20","至善路    故宮路-至善路",38.266666,6.6,31,0,121.550250990901,25.1002949696846,121.552876962193,25.1022530355286,2016-05-06,"12_30"
"355",355,"ZZKPR20","至善路    至善路-中社路",46.95,3,20,0,121.557462985376,25.1076619562863,121.557154982438,25.1098199874148,2016-05-06,"12_30"
"356",356,"ZFWBS00","光復橋(往北)",51.80488,1.8,41,0,121.49086798313,25.0244600211102,121.492498025584,25.0258449627048,2016-05-06,"12_30"
"357",357,"ZGKCG40","西園路    和平西路-西藏路",29.292683,2.5333333,42,0,121.49632003092,25.0301110424846,121.495630982185,25.0286869877743,2016-05-06,"12_30"
"358",358,"ZHZD800","西園路    西藏路-和平西路",35,2,26,0,121.496789992364,25.0310400013737,121.499313966025,25.0352559817825,2016-05-06,"12_30"
"359",359,"ZJPEI40","西寧南路  峨嵋街-內江街",38.40625,2.7,32,0,121.506196015376,25.0436650415371,121.505934044635,25.0427360392706,2016-05-06,"12_30"
"360",360,"ZKJEP40","西寧北路  忠孝西路-峨嵋街",27.588236,2.875,17,0,121.507321980866,25.0475609785168,121.507029990711,25.0465419809687,2016-05-06,"12_30"
"361",361,"ZGKCG20","西藏路    艋舺大道-西園路",27,1,7,1,121.495352031791,25.0282639566907,121.495630982185,25.0286869877743,2016-05-06,"12_30"
"362",362,"ZGKCG60","西藏路    萬大路-西園路",53.47059,1.1,17,0,121.4991810355,25.0293430084573,121.495630982185,25.0286869877743,2016-05-06,"12_30"
"363",363,"ZGQDF20","西藏路    西園路-萬大路",52.208332,1.75,24.5,0,121.4991810355,25.0293430084573,121.500537976666,25.0293929749052,2016-05-06,"12_30"
"364",364,"ZGUEI60","西藏路    汀洲路-中華路",32.2,2,5,0,121.507211962894,25.0306430435373,121.504117977474,25.0299949685813,2016-05-06,"12_30"
"365",365,"ZGYER20","西藏路    中華路-汀州路",35,3,6,0,121.504117977474,25.0299949685813,121.507211962894,25.0306430435373,2016-05-06,"12_30"
"366",366,"Z1CPB00","辛亥路    木新路-光輝路",39.773586,11.8,59.5,0,121.553863985992,24.979864968356,121.554027961826,24.9832139755255,2016-05-06,"12_30"
"367",367,"Z1CPB40","辛亥路    光輝路-木新路",45.25926,5.75,27.5,0,121.554193981955,24.9848290313096,121.554027961826,24.9832139755255,2016-05-06,"12_30"
"368",368,"Z1HPC00","辛亥路    光輝路-懷恩隧道",43.909092,2,11.5,0,121.554027961826,24.9832139755255,121.554193981955,24.9848290313096,2016-05-06,"12_30"
"369",369,"Z1SNV00","辛亥路    懷恩隧道-光輝路",48.677418,5,31.5,0,121.554193981955,24.9848290313096,121.552345039233,24.9877980335106,2016-05-06,"12_30"
"370",370,"ZAGPE40","辛亥路    懷恩隧道-興隆路",54.68182,2.2,22,0,121.556817970959,25.0045190313385,121.554592045127,25.0008260047598,2016-05-06,"12_30"
"371",371,"ZB5PL00","辛亥路    興隆路-萬美街",51.51064,6.8,47,0,121.556817970959,25.0045190313385,121.558152990685,25.0060670412361,2016-05-06,"12_30"
"372",372,"ZB5PL40","辛亥路    萬美街-興隆路",46.673912,7.6,47.5,0,121.558541952787,25.0066609840938,121.558152990685,25.0060670412361,2016-05-06,"12_30"
"373",373,"ZB5PL60","辛亥路    辛亥隧道-萬美街",46.333332,5.8,36,0,121.558541952787,25.0066609840938,121.558152990685,25.0060670412361,2016-05-06,"12_30"
"374",374,"ZBQP700","辛亥路    萬美街-辛亥隧道",42.6,5.2,30,0,121.558152990685,25.0060670412361,121.558541952787,25.0066609840938,2016-05-06,"12_30"
"375",375,"ZDYN960","辛亥路    基隆路-辛亥隧道",53.478874,5,72,0,121.550875961883,25.018326973487,121.549057016913,25.0170070234282,2016-05-06,"12_30"
"376",376,"ZEFMN20","辛亥路    基隆路-復興南路",42.79747,8.3,85,0,121.543358978541,25.0212439864241,121.546649048669,25.0191459845886,2016-05-06,"12_30"
"377",377,"ZEFMN60","辛亥路    辛亥隧道-基隆路",42.7451,1.7333333,54.5,1,121.549057016913,25.0170070234282,121.546649048669,25.0191459845886,2016-05-06,"12_30"
"378",378,"ZEWM520","辛亥路    復興南路-建國南路",55.898552,5.6,103.5,0,121.541079986254,25.0213150435746,121.543358978541,25.0212439864241,2016-05-06,"12_30"
"379",379,"ZF9KB20","辛亥路    汀州路-建國南路",37.666668,4,36,0,121.531857969838,25.0218990356169,121.534426045252,25.0223860105166,2016-05-06,"12_30"
"380",380,"ZF9KB60","辛亥路    建國南路-汀州路",39.555557,3.4166665,46,0,121.537576990046,25.0222670349586,121.534426045252,25.0223860105166,2016-05-06,"12_30"
"381",381,"ZF9KW60","辛亥路    復興南路-建國南路",49.923077,3.4666667,66,0,121.543358978541,25.0212439864241,121.537576990046,25.0222670349586,2016-05-06,"12_30"
"382",382,"ZEUPN60","和平東路  臥龍街-基隆路",35.545456,2.5,33,0,121.557560005957,25.0196380340218,121.556513993491,25.0205809639847,2016-05-06,"12_30"
"383",383,"ZEZPT20","和平東路  基隆路-臥龍街",32.86207,3.4,31.5,0,121.55464904923,25.0223849731817,121.555546993352,25.0215150147704,2016-05-06,"12_30"
"384",384,"ZFPMQ20","和平東路  復興南路-基隆路",41.263157,8,85,0,121.543424023128,25.0248549855301,121.546683031722,25.0246709606404,2016-05-06,"12_30"
"385",385,"ZFQM660","和平東路  基隆路-復興南路",36.154545,12.4,117.5,0,121.546683031722,25.0246709606404,121.543424023128,25.0248549855301,2016-05-06,"12_30"
"386",386,"ZFTLH60","和平東路  復興南路-新生南路",44.885715,6.1333337,108,0,121.537671024771,25.0256339943513,121.538838961141,25.0254760168588,2016-05-06,"12_30"
"387",387,"ZFYKD20","和平西路  師大路-新生南路",49.29646,13.266665,250,0,121.533620018857,25.0261720409252,121.534867967877,25.0260230159196,2016-05-06,"12_30"
"388",388,"ZFZK620","和平東路  羅斯福路-師大路",42.756096,5.133333,83.5,0,121.531599953592,25.0263149712506,121.533620018857,25.0261720409252,2016-05-06,"12_30"
"389",389,"ZG6J520","和平西路  新生南路-師大路",47.79856,8.866667,159.5,0,121.525913962462,25.0267859703791,121.528519039679,25.0265699870944,2016-05-06,"12_30"
"390",390,"ZG8IK60","和平西路  重慶南路-羅斯福路",43.6,1,10,0,121.528519039679,25.0265699870944,121.525913962462,25.0267859703791,2016-05-06,"12_30"
"391",391,"ZG9HT60","和平東路  師大路-羅斯福路",49.7027,1.0666666,37,0,121.523912978148,25.0269469657233,121.522427026731,25.027032997263,2016-05-06,"12_30"
"392",392,"ZGBGJ60","和平西路  羅斯福路-重慶南路",41.71875,4.6,64,0,121.517986992022,25.0267239754063,121.515957978162,25.0272459956899,2016-05-06,"12_30"
"393",393,"ZGMFQ20","和平西路  南海路-重慶南路",41.923077,4.3,52,0,121.509164048097,25.030545997559,121.512031024664,25.0290380232257,2016-05-06,"12_30"
"394",394,"ZGXF860","和平西路  重慶南路-南海路",43.783783,2.1,37,0,121.512031024664,25.0290380232257,121.509164048097,25.030545997559,2016-05-06,"12_30"
"395",395,"ZHHEF20","和平西路  南海路-中華路",42.711113,4,47.5,0,121.504857003723,25.0337749705175,121.505301004035,25.03340303799,2016-05-06,"12_30"
"396",396,"ZHZC820","和平西路  中華路-水源路",51.06383,4,52.5,0,121.491524963513,25.0354639551665,121.494408993903,25.0354079836009,2016-05-06,"12_30"
"397",397,"ZHZDJ20","和平西路  環河南路-中華路",40.794872,5.1,51,0,121.499313966025,25.0352559817825,121.501225987764,25.0352050366073,2016-05-06,"12_30"
"398",398,"ZISCI20","華江橋(往東)",68.78571,1.4,15,0,121.49086798313,25.0244600211102,121.496048048653,25.0388149699351,2016-05-06,"12_30"
"399",399,"ZJCTT20","忠孝東路  松信路-松山路",24.12245,7.2,50,1,121.575325038745,25.0408320443226,121.576929974667,25.0407980148635,2016-05-06,"12_30"
"400",400,"ZJCTT60","忠孝東路  松山路-松信路",35.38372,5.9333334,88.5,1,121.577831967601,25.0407769954083,121.576929974667,25.0407980148635,2016-05-06,"12_30"
"401",401,"ZJDST20","忠孝東路 松仁路-松信路",44.11111,2.7333333,46,0,121.570191965881,25.0409869811321,121.571935956922,25.0409349574797,2016-05-06,"12_30"
"402",402,"ZJERC20","忠孝東　基隆路(往東)",39.419353,10.5,100,1,121.562730957348,25.0411869587421,121.564464988337,25.041143998202,2016-05-06,"12_30"
"403",403,"ZJERC60","忠孝東路往西 松仁路-基隆路",43.39706,2.7999997,70.5,0,121.568686003029,25.0410379832092,121.564464988337,25.041143998202,2016-05-06,"12_30"
"404",404,"ZJES820","忠孝東路往東 基隆路-松仁路",45.157303,3.1333334,92.5,0,121.564464988337,25.041143998202,121.568686003029,25.0410379832092,2016-05-06,"12_30"
"405",405,"ZJFQQ60","忠孝東路  基隆路-逸仙路",31.075949,10.4,83.5,1,121.562730957348,25.0411869587421,121.561582048975,25.0412180286531,2016-05-06,"12_30"
"406",406,"ZJGNK60","忠孝四段170往西",49.465,5.75,207.5,0,121.552971038,25.0414130111333,121.550770978706,25.0414659619593,2016-05-06,"12_30"
"407",407,"ZJGPC20","忠孝東路　延吉往東",52.79221,2.6,81,0,121.552971038,25.0414130111333,121.554487045962,25.0413890343382,2016-05-06,"12_30"
"408",408,"ZJHKR20","忠孝東路  復興北路-建國南路",63.752,3.3333333,127,0,121.532867951087,25.0422989956186,121.537077016111,25.0417060435019,2016-05-06,"12_30"
"409",409,"ZJHM720","忠孝東路  建國南路-復興北路",23.612782,32.86667,277,1,121.541634979028,25.0416349682104,121.543765995297,25.0416090380889,2016-05-06,"12_30"
"410",410,"ZJHML20","忠孝東路  復興南路-大安路",48.30682,8.866667,178,0,121.543765995297,25.0416090380889,121.546144043555,25.0415559881941,2016-05-06,"12_30"
"411",411,"ZJHML60","忠孝東路  敦化南路-大安路",48.957447,7.2666664,142.5,0,121.54718403224,25.0415430434721,121.546144043555,25.0415559881941,2016-05-06,"12_30"
"412",412,"ZJTJ820","忠孝東路  杭州北路-中山北路",45.426666,6.4,150,0,121.526849011636,25.0439449738104,121.529006971227,25.0433510221623,2016-05-06,"12_30"
"413",413,"ZJXIQ20","忠孝東路  林森北路-杭州北路",48.492752,2.4,73,0,121.525107021695,25.0443669744632,121.526849011636,25.0439449738104,2016-05-06,"12_30"
"414",414,"ZK5IE20","忠孝東路  八德路-林森北路",41.522728,3.3333335,89,0,121.523344996927,25.044788032304,121.525107021695,25.0443669744632,2016-05-06,"12_30"
"415",415,"ZK8HY20","忠孝東路  館前路-林森北路",35.393547,23.666666,170,0,121.521632042379,25.0451920145688,121.523344996927,25.044788032304,2016-05-06,"12_30"
"416",416,"ZKAHN20","忠孝東路  林森北路-館前路",41.791836,3.3333333,260,0,121.519582972501,25.0456320015231,121.521632042379,25.0451920145688,2016-05-06,"12_30"
"417",417,"ZKCUX20","忠孝東路  東新街-中坡南路",39.9,5.9,70.5,1,121.581931038571,25.0441729612756,121.582718974582,25.0452810424302,2016-05-06,"12_30"
"418",418,"ZKVVH20","忠孝東路  中坡南路-東新街",50.39189,5.8,77,0,121.582718974582,25.0452810424302,121.585100032729,25.0479620345473,2016-05-06,"12_30"
"419",419,"ZKXET20","忠孝西路  環河北路-塔城街",43.63107,5.9333334,105.5,0,121.506503986656,25.0488909901789,121.507623047764,25.048616959465,2016-05-06,"12_30"
"420",420,"ZKXET60","忠孝西路  中華路-環河北路",45.616665,5,60.5,0,121.506758999056,25.0506060000321,121.507623047764,25.048616959465,2016-05-06,"12_30"
"421",421,"ZLEWS20","忠孝東路  東新街-向陽路",48.283783,5.3,76,0,121.589050998969,25.0492460032113,121.591322049175,25.0497339722126,2016-05-06,"12_30"
"422",422,"ZLEWS60","忠孝東路  向陽路-東新街",42.56923,6.6,68.5,0,121.575325038745,25.0408320443226,121.591322049175,25.0497339722126,2016-05-06,"12_30"
"423",423,"ZM64J20","忠孝東路  向陽路-研究院路",2,3.1,37.5,2,121.61261503992,25.0527349841585,121.615243008538,25.0530400109657,2016-05-06,"12_30"
"424",424,"ZM64J60","忠孝東路  研究院路-向陽路",63.5,5.1,72.5,1,121.61629396121,25.053161955416,121.615243008538,25.0530400109657,2016-05-06,"12_30"
"425",425,"Z37JI40","忠誠路    天母東路-德行東路",54.07843,2.6666665,53,0,121.532934016338,25.1149020373679,121.531068977338,25.1124079749547,2016-05-06,"12_30"
"426",426,"Z4FKA00","忠誠路    德行東路-天母東路",46.177776,5.3999996,95.5,0,121.532934016338,25.1149020373679,121.53466299808,25.1180829630573,2016-05-06,"12_30"
"427",427,"ZZAJE00","忠誠路  忠義街-德行東路",57.409637,3.6,83.5,0,121.528898012559,25.1055090420039,121.530318019165,25.1083749664506,2016-05-06,"12_30"
"428",428,"ZZAJE60","忠誠路    中山北路-忠義街",26.057142,11.2,38,1,121.535907038271,25.1100249627925,121.530318019165,25.1083749664506,2016-05-06,"12_30"
"429",429,"Z3MER00","承德路    文林北路-吉利街",48.17284,4.6666665,82.5,0,121.50923497412,25.1124480055163,121.507130965865,25.1143699686909,2016-05-06,"12_30"
"430",430,"Z4VDD40","承德路    文林北路-基河路",60.8374,3.5,127.5,0,121.51136898907,25.1105090269283,121.511873979864,25.105577986075,2016-05-06,"12_30"
"431",431,"ZLIGO40","承德路    南京西路-市民大道",43.56,3.7333336,56.5,0,121.517691970298,25.0532490075265,121.517028000562,25.050877024964,2016-05-06,"12_30"
"432",432,"ZLYGU00","承德路    市民大道-南京西路",49.76,1.7333332,51,0,121.517028000562,25.050877024964,121.517691970298,25.0532490075265,2016-05-06,"12_30"
"433",433,"ZMQGX40","承德路    民生西路-南京西路",62.77778,0.5555556,9.5,0,121.51817497086,25.0573370422045,121.518144022001,25.0547379670373,2016-05-06,"12_30"
"434",434,"ZMWGW00","承德路    南京西路-民生西路",44.857143,2.0833333,37,0,121.518144022001,25.0547379670373,121.51817497086,25.0573370422045,2016-05-06,"12_30"
"435",435,"ZMWGW40","承德路民生西路往南",46.98901,3.4,97,0,121.518217038202,25.0601989750841,121.51817497086,25.0573370422045,2016-05-06,"12_30"
"436",436,"ZP8GX00","承德路    民生西路-民權西路",32.02479,11.466665,134.5,0,121.518217038202,25.0601989750841,121.518278034,25.0628709805022,2016-05-06,"12_30"
"437",437,"ZP8GX40","承德路    民族西路-民權西路",69.57143,1.2666667,44.5,0,121.518329979386,25.0658410329101,121.518278034,25.0628709805022,2016-05-06,"12_30"
"438",438,"ZQFGY00","承德路    民權西路-民族西路",55.104652,5.9333334,96,0,121.518329979386,25.0658410329101,121.51841003728,25.0684950038011,2016-05-06,"12_30"
"439",439,"ZR8GZ40","承德路    劍潭路-民族西路",48.57143,2.3333333,44,0,121.519132992345,25.0730250139216,121.51860298358,25.0718979983684,2016-05-06,"12_30"
"440",440,"ZRTHD00","承德路    民族東路-劍潭路",50.350876,3.8666668,57,0,121.519132992345,25.0730250139216,121.520142954438,25.075179002518,2016-05-06,"12_30"
"441",441,"ZV7GX00","承德路    中正路-劍潭路",36.1,10.6,73.5,0,121.521558963159,25.0888150438412,121.518350989573,25.0897839795481,2016-05-06,"12_30"
"442",442,"ZVCGQ40","承德路    大業路-吉利街",53.322315,6.0666666,132,0,121.5014999737,25.1194989799831,121.503336993095,25.1178130018371,2016-05-06,"12_30"
"443",443,"ZVEGK00","承德路    劍潭路-中正路",47.805557,2.7333333,72.5,0,121.518350989573,25.0897839795481,121.516491996487,25.0910000387343,2016-05-06,"12_30"
"444",444,"ZVVGB40","承德路    基河路-中正路",44.158333,4.65,123,1,121.514055017166,25.0959740116679,121.515635003385,25.092103988547,2016-05-06,"12_30"
"445",445,"ZJQEB00","昆明街    成都路-忠孝西路",39.708332,2.1,24,0,121.504532045206,25.041495018513,121.504825008811,25.0430019877903,2016-05-06,"12_30"
"446",446,"ZSEMV60","明水路    樂群一路-大直橋",57.072918,6.4,99,0,121.549573022597,25.0772759751444,121.547689985538,25.0774089666611,2016-05-06,"12_30"
"447",447,"ZSGLN60","明水路    大直橋-北安路",58.13793,4,30,0,121.544389033262,25.0773219827372,121.541635006388,25.0776029893899,2016-05-06,"12_30"
"448",448,"ZT9NN00","明水路    北安路-樂群一路",44.14035,6.6,60,0,121.552044033409,25.0799839674544,121.551448019389,25.0818549822257,2016-05-06,"12_30"
"449",449,"ZHFHV00","杭州南路  羅斯福路-愛國東路",38.076923,10.3,88.5,0,121.522002025786,25.0295359980159,121.522274983141,25.0308619897926,2016-05-06,"12_30"
"450",450,"ZI6I900","杭州南路  愛國東路-信義路",46.300972,5.6,106.5,0,121.52675898022,25.0342589664573,121.524326005961,25.035441042185,2016-05-06,"12_30"
"451",451,"ZIPIF00","杭州南路  信義路-仁愛路",38.340908,4.8,47,0,121.524326005961,25.035441042185,121.525200027068,25.0382819856299,2016-05-06,"12_30"
"452",452,"ZJGIK00","杭州南路  仁愛路-忠孝東路",43.48387,5.7,63.5,0,121.525743009547,25.0401489702973,121.52615501421,25.0415549907144,2016-05-06,"12_30"
"453",453,"ZIGHK40","信義路　林森南(往南)",29.84091,11.5,91,0,121.521595040537,25.0387639638472,121.521081991794,25.0370229803464,2016-05-06,"12_30"
"454",454,"ZJCHS40","林森南路  忠孝東路-仁愛路",52.34884,2.8666666,87,0,121.522650962936,25.0423980324317,121.522239033265,25.0410010298098,2016-05-06,"12_30"
"455",455,"ZJMHU00","林森南路  仁愛路-忠孝東路",32.5,6.7,54.5,0,121.522239033265,25.0410010298098,121.522650962936,25.0423980324317,2016-05-06,"12_30"
"456",456,"ZK8HY40","林森北路  長安東路-忠孝東路",32.095238,2.2,22.5,0,121.523806986935,25.0463219909129,121.523344996927,25.044788032304,2016-05-06,"12_30"
"457",457,"ZKII640","林森北路  忠孝東路-長安東路",36.75,0.8,12,0,121.524572008387,25.0491270245344,121.523806986935,25.0463219909129,2016-05-06,"12_30"
"458",458,"ZLRIF40","林森北路  長春路-長安東路",30.578314,16.5,100.5,0,121.525458978715,25.0549099825207,121.525377993726,25.0520939617721,2016-05-06,"12_30"
"459",459,"ZMFIG00","林森北路  長安東路-長春路",24,0,6,0,121.525377993726,25.0520939617721,121.525458978715,25.0549099825207,2016-05-06,"12_30"
"460",460,"ZN5IG00","林森北路  長春路-民生東路",27.486486,12,44,0,121.525458978715,25.0549099825207,121.525521993862,25.058043041147,2016-05-06,"12_30"
"461",461,"ZNKIG00","林森北路  民生東路-民權東路",42.13793,18,86.5,0,121.525521993862,25.058043041147,121.52557102941,25.0602910365096,2016-05-06,"12_30"
"462",462,"ZNKIG40","林森北路  民權東路-民生東路",29.133333,4.2,31,0,121.525606990661,25.0616809601453,121.52557102941,25.0602910365096,2016-05-06,"12_30"
"463",463,"ZPYIH00","林森北路  民權東路-民族東路",33,11,47.5,0,121.525690048067,25.0648859887343,121.525707967089,25.0666460353804,2016-05-06,"12_30"
"464",464,"ZPYIH40","林森北路  民族東路-民權東路",28.125,6,41,0,121.525754004841,25.068351994266,121.525707967089,25.0666460353804,2016-05-06,"12_30"
"465",465,"ZMEJW40","松江路    民生東路-南京東路",39.409092,2.7333336,46.5,0,121.53313299757,25.0579159728731,121.533070031058,25.0547930311624,2016-05-06,"12_30"
"466",466,"ZN5JX00","松江路    南京東路-民生東路",33.71212,14.9,77.5,0,121.533070031058,25.0547930311624,121.53313299757,25.0579159728731,2016-05-06,"12_30"
"467",467,"ZN5JX40","松江路  民權東路-民生東路",53.658825,5.1,98.5,0,121.533173047141,25.0602999587837,121.53313299757,25.0579159728731,2016-05-06,"12_30"
"468",468,"ZNLJX20","松江路    民生東路-民權東路",54.101696,4.5,63.5,0,121.534847955769,25.0602940260267,121.533173047141,25.0602999587837,2016-05-06,"12_30"
"469",469,"ZP6JY40","松江路    民生東路-民權東路",45.66102,3.6,65.5,0,121.533241968318,25.0647050407117,121.533203037377,25.062466042796,2016-05-06,"12_30"
"470",470,"ZQEJY00","松江路    民權東路-民族東路",35.95652,3.1333332,47.5,0,121.537017999938,25.0623710424569,121.533306991068,25.0682079612344,2016-05-06,"12_30"
"471",471,"ZDYJC00","金山南路  愛國東路-信義路",48.095238,1.4,21.5,0,121.526847003873,25.0316669589232,121.527272972601,25.0340489558628,2016-05-06,"12_30"
"472",472,"ZDYJC40","金山南路  仁愛路-信義路",43.644444,7.4,91.5,0,121.528340969147,25.0382519822543,121.527272972601,25.0340489558628,2016-05-06,"12_30"
"473",473,"ZG8IK40","金山南路  愛國東路-和平東路",40.017544,5.2,57.5,0,121.526308995626,25.0288699736331,121.525913962462,25.0267859703791,2016-05-06,"12_30"
"474",474,"ZHAIQ00","金山南路  和平東路-愛國東路",37.84127,6.8,65,0,121.526582976893,25.0301700427729,121.526847003873,25.0316669589232,2016-05-06,"12_30"
"475",475,"ZHAIQ40","金山南路  信義路-愛國東路",44.980392,5.3,52,0,121.527272972601,25.0340489558628,121.526847003873,25.0316669589232,2016-05-06,"12_30"
"476",476,"ZIXJ740","金山南路  忠孝東路-仁愛路",23.285715,52.9,71,1,121.529195013205,25.0408220379251,121.528753043802,25.0394610024343,2016-05-06,"12_30"
"477",477,"ZJBJ900","金山南路  仁愛路-忠孝東路",43.02222,5.6,91.5,0,121.528753043802,25.0394610024343,121.529195013205,25.0408220379251,2016-05-06,"12_30"
"478",478,"ZSQYA00","金湖路    民權東路-康寧路",36.896553,5,29.5,0,121.60152301582,25.0745739629973,121.599591004498,25.078978040163,2016-05-06,"12_30"
"479",479,"ZKVJB60","長安東路  林森北路-新生北路",0,11.6,63,2,121.5314569682,25.0484610170838,121.52960297329,25.048152016889,2016-05-06,"12_30"
"480",480,"ZL6IA60","長安東路  中山北路-林森北路",40.608696,9.2,48,0,121.528453029474,25.048237003662,121.524572008387,25.0491270245344,2016-05-06,"12_30"
"481",481,"ZLBHN20","長安西路  承德路-中山北路",34.875,6.2,40.5,0,121.517028000562,25.050877024964,121.521621966763,25.0498139771949,2016-05-06,"12_30"
"482",482,"ZLBHN60","長安東路  林森北路-中山北路",43.53125,5.6,33.5,0,121.522839965486,25.0495300052462,121.521621966763,25.0498139771949,2016-05-06,"12_30"
"483",483,"ZLGGY60","長安西路  中山北路-承德路",37.060608,4.4,34.5,0,121.519977995024,25.0501899826042,121.518394001597,25.0506200193959,2016-05-06,"12_30"
"484",484,"ZLIGO20","長安西路  重慶北路-承德路",30.413794,2.5,29,0,121.515453993572,25.0512350420078,121.517028000562,25.050877024964,2016-05-06,"12_30"
"485",485,"ZLKGF40","長安西路  承德路-重慶北路",23.433332,10,61.5,1,121.516127982904,25.0536160251129,121.515453993572,25.0512350420078,2016-05-06,"12_30"
"486",486,"ZLMG620","長安西路  環河北路-重慶北路",29.5,0.5,6,1,121.511868965836,25.0520420013174,121.513928993666,25.0515830323019,2016-05-06,"12_30"
"487",487,"ZLTEQ40","長安西路  重慶北路-環河北路",32.8,2.75,15.5,0,121.507476028548,25.0537090347304,121.507242000006,25.0524010319773,2016-05-06,"12_30"
"488",488,"ZMDL800","長春路    復興北路-建國北路",26.551723,6.2,29,0,121.539122001065,25.0561339717854,121.539075961259,25.0546719547361,2016-05-06,"12_30"
"489",489,"ZMDL820","長春路    新生北路-松江路",51.08108,5.2,38,0,121.536845962901,25.0547340197055,121.539075961259,25.0546719547361,2016-05-06,"12_30"
"490",490,"ZMDLH20","長春路    建國北路-復興北路",39.416668,9.8,50,0,121.539075961259,25.0546719547361,121.540503002328,25.0546399550223,2016-05-06,"12_30"
"491",491,"ZMEJE20","長春路    松江路-新生北路",16.21875,32.6,34,1,121.527560028847,25.0548669637719,121.53013697346,25.0548400027191,2016-05-06,"12_30"
"492",492,"ZMEKD00","長春路    建國北路-松江路",42.18421,7.6,40.5,0,121.534792956807,25.0520060131358,121.534823975309,25.0547690306678,2016-05-06,"12_30"
"493",493,"ZMFHU60","長春路    新生北路-中山北路",57,2,2,0,121.525458978715,25.0549099825207,121.522713974682,25.0549919835593,2016-05-06,"12_30"
"494",494,"ZMFIG20","長春路    中山北路-新生北路",28,8,6.5,0,121.522713974682,25.0549919835593,121.525458978715,25.0549099825207,2016-05-06,"12_30"
"495",495,"ZGYS640","松仁路往南   信義路-松平路",41.491524,3.1,59.5,0,121.56829704186,25.0318759992408,121.568310021885,25.0304130431246,2016-05-06,"12_30"
"496",496,"ZHXS600","信義路   松仁路-松德路",35.53425,6.533334,81,0,121.568291995067,25.0328239644553,121.56833098802,25.034792021521,2016-05-06,"12_30"
"497",497,"ZI9S600","松仁路住北   信義路-松壽路",39.688072,8.466667,125,0,121.568291995067,25.0328239644553,121.568354969459,25.0358029814327,2016-05-06,"12_30"
"498",498,"ZI9S640","松仁路往南 松高路-松壽路",34.84466,7.7333336,108,0,121.568439012417,25.0390520357679,121.568354969459,25.0358029814327,2016-05-06,"12_30"
"499",499,"ZJES800","松仁路往北 松高路-忠孝東路",43.136364,3.1333332,70.5,0,121.570191965881,25.0409869811321,121.568686003029,25.0410379832092,2016-05-06,"12_30"
"500",500,"ZI9R760","松壽路   松智路-市府路",24.243244,6.9333334,78.5,1,121.565462026286,25.0358500395745,121.563529047497,25.0358840150263,2016-05-06,"12_30"
"501",501,"ZI9RI20","松壽路往東 市府路-松智路",40.44737,4.5,40,0,121.561339958224,25.0359290444265,121.565462026286,25.0358500395745,2016-05-06,"12_30"
"502",502,"ZI9RW20","松壽路   松智路-松仁路",27.88,2.0666666,25.5,0,121.563529047497,25.0358840150263,121.567571981239,25.0358150020425,2016-05-06,"12_30"
"503",503,"ZIWR760","松高路往西   松仁路-市府路",20.15625,3.5333335,32.5,2,121.565526037298,25.0390909572895,121.563604049021,25.0391340109023,2016-05-06,"12_30"
"504",504,"ZI9RI40","松智路往南 松高路-松壽路",39.414288,4.7333336,79,0,121.565526037298,25.0390909572895,121.565462026286,25.0358500395745,2016-05-06,"12_30"
"505",505,"ZIWRJ00","松智路往北   松高路-松壽路",27.071428,7.6,95.5,1,121.565462026286,25.0358500395745,121.565526037298,25.0390909572895,2016-05-06,"12_30"
"506",506,"ZSM4D60","康湖路  康樂隧道住西",53.85294,1.5,25,0,121.62328997197,25.0782929587753,121.614297041317,25.0783040001469,2016-05-06,"12_30"
"507",507,"ZM010A0","復北地下道往北",62.677967,2.5,60,0,121.543293010912,25.0526770071354,121.543604042915,25.0502569816267,2016-05-06,"12_30"
"508",508,"ZM210E0","復北地下道往南",62.877697,7.7,162,0,121.543685015519,25.0507070048541,121.543639996839,25.0478700113867,2016-05-06,"12_30"
"509",509,"ZHJRJ60","信義路往西 松仁路-松智路",37.68889,4.2,53.5,1,121.568291995067,25.0328239644553,121.565399005848,25.0328889864399,2016-05-06,"12_30"
"510",510,"ZHJS620","信義路   松智路-松仁路",43.19355,1.6,31.5,0,121.565399005848,25.0328889864399,121.568291995067,25.0328239644553,2016-05-06,"12_30"
"511",511,"ZHKPV60","信義路   光復南路-基隆路",12.904762,9.416667,53.5,2,121.559572982138,25.0330190123501,121.557472029698,25.0330630202679,2016-05-06,"12_30"
"512",512,"ZHKQD60","信義路往西 松智路-基隆路",33.64706,7.8,34.5,0,121.561346000281,25.0329670051349,121.559572982138,25.0330190123501,2016-05-06,"12_30"
"513",513,"ZHKQP20","信義路   基隆路-松智路",41.238808,4.3,67,0,121.559572982138,25.0330190123501,121.561346000281,25.0329670051349,2016-05-06,"12_30"
"514",514,"ZHMML20","信義路四段  復興南路-大安路一段",27.714285,2.8,35.5,1,121.543589997887,25.0333580219207,121.545959009029,25.0333140381647,2016-05-06,"12_30"
"515",515,"ZHNJV20","信義路二段 金山南路一段-新生南路一段",29.377777,14.8,97.5,0,121.529966998193,25.0336970279168,121.532731042103,25.0335689678089,2016-05-06,"12_30"
"516",516,"ZIBHV20","信義路　紹興南(往東)",51.864864,1.4,37.5,0,121.521081991794,25.0370229803464,121.522743967498,25.0362140038064,2016-05-06,"12_30"
"517",517,"ZIGHK20","信義路　林森南(往東)",39.72,1.8,25.5,0,121.517742001752,25.0392739842801,121.521081991794,25.0370229803464,2016-05-06,"12_30"
"518",518,"ZLMR820","南京東　三民路(往東)",43.545456,3,12.5,0,121.560826031736,25.0514589603378,121.563808990757,25.0514019858846,2016-05-06,"12_30"
"519",519,"ZLRHT61","南京東路二段 林森北路- 中山北路一段",44.310345,30.8,124.5,0,121.525377993726,25.0520939617721,121.52257401473,25.0522299753826,2016-05-06,"12_30"
"520",520,"ZM6GJ00","南京西路  重慶北路-承德路",35.358974,6.625,40.5,0,121.515453993572,25.0512350420078,121.516127982904,25.0536160251129,2016-05-06,"12_30"
"521",521,"ZM7FI60","南京西路  西寧北路-重慶北路",42.733334,2.5,15.5,0,121.511757968972,25.0538570290277,121.511044004189,25.0538139857533,2016-05-06,"12_30"
"522",522,"ZM7FN60","南京西路  重慶北路-西寧北路",37.6,2.5,11,0,121.514345042521,25.0540280223188,121.511757968972,25.0538570290277,2016-05-06,"12_30"
"523",523,"ZM9QH20","健康路    光復北路-三民路",49.217392,1.7,25.5,0,121.558071018075,25.0537710361299,121.560480029864,25.0539610333122,2016-05-06,"12_30"
"524",524,"ZMBWS20","南港路    東新街-向陽路",70,1,1,0,121.589773975213,25.0533690260495,121.591869039514,25.0540739950209,2016-05-06,"12_30"
"525",525,"ZMH3J60","南港路惠民街往西",41.814285,8.5,74,0,121.613222967702,25.055304999313,121.610307022877,25.0549559812064,2016-05-06,"12_30"
"526",526,"ZFVKW40","建國南路  和平東路-信義路",48.54286,4.6,70.5,0,121.537804008446,25.0334790135061,121.537671024771,25.0256339943513,2016-05-06,"12_30"
"527",527,"ZGLKW40","建國北路  忠孝東路-長安東路",41,1,1.5,0,121.537804008446,25.0334790135061,121.537703955123,25.02875696332,2016-05-06,"12_30"
"528",528,"ZHMKW40","建國南路  信義路-和平東路",44.871796,2.1666667,39,0,121.537882966645,25.0380649934768,121.537804008446,25.0334790135061,2016-05-06,"12_30"
"529",529,"ZINKW00","建國南路  信義路-仁愛路",49,0.5,5,0,121.537804008446,25.0334790135061,121.537882966645,25.0380649934768,2016-05-06,"12_30"
"530",530,"ZINKW40","建國南路  仁愛路-信義路",69.51163,1,44.5,0,121.537077016111,25.0417060435019,121.537882966645,25.0380649934768,2016-05-06,"12_30"
"531",531,"ZJ7KV40","建國南路  仁愛路-忠孝東路",33.18667,9,78,0,121.537077016111,25.0417060435019,121.537714045008,25.0401419725629,2016-05-06,"12_30"
"532",532,"ZJHKR40","建國南路  忠孝東路-仁愛路",40.096153,3.4,52.5,0,121.53670903176,25.0483700001353,121.537077016111,25.0417060435019,2016-05-06,"12_30"
"533",533,"ZK7KP40","建國北路  長安東路-忠孝東路",22.4,4.5,7.5,1,121.536660023401,25.0460589913958,121.536654952605,25.044894027352,2016-05-06,"12_30"
"534",534,"ZLAKQ20","建國北路  長安東路-南京東路",24.73913,2.6666665,46.5,1,121.53670903176,25.0483700001353,121.536755027745,25.0496699659117,2016-05-06,"12_30"
"535",535,"ZLRKQ40","建國北路  南京東路-長安東路",43.92,2.3,50.5,0,121.536845962901,25.0547340197055,121.536785012301,25.0519810422149,2016-05-06,"12_30"
"536",536,"ZMEKQ40","建國北路  民生東路-南京東路",36.272728,11,23,0,121.537017999938,25.0623710424569,121.536845962901,25.0547340197055,2016-05-06,"12_30"
"537",537,"ZN5KR40","建國北路  民權東路-民生東路",68,1.625,37,0,121.536969049226,25.0602590163787,121.536919039933,25.057858005413,2016-05-06,"12_30"
"538",538,"ZNLKR60","建國北路  民生東路-民權東路",32.78448,7,118.5,0,121.536919039933,25.057858005413,121.536969049226,25.0602590163787,2016-05-06,"12_30"
"539",539,"ZP5KR40","建國北路  民權東路-民生東路",47.21875,2,33.5,0,121.533306991068,25.0682079612344,121.537017999938,25.0623710424569,2016-05-06,"12_30"
"540",540,"ZPLKP40","建國北路  民權東路-民族東路",45.97959,2.4,49,0,121.533306991068,25.0682079612344,121.536731988135,25.0648819646366,2016-05-06,"12_30"
"541",541,"ZDKJT00","思源街    永福橋-汀州路",61.875,3,9,0,121.536298988058,25.0109500438487,121.532225011006,25.0150820419637,2016-05-06,"12_30"
"542",542,"Z0UVS20","指南路三段      永興橋(往東)",24,2.5,3.5,1,121.58002702861,24.9850200340848,121.586386007339,24.9764449627281,2016-05-06,"12_30"
"543",543,"Z1IUI20","指南路    木新路-三段",20.102564,42.2,43.5,2,121.575850016972,24.9876089936322,121.58002702861,24.9850200340848,2016-05-06,"12_30"
"544",544,"ZHM3N40","研究院路  四段-三段",21,3.6,13,1,121.613304013734,25.0338629974488,121.610802951982,25.0330880416036,2016-05-06,"12_30"
"545",545,"ZJM4U00","研究院路  研究院路-舊莊路",30,4.6,24.5,0,121.617002994333,25.0383530195968,121.616088990815,25.0438190201437,2016-05-06,"12_30"
"546",546,"ZJT4T00","胡適國小　研究(往北)",50.2,1,20,0,121.620339975442,25.0398560094018,121.616924962474,25.0425240066233,2016-05-06,"12_30"
"547",547,"ZKE4M40","研究院路  忠孝東路-舊莊路",25.142857,15.2,30,1,121.615420955902,25.0469359943905,121.615421998675,25.045238998741,2016-05-06,"12_30"
"548",548,"ZKP4L00","研究院路  舊莊路-忠孝東路",35.594593,6,37.5,0,121.616924962474,25.0425240066233,121.615420955902,25.0469359943905,2016-05-06,"12_30"
"549",549,"ZMZZC20","重陽路    向陽路-興華路",62.310345,3.4,30,0,121.604423028307,25.0576889819246,121.605365969207,25.0578289570684,2016-05-06,"12_30"
"550",550,"ZMZZC60","重陽路    三重路-興華路",58.761906,2.4,21.5,0,121.606674957763,25.0580949967257,121.605365969207,25.0578289570684,2016-05-06,"12_30"
"551",551,"ZND3C20","重陽路    興華路-向陽路",48.756096,5.2,42.5,0,121.606674957763,25.0580949967257,121.609147045383,25.0588249913166,2016-05-06,"12_30"
"552",552,"ZFDGP01","中正橋 還河東路-重慶路三段",61.354546,3.25,111,0,121.515554967994,25.0176109602662,121.516851988793,25.0230440039356,2016-05-06,"12_30"
"553",553,"ZFVGM00","中正橋(往北)",65.795456,1.1,44,0,121.516834996122,25.02388403899,121.516376978859,25.025673016978,2016-05-06,"12_30"
"554",554,"ZFVGM40","中正橋(往南)",63.42857,1.3,28,0,121.515957978162,25.0272459956899,121.516376978859,25.025673016978,2016-05-06,"12_30"
"555",555,"ZGBGJ40","重慶南路  寧波西路-和平西路",52.339622,2.4,54,0,121.515285034627,25.0297760208443,121.515957978162,25.0272459956899,2016-05-06,"12_30"
"556",556,"ZGSGF00","重慶南路  和平西路-寧波西路",49.40678,2.8,59,0,121.515957978162,25.0272459956899,121.515285034627,25.0297760208443,2016-05-06,"12_30"
"557",557,"ZHBGA40","重慶南路  愛國西路-南海路",46.895523,3.8,67,0,121.512464029297,25.0352839832108,121.514411951374,25.0318909909112,2016-05-06,"12_30"
"558",558,"ZHYFT00","重慶南路  南海路-愛國西路",50.333332,1.9,42,0,121.514411951374,25.0318909909112,121.512464029297,25.0352839832108,2016-05-06,"12_30"
"559",559,"ZHYFT40","重慶南路  凱達格蘭-愛國西路",44.121952,2.5,41,0,121.512825007056,25.0387580163315,121.512464029297,25.0352839832108,2016-05-06,"12_30"
"560",560,"ZISFV00","重慶南路  愛國西路-凱達格蘭",45.70213,3,47,0,121.512464029297,25.0352839832108,121.512825007056,25.0387580163315,2016-05-06,"12_30"
"561",561,"ZJLFX40","重慶南路  忠孝西路-貴陽街",34.61905,4,21,0,121.513200976881,25.043423974533,121.513185975727,25.0422959656717,2016-05-06,"12_30"
"562",562,"ZJTFX00","重慶南路  凱達格蘭-忠孝西路",34.763157,4.25,38,0,121.513185975727,25.0422959656717,121.513200976881,25.043423974533,2016-05-06,"12_30"
"563",563,"ZLMG600","重慶北路  南京西路-忠孝西路",44,2.2,15,0,121.513657022645,25.0506269959056,121.513928993666,25.0515830323019,2016-05-06,"12_30"
"564",564,"ZM8GA00","重慶北路  忠孝西路-南京西路",43.5,2.6,20,0,121.513928993666,25.0515830323019,121.514345042521,25.0540280223188,2016-05-06,"12_30"
"565",565,"ZNNFY00","重慶北路  民權西路-南京西路",41.75,1.9333332,41,0,121.513642993311,25.0592219587576,121.513560982172,25.0607570152558,2016-05-06,"12_30"
"566",566,"ZP8FZ00","重慶北路  南京西路-民權西路",50.227848,3.4,85,0,121.513560982172,25.0607570152558,121.513579991329,25.0629869739192,2016-05-06,"12_30"
"567",567,"ZP8FZ40","重慶北路  民族西路-民權西路",37.064102,5.3333335,82,0,121.513655977625,25.0646660225622,121.513579991329,25.0629869739192,2016-05-06,"12_30"
"568",568,"ZQGFY00","重慶北路  民權西路-民族西路",43.92857,7.083333,76.5,0,121.513725959187,25.0672099803909,121.51373200123,25.0686110250405,2016-05-06,"12_30"
"569",569,"ZQGFY40","重慶北路　民族往南",53.316666,1.8666666,61.5,0,121.513739992576,25.0705030087528,121.51373200123,25.0686110250405,2016-05-06,"12_30"
"570",570,"ZT9FV00","重慶北路  酒泉街-後港街",43.92857,7.533334,101,1,121.513790034659,25.0728989733292,121.513119963143,25.0810360205121,2016-05-06,"12_30"
"571",571,"ZTGFS00","重慶北路  後港街-中正路",47.587627,7.25,98,0,121.513119963143,25.0810360205121,121.511903039504,25.0839469842273,2016-05-06,"12_30"
"572",572,"ZN0A0E0","新生高   濟南-八德路",73.323074,3.9,72,0,121.529611986266,25.0417600146039,121.530451043206,25.0445199751198,2016-05-06,"12_30"
"573",573,"ZN0B0E0","新生高    八德路-長安東路",46.54054,5.4,74,0,121.530451043206,25.0445199751198,121.529929035464,25.0482229884047,2016-05-06,"12_30"
"574",574,"ZN0C0E0","新生高    長安東路-民生東路",70.078575,6.9,140.5,0,121.529929035464,25.0482229884047,121.527834991006,25.0580210253257,2016-05-06,"12_30"
"575",575,"ZN0D0E0","新生高    民生東路-民權東路",79.254906,4.8,103,0,121.527834991006,25.0580210253257,121.527920015602,25.0626209720921,2016-05-06,"12_30"
"576",576,"ZN0E0E0","新生高    民權東路-民族東路",60.984848,3.5,66,0,121.527920015602,25.0626209720921,121.528063040076,25.0683780157201,2016-05-06,"12_30"
"577",577,"ZN0F0E0","新生高    民族東路-中山北路",40.31579,7,171,1,121.528063040076,25.0683780157201,121.526515048147,25.0744939685962,2016-05-06,"12_30"
"578",578,"ZN2B0E0","新生高    民族東路-常春路",63.228573,5.3,105,0,121.527500962848,25.0684099869996,121.527275983599,25.05486797244,2016-05-06,"12_30"
"579",579,"ZN2C0E0","新生高    常春路-長安東路",61.16981,2.6,106,0,121.527275983599,25.05486797244,121.529315048607,25.0481229795987,2016-05-06,"12_30"
"580",580,"ZN2D0E0","新生高    長安東路-八德路",54.164124,10.933333,262,0,121.529315048607,25.0481229795987,121.530055043211,25.0443380281949,2016-05-06,"12_30"
"581",581,"ZN2E0E0","新生高    八德路-濟南路",61.9375,2.4,48,0,121.530055043211,25.0443380281949,121.529345963312,25.0418200062659,2016-05-06,"12_30"
"582",582,"ZIME520","桂林路    康定路-中華路",40.54348,12.75,54,0,121.501794036448,25.0383079783981,121.503843963401,25.0379939957712,2016-05-06,"12_30"
"583",583,"ZIME560","桂林路    中華路-康定路",33.955555,8.3,67.5,0,121.505160971467,25.0377549740791,121.503843963401,25.0379939957712,2016-05-06,"12_30"
"584",584,"ZIQDB00","桂林路    環河南路-康定路",32.796295,6.3,55,0,121.499359007,25.0366640361962,121.499801972417,25.0384510166092,2016-05-06,"12_30"
"585",585,"ZM7PP60","健康路    三民路-光復北路",50.058823,1,19.5,0,121.558071018075,25.0537710361299,121.556594046076,25.0536500051492,2016-05-06,"12_30"
"586",586,"ZM8PX60","健康路    塔悠路-三民路",49.80488,4.75,45.5,0,121.560480029864,25.0539610333122,121.558071018075,25.0537710361299,2016-05-06,"12_30"
"587",587,"ZMCSE20","健康路    三民路-塔悠路",51.87838,7,85.5,0,121.567261022773,25.0542959595979,121.569838992141,25.0544760409088,2016-05-06,"12_30"
"588",588,"ZRKQZ40","基湖路    堤頂大道-樂群一路",34.8,5.4,25.5,0,121.56434000264,25.0786830098929,121.563198032993,25.0760600169591,2016-05-06,"12_30"
"589",589,"ZSPRA00","基湖路    樂群一路-堤頂大道",27.538462,3.8,13.5,1,121.563198032993,25.0760600169591,121.56434000264,25.0786830098929,2016-05-06,"12_30"
"590",590,"ZSPRA40","基湖路    內湖路-堤頂大道",31.61111,6.6,55.5,0,121.565014032304,25.0808109638181,121.56434000264,25.0786830098929,2016-05-06,"12_30"
"591",591,"ZCNKM20","福和橋(往東)",39.372093,3,44.5,0,121.527191965573,25.0058279992405,121.536298988058,25.0109500438487,2016-05-06,"12_30"
"592",592,"ZEFMN40","基隆路    台科大-辛亥路",47.45,3.3,41,0,121.548697955585,25.0209529930949,121.546649048669,25.0191459845886,2016-05-06,"12_30"
"593",593,"ZF9NH00","基隆路    和平東路-辛亥路",45.136364,2.1,46.5,0,121.548697955585,25.0209529930949,121.550270031923,25.0223379595141,2016-05-06,"12_30"
"594",594,"ZFMNV00","基隆路    辛亥路-樂業街",32.561405,6.7,119,0,121.550270031923,25.0223379595141,121.552538018027,25.024342990434,2016-05-06,"12_30"
"595",595,"ZG7PG50","基隆路   光復南路-和平東路",44.333332,5.4,105.5,0,121.556058975459,25.0274349782037,121.555025031734,25.0265179787745,2016-05-06,"12_30"
"596",596,"ZGTPW00","基隆路往北 和平-光復",37.927418,19.7,129,0,121.557256035227,25.0291639754068,121.557395974638,25.0293889718943,2016-05-06,"12_30"
"597",597,"ZGTPW50","基隆路往南   信義路-光復南路",32.086956,13.533333,146,1,121.558972965305,25.0320100367059,121.557395974638,25.0293889718943,2016-05-06,"12_30"
"598",598,"ZI9QP10","基隆路   信義路-松壽路",71.12346,3.3,82,0,121.559572982138,25.0330190123501,121.561339958224,25.0359290444265,2016-05-06,"12_30"
"599",599,"ZI9QP12","基隆路地下道 松高路-忠孝東路",30.5,9.9,38,1,121.559572982138,25.0330190123501,121.561339958224,25.0359290444265,2016-05-06,"12_30"
"600",600,"ZIKQU50","基隆路   忠孝東路-松高路",28.48611,38,151.5,1,121.564464988337,25.041143998202,121.562308045387,25.0375229893969,2016-05-06,"12_30"
"601",601,"ZJERC40","基隆路    松隆路-忠孝東路",39.58108,14.1,110,0,121.565833015229,25.0434050150789,121.564464988337,25.041143998202,2016-05-06,"12_30"
"602",602,"ZJERC50","基隆路地下道 松隆路-忠孝東路",54.585365,4.3,84,0,121.565833015229,25.0434050150789,121.564464988337,25.041143998202,2016-05-06,"12_30"
"603",603,"ZJERC51","基隆路地下道 忠孝東路-仁愛路",68.933334,51.8,45,0,121.565833015229,25.0434050150789,121.564464988337,25.041143998202,2016-05-06,"12_30"
"604",604,"ZJERC52","基隆路地下道 仁愛路-莊敬路",57.401962,5.9,103,0,121.565833015229,25.0434050150789,121.564464988337,25.041143998202,2016-05-06,"12_30"
"605",605,"ZJVRL10","基隆路地下道 忠孝東路-松隆路",39.333332,9.4,114.5,0,121.564464988337,25.041143998202,121.565833015229,25.0434050150789,2016-05-06,"12_30"
"606",606,"ZJVRL11","基隆路地下道 莊敬路-仁愛路",34.65,11.6,121.5,1,121.564464988337,25.041143998202,121.565833015229,25.0434050150789,2016-05-06,"12_30"
"607",607,"ZL9SB00","基隆路    永吉路-南京東路",41.35,4,85,0,121.568668999219,25.0481160326374,121.569388952581,25.049394985048,2016-05-06,"12_30"
"608",608,"ZIDDL00","康定路    艋舺大道-桂林路",42.857143,5,21,0,121.501225987764,25.0352050366073,121.501469028516,25.0365849766857,2016-05-06,"12_30"
"609",609,"ZH6CN60","莒光路    萬大路-西園路",43.333332,0.5,3,0,121.499128048313,25.0311129696554,121.496789992364,25.0310400013737,2016-05-06,"12_30"
"610",610,"ZH6DG20","莒光路    西園路-萬大路",50.941177,2,17,0,121.499128048313,25.0311129696554,121.500584951897,25.0311530298818,2016-05-06,"12_30"
"611",611,"ZH6DG60","莒光路    中華路-萬大路",44.583332,1,13,0,121.502260029259,25.0312110268967,121.500584951897,25.0311530298818,2016-05-06,"12_30"
"612",612,"ZH7E720","莒光路    萬大路-中華路",29.391304,5.6,25.5,1,121.502260029259,25.0312110268967,121.504123006686,25.0312500407107,2016-05-06,"12_30"
"613",613,"ZPMSV40","堤頂大道  舊宗路-民權東路",56.87356,2.266667,87,0,121.574644036603,25.0689740335339,121.572434000748,25.0648929728907,2016-05-06,"12_30"
"614",614,"ZPMSV41","堤頂大道  港墘路-舊宗路",38.590164,8.866667,126.5,1,121.574644036603,25.0689740335339,121.572434000748,25.0648929728907,2016-05-06,"12_30"
"615",615,"ZRPSV00","堤頂大道  舊宗路-港墘路",35.41379,7.7333326,118.5,1,121.576456997579,25.0689400113753,121.573104990119,25.0727450219422,2016-05-06,"12_30"
"616",616,"ZRPSV01","堤頂大道  民權東路-高速公路",55.72222,3.4,126,0,121.576456997579,25.0689400113753,121.573104990119,25.0727450219422,2016-05-06,"12_30"
"617",617,"ZRRST60","港墘路    瑞光路-堤頂大道",33.33684,12.7,97.5,1,121.574925973856,25.0763489994483,121.572251018319,25.0745540072367,2016-05-06,"12_30"
"618",618,"ZSGRX60","堤頂大道  港墘路-樂群一路",43.26923,7.1,80,0,121.568615951823,25.0773579907238,121.569426041674,25.0788620194116,2016-05-06,"12_30"
"619",619,"ZSPRA20","堤頂大道  樂群二路-基湖路",56.581818,3.5,59,0,121.562681985922,25.0802690253066,121.56434000264,25.0786830098929,2016-05-06,"12_30"
"620",620,"ZSPRA60","堤頂大道  樂群一路-基湖路",53.796875,5.2,64.5,0,121.569426041674,25.0788620194116,121.56434000264,25.0786830098929,2016-05-06,"12_30"
"621",621,"ZT5QV00","堤頂大道  基湖路-樂群二路",28.350649,12.375,83,1,121.56434000264,25.0786830098929,121.559675991089,25.0798829786784,2016-05-06,"12_30"
"622",622,"ZTXQL00","堤頂大道  樂群二路-內湖路",55.714287,4,28,0,121.559675991089,25.0798829786784,121.560798025759,25.0844919629128,2016-05-06,"12_30"
"623",623,"ZEWM500","復興南路  和平東路-辛亥路",43.545456,3.75,33,0,121.546649048669,25.0191459845886,121.543358978541,25.0212439864241,2016-05-06,"12_30"
"624",624,"ZFQM600","復興南路  辛亥路-和平東路",40.807693,4.9,52.5,0,121.543358978541,25.0212439864241,121.543424023128,25.0248549855301,2016-05-06,"12_30"
"625",625,"ZHLM800","復興南路  信義路-和平東路",41.636364,2.7333333,59,0,121.543450996578,25.0265249930903,121.543514975026,25.029802044624,2016-05-06,"12_30"
"626",626,"ZHMM600","復興南路  和平東路-信義路",43.545456,5.533334,102,0,121.543514975026,25.029802044624,121.543589997887,25.0333580219207,2016-05-06,"12_30"
"627",627,"ZIAM700","復興南路  仁愛路-信義路",31.866667,10.199999,80,0,121.543589997887,25.0333580219207,121.543641970198,25.0360669774207,2016-05-06,"12_30"
"628",628,"ZJHM700","復興南路  八德路-仁愛路",35.27619,8.2,111.5,1,121.543679972316,25.0379439557612,121.543765995297,25.0416090380889,2016-05-06,"12_30"
"629",629,"ZK8M700","復興南路  仁愛路-八德路",38.98718,6.4166665,80.5,0,121.543765995297,25.0416090380889,121.543858974563,25.0448049947736,2016-05-06,"12_30"
"630",630,"ZMZM900","復興北路  民族東路-民生東路",42.19149,4.4666667,106,0,121.544127005921,25.0560889961357,121.544143954275,25.0577500050787,2016-05-06,"12_30"
"631",631,"ZPWMA00","復興北路  復興北路479巷-民族東路",46,6.3333335,25.5,0,121.544261967908,25.0642500363121,121.544311026851,25.0663800226034,2016-05-06,"12_30"
"632",632,"ZFNN700","敦化南路  和平東路-基隆路",42.845238,4.6,84.5,0,121.548697955585,25.0209529930949,121.54872397733,25.0245550136163,2016-05-06,"12_30"
"633",633,"ZG8N700","敦化南路  基隆路-和平東路",36.520832,4.375,48,0,121.54872397733,25.0245550136163,121.548777018159,25.0299090120621,2016-05-06,"12_30"
"634",634,"ZGHN840","敦化南路  信義路-和平東路",29.54717,4.2,53,1,121.548772023306,25.0309469886371,121.548750040726,25.0281210101874,2016-05-06,"12_30"
"635",635,"ZHLN700","敦化南路  和平東路-信義路",27.795918,8.9,98,1,121.548772023306,25.0309469886371,121.548801983011,25.0332490373958,2016-05-06,"12_30"
"636",636,"ZHLN740","敦化南路  仁愛路-信義路",49.88372,4.9,58,0,121.548832990746,25.0378350028179,121.548801983011,25.0332490373958,2016-05-06,"12_30"
"637",637,"ZI6NV00","敦化南路  信義路-仁愛路",53.564102,8.2,109.5,0,121.548801983011,25.0332490373958,121.548841029422,25.0353880048891,2016-05-06,"12_30"
"638",638,"ZIMN840","敦化南路  忠孝東路-仁愛路",54.17647,3.25,35,0,121.548869022134,25.0414999940247,121.548832990746,25.0378350028179,2016-05-06,"12_30"
"639",639,"ZJGN700","敦化南路  仁愛路-忠孝東路",39.913044,5.2,49,0,121.548832990746,25.0378350028179,121.548869022134,25.0414999940247,2016-05-06,"12_30"
"640",640,"ZJGN740","敦化南路  市民大道-忠孝東路",57.923077,4.5,54,0,121.548813990848,25.0425840163909,121.548869022134,25.0414999940247,2016-05-06,"12_30"
"641",641,"ZJGPQ00","敦化南路  忠孝東路-市民大道",46.354168,5,51.5,0,121.548869022134,25.0414999940247,121.548883040402,25.0448050256844,2016-05-06,"12_30"
"642",642,"ZKWN800","敦化南路  市民大道-南京東路",57.980392,3.3,51.5,0,121.548813990848,25.0425840163909,121.548917990989,25.0481810293354,2016-05-06,"12_30"
"643",643,"ZLPN800","敦化北路  南京東路-民生東路",34.770832,20.8,61,0,121.548917990989,25.0481810293354,121.548953968455,25.0517199839821,2016-05-06,"12_30"
"644",644,"ZLPN840","敦化北路　南京往南",61.45,0.75,20,0,121.548975960019,25.054409990941,121.548953968455,25.0517199839821,2016-05-06,"12_30"
"645",645,"ZMYN840","敦化北路　民生往南",45.166668,0.75,12,0,121.550771020132,25.0614809697749,121.549010024689,25.0576959838419,2016-05-06,"12_30"
"646",646,"ZNUNJ00","敦化北路  民生東路-民權東路",42.266666,3.3,50.5,0,121.549010024689,25.0576959838419,121.550771020132,25.0614809697749,2016-05-06,"12_30"
"647",647,"ZRRST40","堤頂大道  樂群一路-港墘路",48.455883,3.7,68,0,121.568615951823,25.0773579907238,121.572251018319,25.0745540072367,2016-05-06,"12_30"
"648",648,"ZS9TE00","港墘路    堤頂大道-瑞光路",21.576271,11.6,60.5,2,121.572251018319,25.0745540072367,121.574925973856,25.0763489994483,2016-05-06,"12_30"
"649",649,"ZSKTL00","港墘路    瑞光路-內湖路",38.369232,19.5,66,0,121.574925973856,25.0763489994483,121.576463957465,25.0787899816642,2016-05-06,"12_30"
"650",650,"ZN7ST40","塔悠路    民生東路-南京東路",39.378788,4.0666666,68,0,121.569336036624,25.0573130410427,121.569219980236,25.0579359682357,2016-05-06,"12_30"
"651",651,"ZPDS600","塔悠路    民生東路-民權東路",50.33898,3.8,60.5,0,121.568987952517,25.0592009613265,121.568254989216,25.0635370375905,2016-05-06,"12_30"
"652",652,"ZHWGD60","愛國東路  杭州南路-中山南路",35.636364,10,68,0,121.518562980948,25.0341250146345,121.516464971111,25.0348820142513,2016-05-06,"12_30"
"653",653,"ZDTJW60","新生南路 辛亥路-羅斯福路",45.05263,7.7333336,132.5,0,121.533757971868,25.0191209592005,121.532676048938,25.0163530294391,2016-05-06,"12_30"
"654",654,"ZF9KB00","新生南路  羅斯福路-辛亥路",46.910713,7.466667,129.5,0,121.534021047706,25.0203840395118,121.534426045252,25.0223860105166,2016-05-06,"12_30"
"655",655,"ZF9KB40","新生南路  和平東路-辛亥路",46.533333,2.4166667,33.5,0,121.534621959602,25.0239930302186,121.534426045252,25.0223860105166,2016-05-06,"12_30"
"656",656,"ZFYKD00","新生南路  和平東路-信義路",44.366665,2.0666666,35,0,121.534621959602,25.0239930302186,121.534867967877,25.0260230159196,2016-05-06,"12_30"
"657",657,"ZFYKD40","新生南路  信義路-和平東路",44.625,6.7,153.5,0,121.534501041606,25.0282630326504,121.534867967877,25.0260230159196,2016-05-06,"12_30"
"658",658,"ZHNJV00","新生南路  和平東路-信義路",55.41905,4.5,122.5,0,121.533668995557,25.0306229867882,121.532731042103,25.0335689678089,2016-05-06,"12_30"
"659",659,"ZHNJV40","新生南路  仁愛路-信義路",52.98305,1.2,60,0,121.532745998436,25.0370089766945,121.532731042103,25.0335689678089,2016-05-06,"12_30"
"660",660,"ZINJW00","新生南路  信義路-仁愛路",49.26389,2.6666665,73,0,121.532745998436,25.0370089766945,121.53278995384,25.0381459966656,2016-05-06,"12_30"
"661",661,"ZJWJ700","濟南路　新生南(往北)",44.384617,1.1,26,0,121.53278995384,25.0381459966656,121.532799029026,25.0401319618055,2016-05-06,"12_30"
"662",662,"ZJWJ740","濟南路　新生南(往南)",42.55,2.4,42,0,121.532867951087,25.0422989956186,121.532799029026,25.0401319618055,2016-05-06,"12_30"
"663",663,"Z1TT960","新光路    秀明路-指南路",29.294117,2.75,17.5,0,121.57369500163,24.9908399886069,121.573683016811,24.9880870052629,2016-05-06,"12_30"
"664",664,"Z2AT940","新光路    動物園-秀明路",48.22222,1.6,19,0,121.574766985995,24.991260984932,121.573668989484,24.9916169569256,2016-05-06,"12_30"
"665",665,"Z2RTQ20","新光路    秀明路-動物園",54,1.4,18.5,0,121.573668989484,24.9916169569256,121.576326038864,24.9963739744138,2016-05-06,"12_30"
"666",666,"Z2WUA20","新光路    動物園-木柵路",54.36842,1.9,28.5,0,121.57731999534,24.9970019967358,121.578691028804,24.9978269832943,2016-05-06,"12_30"
"667",667,"Z2ZUI60","新光路    木柵路-動物園",40.966667,3.375,30.5,0,121.556305979647,24.9833049682009,121.580062038462,24.9986430191561,2016-05-06,"12_30"
"668",668,"ZRGUF00","瑞光路    民權東路-陽光街",25.488373,8.4,43,1,121.583348953413,25.0696270248052,121.580784016705,25.0721549896682,2016-05-06,"12_30"
"669",669,"ZRLUA20","瑞光路    港墘路-陽光街",21.538462,14.4,27,1,121.575419950873,25.076058008818,121.579185993159,25.0737239793243,2016-05-06,"12_30"
"670",670,"ZS6TI00","瑞光路    陽光街-港墘路",20.73077,20,28.5,1,121.576941978354,25.0751140015776,121.575419950873,25.076058008818,2016-05-06,"12_30"
"671",671,"ZS9TE20","瑞光路    基湖路-港墘路",4.5185184,59.5,28.5,2,121.572759036003,25.0773240048015,121.574925973856,25.0763489994483,2016-05-06,"12_30"
"672",672,"ZSNRE00","瑞光路    港墘路-基湖路",36.42857,3,16,0,121.572759036003,25.0773240048015,121.567487043713,25.079736043713,2016-05-06,"12_30"
"673",673,"ZWLJQ20","中正路    文林路-雨農路",40.322582,9.9,97,0,121.527914004661,25.0957539877762,121.532081004957,25.0965149679756,2016-05-06,"12_30"
"674",674,"ZWLJQ60","福林路    至善路-雨農路",50.736843,3.375,39,0,121.536465021284,25.0992169702622,121.532081004957,25.0965149679756,2016-05-06,"12_30"
"675",675,"ZX9KL00","福林路  雨農路-至善路",25.513514,20.9,78.5,0,121.532081004957,25.0965149679756,121.536465021284,25.0992169702622,2016-05-06,"12_30"
"676",676,"ZGBBW60","艋舺大道  西園路-西藏路",40.18033,3.5333335,62.5,0,121.491412989636,25.0320320121273,121.493567010528,25.0304360140662,2016-05-06,"12_30"
"677",677,"ZH9H820","艋舺大道  西藏路-西園路",33.4,6.6,101,0,121.517577958089,25.0307160052516,121.519077965172,25.0316040148366,2016-05-06,"12_30"
"678",678,"ZHPEB20","艋舺大道  西園路-和平西路",60.4,0.8333333,5,0,121.502278002316,25.0331429837056,121.504857003723,25.0337749705175,2016-05-06,"12_30"
"679",679,"ZZLKH60","德行東路  忠誠路-東山路",28,5,20,1,121.537643994892,25.1102899663973,121.535907038271,25.1100249627925,2016-05-06,"12_30"
"680",680,"ZRKQZ20","樂群一路  敬業三路-堤頂大道",46.037037,2.6,27.5,0,121.556333008992,25.0770699600733,121.563198032993,25.0760600169591,2016-05-06,"12_30"
"681",681,"ZSDPM60","樂群一路  堤頂大道-敬業三路",70,1.5,14,0,121.563198032993,25.0760600169591,121.556333008992,25.0770699600733,2016-05-06,"12_30"
"682",682,"Z1NQM40","興隆路    木柵路-木新路",37.125,5.6,27,0,121.56015395749,24.9887250125052,121.560907970987,24.9866280101785,2016-05-06,"12_30"
"683",683,"Z1VQH00","興隆路    木新路-木柵路",60.88889,1.8,18.5,0,121.560907970987,24.9866280101785,121.56015395749,24.9887250125052,2016-05-06,"12_30"
"684",684,"ZKLLH40","龍江路    南京東路-八德路",26.52174,10.2,23,1,121.540416005287,25.0482930031654,121.540507984494,25.0467130279066,2016-05-06,"12_30"
"685",685,"ZLQLI00","龍江路    八德路-南京東路",29.142857,8.4,21,0,121.540416005287,25.0482930031654,121.540450964514,25.0519040106691,2016-05-06,"12_30"
"686",686,"ZLQLI40","龍江路    民生東路-南京東路",25.055555,7,36,1,121.540503002328,25.0546399550223,121.540450964514,25.0519040106691,2016-05-06,"12_30"
"687",687,"ZMZLI00","龍江路    南京東路-民生東路",29.142857,4.4,29,0,121.540548959927,25.0561019717132,121.540695002758,25.057808013133,2016-05-06,"12_30"
"688",688,"ZNZLJ40","龍江路    民族東路-民權東路",30,19.6,70,0,121.540932009273,25.064270962134,121.540832956369,25.0621860248392,2016-05-06,"12_30"
"689",689,"ZQDLJ00","龍江路    民權東路-民族東路",28.583334,13.75,40,0,121.540968999086,25.0659680093312,121.541008015539,25.0680809705608,2016-05-06,"12_30"
"690",690,"ZJBJ960","濟南路    新生南路-杭州南路",26.454546,2.8,22,0,121.532799029026,25.0401319618055,121.529195013205,25.0408220379251,2016-05-06,"12_30"
"691",691,"ZJJIA20","濟南路    中山北路-杭州南路",46.190475,3.6,21.5,0,121.522650962936,25.0423980324317,121.524412994634,25.0419860111556,2016-05-06,"12_30"
"692",692,"ZJMHU60","濟南路    杭州南路-中山南路",42.526318,5.6666665,19.5,0,121.524412994634,25.0419860111556,121.522650962936,25.0423980324317,2016-05-06,"12_30"
"693",693,"ZJWJ720","濟南路    杭州南路-新生南路",25.333334,7,31,0,121.529195013205,25.0408220379251,121.532799029026,25.0401319618055,2016-05-06,"12_30"
"694",694,"ZHPBV00","環河南路  雙園街-和平西路",41.892857,4.6,28,0,121.492139966366,25.0328610069458,121.493064999479,25.0338780288592,2016-05-06,"12_30"
"695",695,"ZQGF700","環河北路  民權西路-民族西路",53.09938,7.200001,163,0,121.508455007197,25.0604770203252,121.509152959755,25.0686990238915,2016-05-06,"12_30"
"696",696,"ZR9F600","環河北路  民族西路-敦煌路",62.708862,2.2,80,0,121.509152959755,25.0686990238915,121.509138014824,25.0721570054014,2016-05-06,"12_30"
"697",697,"ZU8EF00","環河北路  敦煌路-葫蘆街",44.375,5.1666665,48,0,121.508831954395,25.0750200412149,121.505624988292,25.0856570244771,2016-05-06,"12_30"
"698",698,"ZU8EF40","環河北路  葫蘆街-敦煌路",61.269737,4.2,153,1,121.544695970665,24.9963479680919,121.505624988292,25.0856570244771,2016-05-06,"12_30"
"699",699,"ZPRT940","舊宗路    陽光街-民權東路",45.931034,2.2,30,0,121.574644036603,25.0689740335339,121.575064013549,25.0657049909227,2016-05-06,"12_30"
"700",700,"ZQRTE00","舊宗路    民權東路-陽光街",49.274193,4.1,63.5,0,121.578439034048,25.0666849612812,121.57402397479,25.0722359933133,2016-05-06,"12_30"
"701",701,"ZRPSV70","舊宗路    陽光街-港墘路",45.52459,5.5,64.5,0,121.573532983041,25.0730589879242,121.573104990119,25.0727450219422,2016-05-06,"12_30"
"702",702,"Z1XLD00","羅斯福六段　　338巷(往北)",48.859814,13.866666,140,0,121.539627994258,24.9884039846149,121.539593023896,24.9893789696449,2016-05-06,"12_30"
"703",703,"Z2KLN40","羅斯福路  景隆街-景中路",31.791304,8.999999,120,0,121.540895038682,24.9971659705988,121.541157029211,24.9959370121235,2016-05-06,"12_30"
"704",704,"Z2TLL00","羅斯福路  景中街-景隆街",40.5625,7.466667,118.5,0,121.541157029211,24.9959370121235,121.540895038682,24.9971659705988,2016-05-06,"12_30"
"705",705,"ZCPKT00","基隆路    羅斯福路-台科大",37.32895,9.1,85,0,121.538218048803,25.0079910080027,121.537151963996,25.0111190411723,2016-05-06,"12_30"
"706",706,"ZCPKT40","羅斯福路  新生南路-舟山路",39.196583,8.933333,138,0,121.615421998675,25.045238998741,121.537151963996,25.0111190411723,2016-05-06,"12_30"
"707",707,"ZDTJW00","羅斯福路  舟山路-新生南路",39.49231,4.7999997,72,0,121.615421998675,25.045238998741,121.532676048938,25.0163530294391,2016-05-06,"12_30"
"708",708,"ZELJA00","羅斯福路  新生南路-辛亥路",38.07595,4.6,82.5,0,121.530653955262,25.0182920047246,121.529263036135,25.0196959585062,2016-05-06,"12_30"
"709",709,"ZEVIV40","羅斯福路  和平東路-辛亥路",44.28829,7.0666666,120.5,0,121.526321019366,25.0222799558399,121.528019016897,25.0208199577727,2016-05-06,"12_30"
"710",710,"ZG9HT00","羅斯福路  辛亥路-和平東路",41.49254,4.4,70.5,0,121.524447024164,25.0243270217011,121.522427026731,25.027032997263,2016-05-06,"12_30"
"711",711,"ZG9HT40","羅斯福路  愛國西路-和平東路",43.95968,8.6,132,0,121.521698026325,25.0280380386735,121.522427026731,25.027032997263,2016-05-06,"12_30"
"712",712,"ZGTHG00","羅斯福路  和平東路-愛國東路",40.89796,5.4444447,50.5,0,121.521698026325,25.0280380386735,121.520388040963,25.0298390434143,2016-05-06,"12_30"
"713",713,"Z2ASP40","木柵路    萬芳路-秀明路",43.934784,5.6,46.5,0,121.571743015186,24.9948559781927,121.571124042016,24.9916540118031,2016-05-06,"12_30"
"714",714,"Z2XTE40","木柵路    北二高-萬芳路",52.545456,1.75,11.5,0,121.575677996718,24.9995900320669,121.574570982811,24.9981499979952,2016-05-06,"12_30"
"715",715,"Z36Q560","至善路    產業道路-中社路",54,1,4,0,121.56567803258,25.1131100094587,121.5586820184,25.1119720174553,2016-05-06,"12_30"
"716",716,"Z56BU20","大度路    模構溪-貴子坑溪",48,3.5333333,163.5,0,121.471406959474,25.122847008826,121.486079991891,25.121852037788,2016-05-06,"12_30"
"717",717,"Z56BU21","大度路    立德路-模構溪",53.321053,4.2,198.5,0,121.471406959474,25.122847008826,121.486079991891,25.121852037788,2016-05-06,"12_30"
"718",718,"Z9FKW40","竹子湖路 頂湖路口-湖田國小",60.4,3.5,5,0,121.538266991863,25.1739609595096,121.538424992067,25.1704069966872,2016-05-06,"12_30"
"719",719,"Z9FLB00","陽金公路　　　第二停車場-竹子湖派出所",54,1.4,9,0,121.545945950784,25.1554710113384,121.540059043383,25.1702439582841,2016-05-06,"12_30"
"720",720,"Z9HKV40","竹子湖路 中正山岔路口-頂湖路口",49,1.6666666,3.5,0,121.53325598564,25.1774710062518,121.538266991863,25.1739609595096,2016-05-06,"12_30"
"721",721,"Z9IJV70","竹子湖路 玉瀧谷入口-中正山岔路口",19,1,9,1,121.535294977421,25.1693950335072,121.53325598564,25.1774710062518,2016-05-06,"12_30"
"722",722,"ZAAPB40","辛亥路    興隆路-懷恩隧道",40.860466,6.2,44.5,0,121.554592045127,25.0008260047598,121.554082978219,24.9998619843972,2016-05-06,"12_30"
"723",723,"ZCCKW00","羅斯福路五段 興隆路一段-汀洲路四段",50.23718,6.2,164,0,121.538777027579,25.0043600422202,121.538218048803,25.0079910080027,2016-05-06,"12_30"
"724",724,"ZD9JF40","思源街    汀州路-永福橋",59,5,8.5,0,121.532225011006,25.0150820419637,121.530037960063,25.013373970355,2016-05-06,"12_30"
"725",725,"ZDTJT00","水源快 永春300巷-水源33巷",52.424244,2.9,34,0,121.525982952687,25.0150499941485,121.523984392375,25.0181323884863,2016-05-06,"12_30"
"726",726,"ZE7GH40","水源快 泉州街-中正橋",49.294117,3,17.5,0,121.512337036562,25.024008036655,121.515554967994,25.0176109602662,2016-05-06,"12_30"
"727",727,"ZEGCQ40","華中橋(往南)",41.018867,3.7,55,0,121.497297962507,25.0193920120634,121.495672046971,25.0167069648863,2016-05-06,"12_30"
"728",728,"ZGIA660","萬板橋入城",50.095238,1.3,21,0,121.491765969925,25.0287539942334,121.48351202909,25.0284549768819,2016-05-06,"12_30"
"729",729,"ZGKBM20","萬板橋出城",53.98182,5,58,0,121.48351202909,25.0284549768819,121.491765969925,25.0287539942334,2016-05-06,"12_30"
"730",730,"ZGNEB00","中華路    泉州街-和平西路",29,8.75,32,0,121.505894026742,25.0280020254308,121.504797970319,25.0291800395642,2016-05-06,"12_30"
"731",731,"ZHHDF40","康定路    桂林路-艋舺大道",44,2.4,14,0,121.501225987764,25.0352050366073,121.500523024255,25.0328149544301,2016-05-06,"12_30"
"732",732,"ZHHDF60","艋舺大道  和平西路-西園路",44.816666,5,60,0,121.502278002316,25.0331429837056,121.500523024255,25.0328149544301,2016-05-06,"12_30"
"733",733,"ZHMKV20","信義路三段 新生-建國",33.909092,1.1111112,13,0,121.532731042103,25.0335689678089,121.537689951598,25.0334560434664,2016-05-06,"12_30"
"734",734,"ZHSIP20","信義路二段 杭州南路一段-金山南路一段",49.22034,3.3,60,0,121.532731042103,25.0335689678089,121.52675898022,25.0342589664573,2016-05-06,"12_30"
"735",735,"ZIPIZ00","金山南路  信義路-仁愛路",35.761906,16.7,92,0,121.527272972601,25.0340489558628,121.528340969147,25.0382519822543,2016-05-06,"12_30"
"736",736,"ZJFQQ00","忠孝東　逸仙路(往北)",43.537037,5.8,64,0,121.561506001618,25.0375530161359,121.561582048975,25.0412180286531,2016-05-06,"12_30"
"737",737,"ZJGPQ40","敦化南路  南京東路-市民大道",44.21875,3.625,34.5,0,121.548917990989,25.0481810293354,121.548883040402,25.0448050256844,2016-05-06,"12_30"
"738",738,"ZKGKP60","八德路    復興北路-建國北路",25.25,8.6,36,1,121.540507984494,25.0467130279066,121.536660023401,25.0460589913958,2016-05-06,"12_30"
"739",739,"ZLKSH00","環東大道 南京東-永吉(往市民大道)",64.76065,12.366667,290.125,0,121.569388952581,25.049394985048,121.570635997613,25.0510870184925,2016-05-06,"12_30"
"740",740,"ZLKSH01","環東大道 南京東-永吉(下基隆路車道)",42.666668,28.4,71,1,121.569388952581,25.049394985048,121.570635997613,25.0510870184925,2016-05-06,"12_30"
"741",741,"ZMEKQ20","長春路    松江路-建國北路",52,2,9.5,0,121.534823975309,25.0547690306678,121.536845962901,25.0547340197055,2016-05-06,"12_30"
"742",742,"ZMGXG40","向陽路    南京東路-重陽路",60.242104,7,105,0,121.5927380079,25.0617350311717,121.594905003222,25.0548470311376,2016-05-06,"12_30"
"743",743,"ZMGXG60","重陽路    興華路-向陽路",37.52941,3.2,17.5,0,121.598270998839,25.0562240026668,121.594905003222,25.0548470311376,2016-05-06,"12_30"
"744",744,"ZN5KR00","建國北路  南京東路-民生東路",31.421568,12.7,105.5,0,121.536882030345,25.0561880388567,121.536919039933,25.057858005413,2016-05-06,"12_30"
"745",745,"ZN5KR20","民生東路  松江路-建國北路",44.640846,9.8,163,0,121.53313299757,25.0579159728731,121.536919039933,25.057858005413,2016-05-06,"12_30"
"746",746,"ZN5KR60","民生東路  龍江路-建國北路",45.804596,3.8,87,0,121.539168991943,25.0578130194978,121.536919039933,25.057858005413,2016-05-06,"12_30"
"747",747,"ZNE4D00","三重路    南港路-重陽路",51.3,1.25,10,0,121.613990028591,25.0561510020384,121.614202995377,25.0590299560764,2016-05-06,"12_30"
"748",748,"ZNES640","塔悠路    民權東路-民生東路",59.020832,3.4,50,0,121.566393042917,25.0617389986567,121.56842301712,25.0592030345056,2016-05-06,"12_30"
"749",749,"ZNES900","塔悠路    南京東路-民生東路",43,3.2,72,0,121.569336036624,25.0573130410427,121.568987952517,25.0592009613265,2016-05-06,"12_30"
"750",750,"ZPBEX40","環河北路  民族西路-民權西路",50.051548,4.7,97,0,121.509152959755,25.0686990238915,121.508408030157,25.06338404172,2016-05-06,"12_30"
"751",751,"ZPBTD70","舊宗一路 新湖三路-新湖二路",49.61039,2.95,79,0,121.578010563984,25.0617465942066,121.57673898964,25.0634769719204,2016-05-06,"12_30"
"752",752,"ZRCM940","北安路　　大直橋(往南)",55.244682,3.6666667,94,0,121.544439045382,25.0797320109504,121.54394103146,25.0723759943564,2016-05-06,"12_30"
"753",753,"ZRNIF00","中山北路三段 酒泉街-新生北路三段",53.471264,2.5,88.5,0,121.523484986936,25.0706980075331,121.52537896751,25.0742620007958,2016-05-06,"12_30"
"754",754,"ZRNIF40","中山北   圓山隧道(往南)",51.467533,9.5,245,0,121.524396034032,25.0797770077648,121.52537896751,25.0742620007958,2016-05-06,"12_30"
"755",755,"ZS7SN60","堤頂大道二段 基湖路-堤頂大道二段246巷",65.82539,3.2,63.5,0,121.56434000264,25.0786830098929,121.568615951823,25.0773579907238,2016-05-06,"12_30"
"756",756,"ZSHZU60","康寧路至康湖路",44.394737,1.6,41,0,121.606728971073,25.0815539591478,121.60709802556,25.0775119867938,2016-05-06,"12_30"
"757",757,"ZSMQQ40","堤頂大道  內湖路-樂群二路",56.62162,2.1,37,0,121.560798025759,25.0844919629128,121.562681985922,25.0802690253066,2016-05-06,"12_30"
"758",758,"ZSNVA60","內湖路二段66巷至文德路(往西)",34.19355,8,34.5,0,121.581201016291,25.0784730419353,121.578872007996,25.0785819934189,2016-05-06,"12_30"
"759",759,"ZSQVZ20","文德路101巷至220巷(往東)",55.431034,2.7,58.5,0,121.583618987703,25.0785000267399,121.588001994132,25.0787989772924,2016-05-06,"12_30"
"760",760,"ZSSWC60","文德路　成功路(往西)",42.363636,5.3,68,0,121.590956045347,25.0807640102294,121.588795956516,25.0789939938149,2016-05-06,"12_30"
"761",761,"ZSVMA00","濱江街　　大直橋(往北)",57.207546,1.6666666,53.5,0,121.54394103146,25.0723759943564,121.544439045382,25.0797320109504,2016-05-06,"12_30"
"762",762,"ZSXTK20","內湖路一段629巷至港墘路(往東)",43.814816,5.8,55,0,121.574458952193,25.0803140070887,121.575813981766,25.0798309947066,2016-05-06,"12_30"
"763",763,"ZT6HS40","後港街 承德路(往南)",43.833332,1.75,24,0,121.5231270065,25.0821649794345,121.522416987497,25.0807320219209,2016-05-06,"12_30"
"764",764,"ZT8SZ60","內湖路一段洲子街至591巷(往西)",35.94737,5.8,41,0,121.574141993349,25.080432958623,121.573151968088,25.080771001613,2016-05-06,"12_30"
"765",765,"ZTHRR20","內湖一段二八五(往東)",46.94872,2.6,40,0,121.565517009718,25.0823620446203,121.566873977606,25.0821579806827,2016-05-06,"12_30"
"766",766,"ZTWD760","重陽大橋 延平北路六段-重陽橋 ",67.89552,4,72,0,121.505624988292,25.0856570244771,121.499370989401,25.084592036831,2016-05-06,"12_30"
"767",767,"ZTXQJ20","內湖路一段文湖路至91巷(往東)",41.662163,2.8,76,0,121.559698043141,25.0849069801418,121.560812033407,25.0845420153818,2016-05-06,"12_30"
"768",768,"ZTYXQ60","成功路五段324巷至420巷(往西)",42.391304,3.3,49,0,121.598776038888,25.0846779763565,121.596515044747,25.0844610221507,2016-05-06,"12_30"
"769",769,"ZTZY920","成功四段三二四(往東)",28.489796,13.6,54.5,0,121.595224987996,25.0841869673208,121.598776038888,25.0846779763565,2016-05-06,"12_30"
"770",770,"ZU5QC60","內湖路一段91巷至文湖路(往西)",33.77778,1.75,29.5,0,121.560812033407,25.0845420153818,121.559698043141,25.0849069801418,2016-05-06,"12_30"
"771",771,"ZU8P760","北安路 劍南路-敬業三路",46.813725,5.3,104.5,0,121.556317982132,25.0846900178608,121.553911974051,25.0853220410784,2016-05-06,"12_30"
"772",772,"ZUIFC60","百齡橋 通河東街一段-重陽橋",44.68282,11.8,237.5,0,121.515487974394,25.090281016709,121.510577042701,25.0870570201792,2016-05-06,"12_30"
"773",773,"ZV9GE20","百齡橋 重陽橋-通河東街一段",46.55102,8.2,201.5,0,121.510577042701,25.0870570201792,121.515487974394,25.090281016709,2016-05-06,"12_30"
"774",774,"ZV9IT40","中山北路  中正路-小北街",34.719513,3.3,82,1,121.528014004153,25.0937130284284,121.527473957656,25.0902389796397,2016-05-06,"12_30"
"775",775,"ZWVFW00","承德路    中正路-洲美路",50.272728,2.8,44,0,121.514055017166,25.0959740116679,121.513357991724,25.0976729730527,2016-05-06,"12_30"
"776",776,"ZYQKQ70","仰德大道二段　2巷(嶺頭山莊)(往西)",40.404255,7,47,0,121.539758042194,25.1018589858249,121.537158956528,25.1060750183634,2016-05-06,"12_30"
"777",777,"ZZKPR60","至善路    中社路-至善路",45.565216,3.8,23,0,121.5586820184,25.1119720174553,121.557154982438,25.1098199874148,2016-05-06,"12_30"
