"","_id","SectionId","SectionName","AvgSpd","AvgOcc","TotalVol","MOELevel","StartWgsX","StartWgsY","EndWgsX","EndWgsY","date","time"
"1",1,"Z0111C0","市高往東  環河中華",61.14706,5.6,68,0,121.506955002167,25.0499479957493,121.507057986923,25.0504089798186,2016-05-24,"23_00"
"2",2,"Z0120C0","市高往東  中華承德",70.56989,2.6,96.5,1,121.507057986923,25.0504089798186,121.514669994797,25.0488470329132,2016-05-24,"23_00"
"3",3,"Z0130A0","市高往東  承德中山",77.13433,3.3333335,134,0,121.514669994797,25.0488470329132,121.530466977389,25.0458740396192,2016-05-24,"23_00"
"4",4,"Z0130A1","市高往東  中山林森",77.166664,2.4666667,102,0,121.514669994797,25.0488470329132,121.530466977389,25.0458740396192,2016-05-24,"23_00"
"5",5,"Z0140C0","市高往東  新生建國",78.02062,3.4,97,0,121.530466977389,25.0458740396192,121.536157036992,25.0443180284222,2016-05-24,"23_00"
"6",6,"Z0140C1","市高往東  建國復興",70.544556,3.7,101,0,121.530466977389,25.0458740396192,121.536157036992,25.0443180284222,2016-05-24,"23_00"
"7",7,"Z0150C0","市高往東  復興敦化",74.254776,4.7333336,157.5,0,121.536157036992,25.0443180284222,121.557631047561,25.0447609827095,2016-05-24,"23_00"
"8",8,"Z0150C1","市高往東  敦化上方",63.22222,2.9333334,142,0,121.536157036992,25.0443180284222,121.557631047561,25.0447609827095,2016-05-24,"23_00"
"9",9,"Z0150C2","市高往東  敦化延吉",72.51376,2.9333332,109,1,121.536157036992,25.0443180284222,121.557631047561,25.0447609827095,2016-05-24,"23_00"
"10",10,"Z0160C0","市高往東  延吉永吉",74.790695,3.1,86,0,121.557631047561,25.0447609827095,121.569229955283,25.0455460393449,2016-05-24,"23_00"
"11",11,"Z0380F0","正氣橋  麥一市民",72.375,0.9,24,0,121.569772042499,25.0461890146634,121.569771009262,25.0459439976653,2016-05-24,"23_00"
"12",12,"Z0390G0","市高往西  永吉光復",69.944954,4.4,109,0,121.569771009262,25.0459439976653,121.567512021271,25.0458909827904,2016-05-24,"23_00"
"13",13,"Z03A0G1","市高往西  光復延吉",72.83088,5.8,136,0,121.567512021271,25.0458909827904,121.557667048171,25.0454680148637,2016-05-24,"23_00"
"14",14,"Z03B0G0","市高往西  延吉復興",82.75163,2.9333336,154,0,121.557667048171,25.0454680148637,121.536126020332,25.0450250384754,2016-05-24,"23_00"
"15",15,"Z03C0G0","市高往西  復興建國",66.17483,8.4,158,0,121.536126020332,25.0450250384754,121.530571036066,25.0465189949323,2016-05-24,"23_00"
"16",16,"Z03C0G1","市高往西  建國新生",76.74016,4.5,127,0,121.536126020332,25.0450250384754,121.530571036066,25.0465189949323,2016-05-24,"23_00"
"17",17,"Z03D0G0","市高往西  新生林森",64.341774,0.9333333,79,1,121.530571036066,25.0465189949323,121.515177951736,25.0495210244858,2016-05-24,"23_00"
"18",18,"Z03D0G1","市高往西  林森中山",71.42683,4.133333,164,1,121.530571036066,25.0465189949323,121.515177951736,25.0495210244858,2016-05-24,"23_00"
"19",19,"Z03E0G0","市高往西  承德重慶",69.59615,6.8,156,1,121.515177951736,25.0495210244858,121.507228991091,25.0510220354424,2016-05-24,"23_00"
"20",20,"Z5062G0","市高往西  中華環河",54,6,71,1,121.507228991091,25.0510220354424,121.497868957546,25.0400649616175,2016-05-24,"23_00"
"21",21,"Z1001B0","建國快往北 辛亥高架接建高",99.13636,1.6,44,0,121.536995038696,25.0228289705983,121.53770600753,25.0229289599307,2016-05-24,"23_00"
"22",22,"Z1010A0","建國快往北 辛亥信義",81.48039,3.3333335,107.5,0,121.53770600753,25.0229289599307,121.53806600958,25.0355689692847,2016-05-24,"23_00"
"23",23,"Z1010A1","建國快往北 和平信義",85.76136,2.733333,93,0,121.53770600753,25.0229289599307,121.53806600958,25.0355689692847,2016-05-24,"23_00"
"24",24,"Z1011A0","建國快往北 信義路上匝道",48.666668,4.8,34,0,121.537818032218,25.0344000079271,121.53806600958,25.0355689692847,2016-05-24,"23_00"
"25",25,"Z1020A0","建國快往北 信義仁愛",68.27619,3.266667,105,0,121.53806600958,25.0355689692847,121.537962958846,25.0357070206232,2016-05-24,"23_00"
"26",26,"Z1030A0","建國快往北 仁愛忠孝",67.333336,3.8666668,103.5,0,121.537962958846,25.0357070206232,121.53712002298,25.0420240374186,2016-05-24,"23_00"
"27",27,"Z1040A0","建國快往北 忠孝長安",74.31875,6.8666673,189.5,0,121.53712002298,25.0420240374186,121.536836031321,25.0460820090283,2016-05-24,"23_00"
"28",28,"Z1050A0","建國快往北 南京東路",74.586205,2.3333335,117,0,121.537031988413,25.0497290015224,121.536885031022,25.0495280262993,2016-05-24,"23_00"
"29",29,"Z1060A0","建國快往北 南京民權",78.27564,5.3333335,160,0,121.536885031022,25.0495280262993,121.537105027258,25.061757993861,2016-05-24,"23_00"
"30",30,"Z1070A0","建國快往北 民權民族",58.114754,22.4,64,0,121.537105027258,25.061757993861,121.534361045097,25.0672949565866,2016-05-24,"23_00"
"31",31,"Z1080A0","建國快往北 民族濱江",98.18604,1.6,43.5,0,121.534361045097,25.0672949565866,121.533422973875,25.0689429692608,2016-05-24,"23_00"
"32",32,"Z10D2A0","建國快往北 民權東路下匝道",59.264706,3,34,0,121.537105027258,25.061757993861,121.537488045992,25.06147096043,2016-05-24,"23_00"
"33",33,"Z10E2A0","建國快往北 南京東路下匝道",58.058823,1.6,17,0,121.537031988413,25.0497290015224,121.537171960091,25.050782973455,2016-05-24,"23_00"
"34",34,"Z1210E0","建國快往南 濱江民權",69.13402,5.9,101,0,121.533418991878,25.0689390112276,121.53435399476,25.0672920027059,2016-05-24,"23_00"
"35",35,"Z1220E0","建國快往南 民權東路",75.83505,4.6,97.5,0,121.53435399476,25.0672920027059,121.536693985588,25.0612780140168,2016-05-24,"23_00"
"36",36,"Z1221E0","建國快往南 民權上匝道",41.73077,3.75,26,0,121.536437036293,25.0617689851535,121.536693985588,25.0612780140168,2016-05-24,"23_00"
"37",37,"Z1230E0","建國快往南 民權長春",81.871216,4.4666667,138,0,121.536693985588,25.0612780140168,121.536592989789,25.0533579739567,2016-05-24,"23_00"
"38",38,"Z1231E0","建國快往南 長春路上匝道",54.44186,5.75,43.5,0,121.536882030345,25.0561880388567,121.536592989789,25.0533579739567,2016-05-24,"23_00"
"39",39,"Z1240E0","建國快往南 長春長安",63.0559,8.6,161,0,121.536592989789,25.0533579739567,121.536352037032,25.0461559817578,2016-05-24,"23_00"
"40",40,"Z1241E0","建國快往南 長安東路上匝道",34.68182,2.4,22.5,0,121.53670903176,25.0483700001353,121.536352037032,25.0461559817578,2016-05-24,"23_00"
"41",41,"Z1250E0","建國快往南 長安忠孝",76.37013,5.4000006,158.5,0,121.536352037032,25.0461559817578,121.536372990119,25.0430219911443,2016-05-24,"23_00"
"42",42,"Z1260E0","建國快往南 忠孝仁愛",74.84138,5.266667,148.5,0,121.536372990119,25.0430219911443,121.537569973104,25.0395320152659,2016-05-24,"23_00"
"43",43,"Z1270E0","建國快往南 仁愛信義",72.73387,4.4666667,127,0,121.537569973104,25.0395320152659,121.537580011017,25.034604994102,2016-05-24,"23_00"
"44",44,"Z1280E0","建國快往南 信義和平",59.447155,9.4,142.5,1,121.537580011017,25.034604994102,121.537365024448,25.0277679879518,2016-05-24,"23_00"
"45",45,"Z1290E0","建國快往南 和平辛亥",54.93365,17.2,240.5,1,121.537365024448,25.0277679879518,121.53728803944,25.0240599764049,2016-05-24,"23_00"
"46",46,"Z12B2E0","建國快往南 民權下匝道",50.837837,3.8,37,0,121.53435399476,25.0672920027059,121.535397954012,25.0655879895417,2016-05-24,"23_00"
"47",47,"Z12C2E0","建國快往南 忠孝東路下匝道",33.817963,23.9,436,0,121.536372990119,25.0430219911443,121.536485987571,25.0418200366026,2016-05-24,"23_00"
"48",48,"Z12D2E0","建國快往南 仁愛路下匝道",69.21739,2.4,24,0,121.537569973104,25.0395320152659,121.537391996702,25.0387139928824,2016-05-24,"23_00"
"49",49,"Z12F2E0","建國快往南 和平東路下匝道",47.615383,1.4,13,0,121.537365024448,25.0277679879518,121.536989035092,25.026846043666,2016-05-24,"23_00"
"50",50,"Z12G2E0","建國快往南 辛亥路下匝道",38.782608,2,23,0,121.53728803944,25.0240599764049,121.53759697438,25.0222600110569,2016-05-24,"23_00"
"51",51,"Z2101B0","基隆快往東 水快上匝道",53.92857,4.2,42,0,121.534551026926,25.0064900369957,121.530827029155,25.0209600054365,2016-05-24,"23_00"
"52",52,"Z2110C0","基隆快往東 水源辛亥",73.17778,1.7,45,0,121.530827029155,25.0209600054365,121.544666015207,25.0173669632625,2016-05-24,"23_00"
"53",53,"Z2120C0","基隆快往東 辛亥敦化",72.06061,1.4,33,0,121.544666015207,25.0173669632625,121.547078966678,25.0194600254024,2016-05-24,"23_00"
"54",54,"Z2130C0","基隆快往東 敦化樂業",63.71875,2.2,32,0,121.547078966678,25.0194600254024,121.550236016768,25.0223980319086,2016-05-24,"23_00"
"55",55,"ZEFM0C0","基隆快往東 辛亥下匝道",49.894737,1.1,19.5,0,121.544666015207,25.0173669632625,121.546649048669,25.0191459845886,2016-05-24,"23_00"
"56",56,"ZEWN0C0","基隆快往東 敦化下匝道",32.533333,5.2,15.5,0,121.547078966678,25.0194600254024,121.548697955585,25.0209529930949,2016-05-24,"23_00"
"57",57,"Z2310G0","基隆快往西 樂業敦化",66.25926,2,27,0,121.550230044874,25.022392005194,121.547075954271,25.0194510083942,2016-05-24,"23_00"
"58",58,"Z2311G0","基隆快往西 敦化上匝道",38,2,3,0,121.548697955585,25.0209529930949,121.547075954271,25.0194510083942,2016-05-24,"23_00"
"59",59,"Z2320G0","基隆快往西 敦化羅斯福",69,0.5,1,0,121.547075954271,25.0194510083942,121.544658976273,25.0173659959567,2016-05-24,"23_00"
"60",60,"Z2321G0","基隆快往西 羅斯福路上匝道",113.75,5.6,50.5,0,121.540373965139,25.013833044365,121.544658976273,25.0173659959567,2016-05-24,"23_00"
"61",61,"Z2330G0","基隆快往西 羅斯福水源",66.757576,1.2,33,0,121.544658976273,25.0173659959567,121.530824034973,25.0209549603874,2016-05-24,"23_00"
"62",62,"Z3110C0","辛亥高架 汀州路地下道",50.113636,1.2,44,0,121.530689984473,25.0209799954032,121.533310973508,25.0225279642767,2016-05-24,"23_00"
"63",63,"Z3120C0","辛亥高架 泰順新生",75.40476,1.6,42,0,121.533310973508,25.0225279642767,121.535352972987,25.0225910440046,2016-05-24,"23_00"
"64",64,"Z3132C0","辛亥高架 辛亥路下匝道",66.333336,0,3,0,121.535352972987,25.0225910440046,121.536995038696,25.0228289705983,2016-05-24,"23_00"
"65",65,"Z3310G0","辛亥高架 建高接辛高",62.50909,2.4,56.5,0,121.535665953559,25.022585041419,121.535348970526,25.0225820303175,2016-05-24,"23_00"
"66",66,"Z3311G0","辛亥高架 辛亥上匝道",49.85,1.8333334,20,0,121.535665953559,25.022585041419,121.535348970526,25.0225820303175,2016-05-24,"23_00"
"67",67,"Z4010A0","水源快往北 中正路-景美",65.333336,1.8,58.5,0,121.537137968395,24.9900590035432,121.535866990787,24.995892962813,2016-05-24,"23_00"
"68",68,"Z4011A0","水源快往北 景美上匝道",39,1.75,10,0,121.539924954984,24.9996249638555,121.535866990787,24.995892962813,2016-05-24,"23_00"
"69",69,"Z4020A0","水源快往北 景美-基隆快",62.409637,3.2,83.5,0,121.535866990787,24.995892962813,121.534551026926,25.0064900369957,2016-05-24,"23_00"
"70",70,"Z4031A0","水源快往北 福和橋上匝道",51.8,0.5,5,0,121.530617011823,25.0081510342297,121.53337597531,25.008194972905,2016-05-24,"23_00"
"71",71,"Z4040H0","水源快往北 福和橋-師大路",73.13793,1.2,29.5,0,121.53337597531,25.008194972905,121.522921040872,25.0203360131995,2016-05-24,"23_00"
"72",72,"Z4050G0","水源快往北 師大路-泉州街",53.42,2.3,50,0,121.522921040872,25.0203360131995,121.512387014104,25.0242559571385,2016-05-24,"23_00"
"73",73,"Z4060G0","水源快往北 泉州街-青年路",51.266666,2.6666667,15.5,1,121.512387014104,25.0242559571385,121.504085957724,25.0200459916201,2016-05-24,"23_00"
"74",74,"Z4070G0","水源快往北 青年路-萬大路",43.129032,3.5,31.5,0,121.504085957724,25.0200459916201,121.496988966074,25.0166209545364,2016-05-24,"23_00"
"75",75,"Z4080G0","水源快往北 華中橋",58.545456,1.125,11.5,0,121.496988966074,25.0166209545364,121.493546960585,25.0188819622546,2016-05-24,"23_00"
"76",76,"Z4081G0","水源快往北 萬大路上匝道",53.857143,0.2,7.5,0,121.495850997188,25.0170060123111,121.493546960585,25.0188819622546,2016-05-24,"23_00"
"77",77,"Z40A2G0","水源快往北 萬大路下匝道",47,2,4,0,121.496988966074,25.0166209545364,121.495850997188,25.0170060123111,2016-05-24,"23_00"
"78",78,"Z4210D0","水源快往南 西園路-華中橋",75.25455,1.6,55,0,121.490670975297,25.0240550372173,121.494897959806,25.0165149868655,2016-05-24,"23_00"
"79",79,"Z4220D0","水源快往南 華中橋",62.347828,0.9,23,1,121.494897959806,25.0165149868655,121.49758002879,25.0160439753475,2016-05-24,"23_00"
"80",80,"Z4221E0","水源快往南 萬大路上匝道",62,0,1,0,121.495850997188,25.0170060123111,121.49758002879,25.0160439753475,2016-05-24,"23_00"
"81",81,"Z4231C0","水源快往南 富民街上匝道",23,1,1,1,121.500347043131,25.0180069774255,121.500586041983,25.0174489562607,2016-05-24,"23_00"
"82",82,"Z4250B0","水源快往南 富民街-泉州街",63.5,1,30,0,121.500586041983,25.0174489562607,121.508575958881,25.0223029895734,2016-05-24,"23_00"
"83",83,"Z4261E0","水源快往南 泉州街上匝道",30.133333,5.6666665,15,0,121.512416020795,25.0242259740788,121.513597015627,25.0238910179486,2016-05-24,"23_00"
"84",84,"Z4270C0","水源快往南 泉州街-中正橋",57.567566,2,37,0,121.513597015627,25.0238910179486,121.517301026601,25.0212440410053,2016-05-24,"23_00"
"85",85,"Z4271C0","水源快往南 中正橋上匝道",30.15,3.4,20,0,121.516420014929,25.0218210214711,121.517301026601,25.0212440410053,2016-05-24,"23_00"
"86",86,"Z4280C0","水源快往南 中正橋-師大路",55.101696,3.7,59.5,0,121.517301026601,25.0212440410053,121.519818971223,25.0206189990961,2016-05-24,"23_00"
"87",87,"Z4290C0","水源快往南 師大路",26.875,1.25,9.5,0,121.519818971223,25.0206189990961,121.52318904069,25.0190460360213,2016-05-24,"23_00"
"88",88,"Z42B1D0","水源快往南 福和橋上匝道",43,1.5,4,0,121.530617011823,25.0081510342297,121.533012969887,25.0077350276523,2016-05-24,"23_00"
"89",89,"Z42B1E0","水源快往南 基高上匝道",53.31579,12,97,0,121.530824034973,25.0209549603874,121.533012969887,25.0077350276523,2016-05-24,"23_00"
"90",90,"Z42C0E0","水源快往南 基隆路-景美",75.75,1.6666667,61.5,0,121.533012969887,25.0077350276523,121.535291969736,24.9960160097742,2016-05-24,"23_00"
"91",91,"Z42F2E0","水源快往南 泉州街下匝道",54,1,5,0,121.508575958881,25.0223029895734,121.512416020795,25.0242259740788,2016-05-24,"23_00"
"92",92,"Z42I2E0","水源快往南 永福橋下匝道",6,13,1.5,2,121.526604004471,25.0136400414621,121.527920044784,25.0117400117055,2016-05-24,"23_00"
"93",93,"Z42K2C0","水源快往南 華中橋下匝道",44.5,2.4,20,0,121.494897959806,25.0165149868655,121.495752005932,25.0165099750557,2016-05-24,"23_00"
"94",94,"Z0112A0","環河快往北 市民下匝道",49.560974,4.8,41.5,0,121.505632045463,25.0479460104869,121.507057986923,25.0504089798186,2016-05-24,"23_00"
"95",95,"Z5050A0","環河快往北 西園華江",61.833332,0.73333335,24.5,0,121.4909020335,25.0247749907051,121.491948992589,25.0363589545033,2016-05-24,"23_00"
"96",96,"Z5051A0","環河快往北 華江橋上匝道",43.125,8.2,56,0,121.489444030584,25.0354040152171,121.491948992589,25.0363589545033,2016-05-24,"23_00"
"97",97,"Z5060B0","環河快往北 華江貴陽",68.41538,2.6,65.5,0,121.491948992589,25.0363589545033,121.497868957546,25.0400649616175,2016-05-24,"23_00"
"98",98,"Z5070A0","環河快往北 貴陽市民",79.35384,1.7333333,65,0,121.497868957546,25.0400649616175,121.505632045463,25.0479460104869,2016-05-24,"23_00"
"99",99,"Z5070A1","環河快往北  貴陽市民",67.70886,3.2,79,0,121.497868957546,25.0400649616175,121.505632045463,25.0479460104869,2016-05-24,"23_00"
"100",100,"Z5080A0","環河快往北 市民民生",75.4186,1,43.5,0,121.505632045463,25.0479460104869,121.508492028217,25.0570309650365,2016-05-24,"23_00"
"101",101,"Z50B0A0","環河快往北 酒泉敦煌",49.753426,6.0666666,74.5,0,121.509256996901,25.0721649933788,121.508641013476,25.0767900150083,2016-05-24,"23_00"
"102",102,"Z50C2A0","環河快往北 貴陽街下匝道",60,1.25,10,0,121.497868957546,25.0400649616175,121.497707968591,25.0394379567263,2016-05-24,"23_00"
"103",103,"Z5250E0","環河快往南 民生西-忠孝橋",63.86111,1.6,37,0,121.508490045987,25.0570549865263,121.506820022925,25.0520699678275,2016-05-24,"23_00"
"104",104,"Z5260E0","環河快往南 忠孝橋",68.788734,3,71,0,121.506820022925,25.0520699678275,121.503459020046,25.0468649631992,2016-05-24,"23_00"
"105",105,"Z5261E0","環河快往南 忠孝橋上匝道",55.25,1.5,8,0,121.504301011176,25.0499669605124,121.503459020046,25.0468649631992,2016-05-24,"23_00"
"106",106,"Z5261F0","環河快往南 市民上匝道",35.166668,7.4,72,0,121.507228991091,25.0510220354424,121.503459020046,25.0468649631992,2016-05-24,"23_00"
"107",107,"Z5270E0","環河快往南 忠孝橋-中興橋",48.153847,0.8,13.5,0,121.503459020046,25.0468649631992,121.501675036559,25.0454489818402,2016-05-24,"23_00"
"108",108,"Z5280E0","環河快往南 中興橋",34.42857,2.4,14,0,121.501675036559,25.0454489818402,121.500127997034,25.0428969866014,2016-05-24,"23_00"
"109",109,"Z5290E0","環河快往南 中興橋-桂林路",64.933334,1.4,15,0,121.500127997034,25.0428969866014,121.495768980163,25.0390590284779,2016-05-24,"23_00"
"110",110,"Z52A0E0","環河快往南 桂林路-華江橋",48.329113,9,79,0,121.495768980163,25.0390590284779,121.491098012531,25.0361979990397,2016-05-24,"23_00"
"111",111,"Z52B0E0","環河快往南 華江橋",76.19728,5.5,148.5,0,121.491098012531,25.0361979990397,121.488941968621,25.0336170151409,2016-05-24,"23_00"
"112",112,"Z52B1E0","環河快往南 華江橋上匝道",41,2,3,0,121.489444030584,25.0354040152171,121.488941968621,25.0336170151409,2016-05-24,"23_00"
"113",113,"Z52C0E0","環河快往南 華江橋-西藏路",77.27419,2,62,0,121.488941968621,25.0336170151409,121.488264038685,25.0296530048539,2016-05-24,"23_00"
"114",114,"Z52C2E0","環河快往南 西藏路下匝道",38.95238,2.8,21,0,121.490064014881,25.0304020134316,121.488264038685,25.0296530048539,2016-05-24,"23_00"
"115",115,"Z52D0E0","環河快往南 西藏路-西園路",50.625,3,8.5,0,121.488264038685,25.0296530048539,121.490514011287,25.0244009718354,2016-05-24,"23_00"
"116",116,"Z6120C0","環東出城　正氣橋",42.822918,8,121,1,121.568370994278,25.0472350435512,121.570605021905,25.0510110311818,2016-05-24,"23_00"
"117",117,"Z6130C0","環東出城　麥帥一橋",64.38095,3,63,0,121.570605021905,25.0510110311818,121.574926995873,25.0534200156251,2016-05-24,"23_00"
"118",118,"Z6140C0","環東出城　堤頂舊宗",48.42857,0.8333333,7,1,121.574926995873,25.0534200156251,121.57748301202,25.0549450438494,2016-05-24,"23_00"
"119",119,"Z6150C0","環東出城　堤頂舊宗",77.644066,2.1,59,0,121.57748301202,25.0549450438494,121.584862988947,25.0586160247397,2016-05-24,"23_00"
"120",120,"Z6150C1","環東出城  堤頂舊宗",72.666664,1.9,54,0,121.57748301202,25.0549450438494,121.584862988947,25.0586160247397,2016-05-24,"23_00"
"121",121,"Z6151C0","環東出城　舊宗匝道",47.166668,2.3333333,6,1,121.56613702014,25.051338962847,121.584862988947,25.0586160247397,2016-05-24,"23_00"
"122",122,"Z6160C1","環東出城  彩虹經貿1",50.166668,6.2,71.5,1,121.584862988947,25.0586160247397,121.616541008175,25.0625849622717,2016-05-24,"23_00"
"123",123,"Z6160C2","環東出城  彩虹經貿2",70.4,2.8,75,0,121.584862988947,25.0586160247397,121.616541008175,25.0625849622717,2016-05-24,"23_00"
"124",124,"Z6160C3","環東出城  彩虹經貿3",88.117645,1.9,51,0,121.584862988947,25.0586160247397,121.616541008175,25.0625849622717,2016-05-24,"23_00"
"125",125,"Z6160C4","環東出城  彩虹經貿4",77.08108,0.2,74.5,0,121.584862988947,25.0586160247397,121.616541008175,25.0625849622717,2016-05-24,"23_00"
"126",126,"Z6160C5","環東出城  彩虹經貿5",80.68965,2.3,58,0,121.584862988947,25.0586160247397,121.616541008175,25.0625849622717,2016-05-24,"23_00"
"127",127,"Z6160C6","環東出城  彩虹經貿6",56.128204,3.2,78,1,121.584862988947,25.0586160247397,121.616541008175,25.0625849622717,2016-05-24,"23_00"
"128",128,"Z6160C7","環東出城  彩虹經貿7",51.226414,2.3,53,1,121.584862988947,25.0586160247397,121.616541008175,25.0625849622717,2016-05-24,"23_00"
"129",129,"Z6170C1","環東出城　南湖橋段1",66.14706,1.6,34,0,121.616541008175,25.0625849622717,121.617806017444,25.0621700152228,2016-05-24,"23_00"
"130",130,"Z6171C0","環東出城　園區匝道",59.826088,1.1,23,1,121.506686988079,25.0504710048466,121.617806017444,25.0621700152228,2016-05-24,"23_00"
"131",131,"Z6180A0","環東出城　往國道三號",73.4375,0.8,16,0,121.617806017444,25.0621700152228,121.619272988714,25.0611980022906,2016-05-24,"23_00"
"132",132,"Z6310G0","環東進城　前方",66.44898,1.3333333,49,0,121.619543975639,25.0614559745982,121.616821033512,25.0628670066886,2016-05-24,"23_00"
"133",133,"Z6320G0","環東進城　經貿園區",75.388885,0.8,18,0,121.616821033512,25.0628670066886,121.616641022636,25.0629230055203,2016-05-24,"23_00"
"134",134,"Z6330G2","環東出城  經貿彩虹2",70.91892,1.6,37,0,121.616641022636,25.0629230055203,121.584602985496,25.0590689905561,2016-05-24,"23_00"
"135",135,"Z6330G3","環東出城  經貿彩虹3",75.38461,1.5,39,0,121.616641022636,25.0629230055203,121.584602985496,25.0590689905561,2016-05-24,"23_00"
"136",136,"Z6330G4","環東出城  經貿彩虹4",78.09524,1.5,42,0,121.616641022636,25.0629230055203,121.584602985496,25.0590689905561,2016-05-24,"23_00"
"137",137,"Z6330G5","環東出城  經貿彩虹5",76.6,1.5,40,0,121.616641022636,25.0629230055203,121.584602985496,25.0590689905561,2016-05-24,"23_00"
"138",138,"Z6330G6","環東出城  經貿彩虹6",67.36842,1.7,38,0,121.616641022636,25.0629230055203,121.584602985496,25.0590689905561,2016-05-24,"23_00"
"139",139,"Z6330G7","環東出城  經貿彩虹7",58.673912,2.1,46,1,121.616641022636,25.0629230055203,121.584602985496,25.0590689905561,2016-05-24,"23_00"
"140",140,"Z6330G8","環東出城  經貿彩虹8",61,2,53,0,121.616641022636,25.0629230055203,121.584602985496,25.0590689905561,2016-05-24,"23_00"
"141",141,"Z6340G0","環東進城　舊宗新明",68.22727,1.4,45.5,0,121.584602985496,25.0590689905561,121.577017014874,25.055012037314,2016-05-24,"23_00"
"142",142,"Z6350G0","環東進城  堤頂麥一",76.875,1.4,32,0,121.577017014874,25.055012037314,121.574868993047,25.0538609882666,2016-05-24,"23_00"
"143",143,"Z6360G0","環東進城　麥帥一橋",67.21212,3.7,67,0,121.574868993047,25.0538609882666,121.570337952539,25.0515299950425,2016-05-24,"23_00"
"144",144,"Z6360G1","環東進城　麥帥一橋",61,2,45,1,121.574868993047,25.0538609882666,121.570337952539,25.0515299950425,2016-05-24,"23_00"
"145",145,"Z6380E0","環東進城　永吉匝道",49.925373,3.3,67,0,121.568211967079,25.0479089629847,121.566930011803,25.0458089733302,2016-05-24,"23_00"
"146",146,"Z7010A0","正氣橋出城接麥二橋",56.22222,3,63,0,121.572381048053,25.0517659831681,121.572381048053,25.0517659831681,2016-05-24,"23_00"
"147",147,"Z7230E0","麥二正氣",57.893616,2.2,47,0,121.572381048053,25.0517659831681,121.536157036992,25.0443180284222,2016-05-24,"23_00"
"148",148,"Z8001H0","洲美往北　中正社中",69.2541,4.733333,133.5,0,121.501322045006,25.0905279940405,121.506718964987,25.0840970372638,2016-05-24,"23_00"
"149",149,"Z8001H1","洲美往北  中正社中1",70.4023,2.2,92,0,121.501322045006,25.0905279940405,121.506718964987,25.0840970372638,2016-05-24,"23_00"
"150",150,"Z8010A0","洲美往北　社中通河",65.231705,3.5555556,87.5,0,121.506718964987,25.0840970372638,121.498530964268,25.0990859660389,2016-05-24,"23_00"
"151",151,"Z8010A2","洲美往北　跨河橋段",68.60526,1.0666666,40.5,0,121.506718964987,25.0840970372638,121.498530964268,25.0990859660389,2016-05-24,"23_00"
"152",152,"Z8020A0","洲美往北　福國路段",80.16868,2,83,0,121.498530964268,25.0990859660389,121.499175972166,25.1026189964555,2016-05-24,"23_00"
"153",153,"Z8030A0","洲美往北　焚化廠南",78.90426,2.4666667,94.5,0,121.499175972166,25.1026189964555,121.499039991332,25.1065160441939,2016-05-24,"23_00"
"154",154,"Z8040A0","洲美往北　焚化廠北",86.85,1.6666666,80.5,0,121.499039991332,25.1065160441939,121.493663023759,25.1217349827357,2016-05-24,"23_00"
"155",155,"Z8040A1","洲美往北   往大度",84.52,0,25,0,121.499039991332,25.1065160441939,121.493663023759,25.1217349827357,2016-05-24,"23_00"
"156",156,"Z8050A0","洲美往北　大業匝道",80.73913,1,23,0,121.493663023759,25.1217349827357,121.498706994097,25.1257360159759,2016-05-24,"23_00"
"157",157,"ZLGGYA0","洲美往北　北投匝道",56,1.5,15,0,121.499039991332,25.1065160441939,121.518394001597,25.0506200193959,2016-05-24,"23_00"
"158",158,"Z8211A0","洲美往南　大度匝道",59.416668,0.5,28,1,121.464409006352,25.12372703342,121.499415011407,25.1164069706791,2016-05-24,"23_00"
"159",159,"Z8220E1","洲美往南  焚化廠北",62.7193,1.0666667,65.5,1,121.499415011407,25.1164069706791,121.499410028525,25.1162300382646,2016-05-24,"23_00"
"160",160,"Z8230E0","洲美往南　焚化廠南",78.030304,1.8,66,0,121.499410028525,25.1162300382646,121.498717979057,25.1023440083671,2016-05-24,"23_00"
"161",161,"Z8240E0","洲美往南　福國路段",73.85185,1.6666666,54.5,0,121.498717979057,25.1023440083671,121.498122950903,25.0993239617516,2016-05-24,"23_00"
"162",162,"Z8250E0","洲美往南　跨河橋段",49.353657,2,103.5,0,121.498122950903,25.0993239617516,121.505457987033,25.0856429679772,2016-05-24,"23_00"
"163",163,"Z8250E2","洲美往南　通河社中",69.475,1,43,0,121.498122950903,25.0993239617516,121.505457987033,25.0856429679772,2016-05-24,"23_00"
"164",164,"Z8260A0","環北往南　社中中正",69.111115,1.1666666,46.5,0,121.505457987033,25.0856429679772,121.507375025755,25.0814500272669,2016-05-24,"23_00"
"165",165,"Z9010A0","信快往北  木柵入口",64.25,2,16.5,0,121.576575015947,25.0001809673246,121.581303018416,25.0061379810342,2016-05-24,"23_00"
"166",166,"Z9011A0","E_I-N-EN1",75.53846,2.2,13,0,121.582282989818,25.0046809888682,121.581303018416,25.0061379810342,2016-05-24,"23_00"
"167",167,"Z9030A0","信快往北 文山隧道",85.23333,0.8,30.5,0,121.581819044289,25.0080029688007,121.58007302298,25.0185520437394,2016-05-24,"23_00"
"168",168,"Z9040A0","信快往北  文山象山間",64.42308,0,26.5,0,121.58007302298,25.0185520437394,121.576318004777,25.0215079894489,2016-05-24,"23_00"
"169",169,"Z9050A0","信快往北  象山隧道",80.55173,0.6666667,29.5,0,121.576318004777,25.0215079894489,121.573106996005,25.0306110259661,2016-05-24,"23_00"
"170",170,"Z9060A0","信快往北  象山出口",43.70968,1.2,31.5,1,121.573106996005,25.0306110259661,121.57304703705,25.0323369694062,2016-05-24,"23_00"
"171",171,"ZGYS7A0","E_I-N-EX2",43.04348,4.4,26.5,0,121.57304703705,25.0323369694062,121.568318010097,25.0299530329774,2016-05-24,"23_00"
"172",172,"Z9201A0","E_I-S-EN2",48.375,5.25,16.5,1,121.574585031664,25.0329529736002,121.572957964431,25.0328939824679,2016-05-24,"23_00"
"173",173,"Z9211A0","信快往北  松仁匝道",41,1.95,75,1,121.568318010097,25.0299530329774,121.572483004907,25.0327419748003,2016-05-24,"23_00"
"174",174,"Z9230A0","信快往北  象山隧道",79.22222,1.5333334,57.5,0,121.572327042517,25.0308000093377,121.57589398737,25.0210529932084,2016-05-24,"23_00"
"175",175,"Z9240A0","信快往北  象山文山間",56.32787,1.9333332,68,1,121.57589398737,25.0210529932084,121.579738003233,25.0181450112202,2016-05-24,"23_00"
"176",176,"Z9250A0","信快往北  文山隧道",75.608696,1.0666667,47.5,0,121.579738003233,25.0181450112202,121.58125897475,25.0081889703121,2016-05-24,"23_00"
"177",177,"Z9260A0","信快往北  萬芳出口",51.45283,1.9333334,66,1,121.58125897475,25.0081889703121,121.580423983686,25.0049820284797,2016-05-24,"23_00"
"178",178,"ZJTJ960","八德路    松江路-忠孝東路",36.42857,3,14.5,0,121.532877004208,25.0443479756871,121.530008998433,25.0436089944644,2016-05-24,"23_00"
"179",179,"ZK5JW60","八德路    建國北路-新生北路",31.5,5.5,8.5,0,121.535606954197,25.045648042121,121.532877004208,25.0443479756871,2016-05-24,"23_00"
"180",180,"ZK7K820","八德路    新生南路-建國北路",34.22222,2.5,9.5,0,121.532877004208,25.0443479756871,121.533978046748,25.0446509770139,2016-05-24,"23_00"
"181",181,"ZKLLH20","八德路    建國北路-復興北路",30.538462,1.5,15,0,121.536660023401,25.0460589913958,121.540507984494,25.0467130279066,2016-05-24,"23_00"
"182",182,"ZKRM820","八德路    敦化北路-復興北路",43.666668,2.2,25.5,0,121.542154998418,25.0471219561995,121.543931037249,25.0475489915048,2016-05-24,"23_00"
"183",183,"ZKWN820","八德路    復興北路-敦化南路",54.5,1.3333334,4.5,0,121.54684699938,25.0481800005474,121.548917990989,25.0481810293354,2016-05-24,"23_00"
"184",184,"ZKWNV20","八德路    敦化南路-光復南路",35.18182,4.8,35,0,121.548917990989,25.0481810293354,121.552615002533,25.048185017375,2016-05-24,"23_00"
"185",185,"ZKWPX60","八德路    東興街?-光復北路",37.809525,3,21,0,121.558442020541,25.0482450205768,121.557817980928,25.0481839882944,2016-05-24,"23_00"
"186",186,"ZKZQW20","八德路    光復南路-東興街",34.727272,2.125,22,0,121.560881987113,25.0484879813674,121.562665970558,25.048661976267,2016-05-24,"23_00"
"187",187,"ZL6RM20","八德路    基隆路-東興街",47.375,1.75,8.5,0,121.565481960656,25.0489490280874,121.566246026065,25.0490280018431,2016-05-24,"23_00"
"188",188,"ZL9SB20","八德路    東興街-基隆路",28.5,3.5,12,1,121.566246026065,25.0490280018431,121.569388952581,25.049394985048,2016-05-24,"23_00"
"189",189,"ZLDTB20","八德路    基隆路-東新街",30.483871,2.8,32.5,0,121.572285964123,25.0500069670554,121.574505013287,25.0499799840799,2016-05-24,"23_00"
"190",190,"ZLDTB60","八德路    東新街-基隆路",31.26923,2.6,28,0,121.575991993912,25.0500010388504,121.574505013287,25.0499799840799,2016-05-24,"23_00"
"191",191,"ZLNUW60","南港路    向陽路-東新街",34.555557,3.4166667,19,0,121.584267978293,25.0522529863072,121.582729010121,25.0516809679925,2016-05-24,"23_00"
"192",192,"ZMAR840","三民路    民生東路-南京東路",55.7,1.2,11.5,0,121.563595975985,25.0568559981804,121.563871020332,25.0541290298898,2016-05-24,"23_00"
"193",193,"ZMTR600","三民路    南京東路-民生東路",70,1.4,12,0,121.563871020332,25.0541290298898,121.563595975985,25.0568559981804,2016-05-24,"23_00"
"194",194,"ZNQQE40","三民路    民權東路-民生東路",32,1,5,0,121.563142983751,25.0618319799925,121.563236955513,25.060902007694,2016-05-24,"23_00"
"195",195,"ZP8QY00","三民路    民生東路-民權東路",38,2.5,5.5,0,121.563142983751,25.0618319799925,121.56305804233,25.0628079608207,2016-05-24,"23_00"
"196",196,"ZMQ4C40","三重路    重陽路-南港路",57.23077,1.4,13,0,121.57778395346,25.0474489884482,121.613990028591,25.0561510020384,2016-05-24,"23_00"
"197",197,"Z4ZD520","大度路    立德路-大業路",69.454544,0.6666666,22.5,0,121.493554980993,25.1214749744342,121.499800962679,25.1210930165618,2016-05-24,"23_00"
"198",198,"Z58AH60","大度路    模構溪-立德路",62.48936,2.6666665,94.5,0,121.481430047917,25.1222009787626,121.471406959474,25.122847008826,2016-05-24,"23_00"
"199",199,"Z5AAF60","大度路    大業路-貴子坑溪",65.710846,1.9333332,83,0,121.486079991891,25.121852037788,121.466876988914,25.1232139811149,2016-05-24,"23_00"
"200",200,"Z5AAF61","大度路 貴水二溪-聖景路",73.088234,3.0833333,68,0,121.486079991891,25.121852037788,121.466876988914,25.1232139811149,2016-05-24,"23_00"
"201",201,"Z5B2R60","大度路    貴子坑溪-模構溪",60.96,2.5833333,75,0,121.466876988914,25.1232139811149,121.481430047917,25.1222009787626,2016-05-24,"23_00"
"202",202,"Z7JCE40","大業路    中央北路-承德路",58.035713,0.6666667,28,0,121.497173973346,25.1360519600889,121.496304977611,25.1345019669943,2016-05-24,"23_00"
"203",203,"Z3AIL00","中山北路  德行東路-士東路",41,1.375,14.5,0,121.525253015121,25.1087089734359,121.526529012548,25.112758021431,2016-05-24,"23_00"
"204",204,"Z4NJD00","中山北路  士東路-天母東路",57.333332,1,6,0,121.528577048448,25.1163439672642,121.530083045652,25.1182429548424,2016-05-24,"23_00"
"205",205,"ZHWGD40","中山南路  仁愛路-愛國西路",36.809525,2.75,21,0,121.517742001752,25.0392739842801,121.516464971111,25.0348820142513,2016-05-24,"23_00"
"206",206,"ZIVGU00","中山南路  愛國東路-信義路",44.869564,2.625,23.5,0,121.516464971111,25.0348820142513,121.517742001752,25.0392739842801,2016-05-24,"23_00"
"207",207,"ZIVGU40","中山南路  忠孝西路-仁愛路",32.739132,2.25,24,0,121.518155021069,25.0407080117975,121.517742001752,25.0392739842801,2016-05-24,"23_00"
"208",208,"ZKEHB00","中山南路  仁愛路-忠孝東路",29.7,3.2,31.5,0,121.519250950846,25.0444959843402,121.519582972501,25.0456320015231,2016-05-24,"23_00"
"209",209,"ZKEHB40","中山北路  長安西路-忠孝西路",41.913044,1.9,24,0,121.5203119583,25.0471550161381,121.519582972501,25.0456320015231,2016-05-24,"23_00"
"210",210,"ZLBHN00","中山北路  忠孝東路-長安東路",25.588236,3.4,34.5,1,121.519250950846,25.0444959843402,121.521621966763,25.0498139771949,2016-05-24,"23_00"
"211",211,"ZLBHN40","中山北路  南京西路-長安西路",60.142857,1,7.5,0,121.52257401473,25.0522299753826,121.521621966763,25.0498139771949,2016-05-24,"23_00"
"212",212,"ZLRHT00","中山北路  長安西路-南京東路",66.8,1.1666666,15,0,121.521621966763,25.0498139771949,121.52257401473,25.0522299753826,2016-05-24,"23_00"
"213",213,"ZLRHT40","中山北路　南京往南",57.875,1.5,24,0,121.522713974682,25.0549919835593,121.52257401473,25.0522299753826,2016-05-24,"23_00"
"214",214,"ZN5HV00","民生東　中山北(往北)",49.545456,0.9,11,0,121.522713974682,25.0549919835593,121.522845004353,25.0578899846763,2016-05-24,"23_00"
"215",215,"ZNLHV00","中山北路  民權東路-錦州街",32.11111,8,92.5,1,121.522845004353,25.0578899846763,121.522954993974,25.0603360232939,2016-05-24,"23_00"
"216",216,"ZP7HI40","中山北路  民族東路-民權東路",57.2,1.25,17.5,0,121.522241006668,25.0648800135277,121.522608016415,25.0627480091243,2016-05-24,"23_00"
"217",217,"ZQFHV00","中山北路  民權東路-民族東路",51.192307,2.375,26,0,121.522456963987,25.0668379817813,121.522870035759,25.0684350355759,2016-05-24,"23_00"
"218",218,"ZSVI900","中山北三段 北安路-中山北四段1巷",46.18421,5.7,43,0,121.526876997522,25.0759860132315,121.524396034032,25.0797770077648,2016-05-24,"23_00"
"219",219,"ZSVI940","通河街　中山北(往南)",52.409637,4.8333335,83.5,0,121.525484975308,25.0841879571588,121.524396034032,25.0797770077648,2016-05-24,"23_00"
"220",220,"ZTTIF00","中山北路　劍潭往北",56.164707,2.3333335,88.5,0,121.524396034032,25.0797770077648,121.525484975308,25.0841879571588,2016-05-24,"23_00"
"221",221,"ZTTIF40","中山北路  小北街-基河路",41.885715,3.2,38,0,121.525650020016,25.0857400139857,121.525484975308,25.0841879571588,2016-05-24,"23_00"
"222",222,"ZU5IF00","中山北路  基河路-小北街",40.17647,13.1,94.5,0,121.525484975308,25.0841879571588,121.52718495366,25.0876670187764,2016-05-24,"23_00"
"223",223,"ZVYIV00","中山北路  小北街-中正路",37.15,1.5,20,1,121.527473957656,25.0902389796397,121.528014004153,25.0937130284284,2016-05-24,"23_00"
"224",224,"ZYBIB00","中山北路  德行東路-忠誠路",48.974358,2.5,39.5,0,121.525543043736,25.1024700426213,121.52484602371,25.1040249679002,2016-05-24,"23_00"
"225",225,"ZYSIB00","中山北路  忠誠路-德行東路",46.357143,3.7,45,0,121.52484602371,25.1040249679002,121.524896032415,25.1064259709129,2016-05-24,"23_00"
"226",226,"ZZLIE40","中山北路  天母東路-士東路",56.75,2.25,16,0,121.525253015121,25.1087089734359,121.525950049097,25.1116950429302,2016-05-24,"23_00"
"227",227,"ZZYII40","中山北路  士東路-德行東路",39.535713,4.25,31,0,121.526529012548,25.112758021431,121.525253015121,25.1087089734359,2016-05-24,"23_00"
"228",228,"ZU8EF20","重陽大橋 重陽橋 -延平北路六段",62.253014,4.3333335,91.5,0,121.499370989401,25.084592036831,121.505624988292,25.0856570244771,2016-05-24,"23_00"
"229",229,"ZVEGK60","中正路    文林路-承德路",46.173912,1.3,23.5,0,121.517704994726,25.0918079730647,121.516491996487,25.0910000387343,2016-05-24,"23_00"
"230",230,"ZW7HN20","中正路    承德路-文林路",34.044445,9.3,45.5,0,121.52003199482,25.0933530172806,121.52189001497,25.0943849867539,2016-05-24,"23_00"
"231",231,"ZWGIV60","中正路    雨農路-文林路",31.25,1.5,12.5,0,121.530285031655,25.0961960292212,121.527914004661,25.0957539877762,2016-05-24,"23_00"
"232",232,"ZG7EQ00","中華路    和平西路-水源路",42,2.2,16,0,121.508164027194,25.0258549787553,121.507077029818,25.0267439883943,2016-05-24,"23_00"
"233",233,"ZI9EM00","中華路    和平西路-愛國西路",19.238094,4.3,74,1,121.505301004035,25.03340303799,121.506630000043,25.0359989709198,2016-05-24,"23_00"
"234",234,"ZIKPW60","仁愛路光復往西",62.285713,0.9,28.5,0,121.56042603886,25.0375930247427,121.557582024175,25.0376670102663,2016-05-24,"23_00"
"235",235,"ZIKQP20","仁愛路   逸仙路-光復南路",61.666668,0.33333334,6.5,0,121.56042603886,25.0375930247427,121.561506001618,25.0375530161359,2016-05-24,"23_00"
"236",236,"ZILPI20","仁愛路   光復南路-敦化南路",45,0.44444445,4,0,121.552935023966,25.0377569602288,121.555442046408,25.0377109564045,2016-05-24,"23_00"
"237",237,"ZIMNN60","仁愛路安和路往西",57.5,1,26.5,0,121.552935023966,25.0377569602288,121.551775004519,25.0377789671945,2016-05-24,"23_00"
"238",238,"ZINKW20","仁愛路    建國南路-新生南路",43.18182,1.8,26,0,121.53278995384,25.0381459966656,121.537882966645,25.0380649934768,2016-05-24,"23_00"
"239",239,"ZINLD60","仁愛路    復興南路-建國南路",49,1,14.5,0,121.543679972316,25.0379439557612,121.539974007135,25.0380210265144,2016-05-24,"23_00"
"240",240,"ZIPIZ60","金山南路  信義路-仁愛路",55.814816,1.75,28,0,121.52941104638,25.0382129641192,121.528340969147,25.0382519822543,2016-05-24,"23_00"
"241",241,"ZIPJA20","仁愛路    新生南路-金山南路",60.5,1.9166667,28,0,121.528340969147,25.0382519822543,121.52941104638,25.0382129641192,2016-05-24,"23_00"
"242",242,"ZIRHZ20","仁愛路    杭州南路-中山南路",45.266666,0.26666668,31,0,121.521595040537,25.0387639638472,121.523417010188,25.0385230073086,2016-05-24,"23_00"
"243",243,"ZV9IP40","文林路    中正路-基河路",46.148148,4.6,28,0,121.525956002142,25.0923389607966,121.527037041757,25.0902129967989,2016-05-24,"23_00"
"244",244,"ZY9H840","文林北路  承德路-德行西路",53.363636,1.4666667,37,0,121.520752973895,25.1022339731109,121.519637009102,25.1032309691362,2016-05-24,"23_00"
"245",245,"ZYRGM00","文林北路  德行西路-承德路",38.587303,4.6000004,70,0,121.520752973895,25.1022339731109,121.516615012448,25.1061029568463,2016-05-24,"23_00"
"246",246,"Z1NMM20","木柵路    興隆路-和興路",40.7,0.75,10.5,0,121.544016982749,24.9884689866207,121.545971014879,24.986728970597,2016-05-24,"23_00"
"247",247,"Z27SN20","木新路    興隆路-木柵路",42.285713,2.6,22,0,121.568615035016,24.988909958163,121.570930960222,24.9907069825126,2016-05-24,"23_00"
"248",248,"Z2LSS20","木柵路    秀明路-萬芳路",59.32353,2.2,34,0,121.569046007132,24.9987579698985,121.571743015186,24.9948559781927,2016-05-24,"23_00"
"249",249,"ZACTV20","木柵路    萬芳路-北二高",38.885715,7,37.5,0,121.574570982811,24.9981499979952,121.575677996718,24.9995900320669,2016-05-24,"23_00"
"250",250,"ZAWVC20","木柵路    北二高-新光路",58.25,3,18,0,121.581921996822,25.0023919784946,121.583964992877,25.0029429905388,2016-05-24,"23_00"
"251",251,"Z1CRT60","木新路    木柵路-興隆路",27,7.4,32,1,121.56875002671,24.9839530093009,121.566735961769,24.9832559576,2016-05-24,"23_00"
"252",252,"ZSBID60","北安路    明水路-中山北路",60.951218,5.6,44,0,121.537560952393,25.0777889720838,121.526876997522,25.0759860132315,2016-05-24,"23_00"
"253",253,"ZSJJX20","北安路    中山北路-明水路",53.5,1.75,12,0,121.529015999351,25.0777479915008,121.533200981536,25.0780399695584,2016-05-24,"23_00"
"254",254,"ZSWMR40","北安路    大直街-通北街",47.5,1,10.5,0,121.548179978795,25.0805040395406,121.547413975489,25.079874995817,2016-05-24,"23_00"
"255",255,"ZJGPQ20","市民大道  復興北路-敦化北路",36.36842,5.2,59.5,0,121.546218997063,25.0450760260571,121.548883040402,25.0448050256844,2016-05-24,"23_00"
"256",256,"ZK6L860","市民大道  敦化北路-建國北路",37.026318,3.3,40.5,0,121.542381983637,25.0446300134924,121.539486992585,25.0444869867107,2016-05-24,"23_00"
"257",257,"ZK6NY60","市民大道  敦化北路-復興北路",35.413044,4.3,47.5,0,121.556752972869,25.044929037857,121.553044027324,25.0445180305677,2016-05-24,"23_00"
"258",258,"ZK6P820","市民大道  敦化北路-光復北路",41.152172,6,92.5,0,121.548883040402,25.0448050256844,121.553785987587,25.0441180322778,2016-05-24,"23_00"
"259",259,"ZK8LT20","市民大道  建國北路-復興北路",40.225,3,40,0,121.539486992585,25.0444869867107,121.542381983637,25.0446300134924,2016-05-24,"23_00"
"260",260,"ZK9KC60","市民大道  建國北路-金山北路",51.28,2.5,25,0,121.536654952605,25.044894027352,121.53478201032,25.0450279866061,2016-05-24,"23_00"
"261",261,"ZKJJP20","市民大道  金山北路-建國北路",11.347863,6.4,2997.5,2,121.615421998675,25.045238998741,121.532890983601,25.0454499827697,2016-05-24,"23_00"
"262",262,"ZKNIV20","市民大道  中山北路-金山北路",38.65,1.875,20,0,121.526052005025,25.047513980359,121.527754976858,25.0470660157481,2016-05-24,"23_00"
"263",263,"ZKQQY20","市民大道  光復南路-基隆路",29.944445,1.2,20,0,121.55778403127,25.045105009154,121.562977017142,25.0473070427485,2016-05-24,"23_00"
"264",264,"ZKSIE60","市民大道  金山北路-中山北路",40.666668,3.2,51.5,0,121.527754976858,25.0470660157481,121.526052005025,25.047513980359,2016-05-24,"23_00"
"265",265,"ZKVHI20","市民大道  重慶北路-中山北路",35.962963,2.1,27,0,121.516775988975,25.0499119871932,121.520761957648,25.0480390041157,2016-05-24,"23_00"
"266",266,"ZL5GL60","市民大道  中山北路-重慶北路",52.621666,8.5,615,0,121.514850033308,25.0490519785949,121.516423961792,25.0487760337543,2016-05-24,"23_00"
"267",267,"ZLAFP60","市民大道  重慶北路-環河北路",44.44,1.875,25,0,121.513314967253,25.0494279843331,121.511989016427,25.0499020209939,2016-05-24,"23_00"
"268",268,"ZLXFX20","市民大道  環河北路-重慶北路",35.03846,12.4,57.5,0,121.511989016427,25.0499020209939,121.513314967253,25.0494279843331,2016-05-24,"23_00"
"269",269,"ZMSEX60","民生西路  重慶北路-環河北路",35.727272,2.2,22,0,121.509004974381,25.0568730220494,121.50827197583,25.0568570248746,2016-05-24,"23_00"
"270",270,"ZMTG520","民生西路  環河北路-重慶北路",26.75,4.25,24,1,121.511602029279,25.0569270241787,121.513792994809,25.0569739901897,2016-05-24,"23_00"
"271",271,"ZMTG560","民生西路  承德路-重慶北路",33.65,8.5,29.5,0,121.515556954,25.0570130175921,121.513792994809,25.0569739901897,2016-05-24,"23_00"
"272",272,"ZMTHB20","民生西路  承德路-雙連站",44.643356,16,165,0,121.519185998666,25.0574509664278,121.519722000221,25.0575220384742,2016-05-24,"23_00"
"273",273,"ZMTHB60","民生西路  中山北路-雙連站",38.545456,6.8,34.5,0,121.522845004353,25.0578899846763,121.519722000221,25.0575220384742,2016-05-24,"23_00"
"274",274,"ZMUGG20","民生西路  重慶北路-承德路",39.384617,4.75,19.5,0,121.513792994809,25.0569739901897,121.515556954,25.0570130175921,2016-05-24,"23_00"
"275",275,"ZMXH820","民生西路  雙連站-承德路",44.488888,9,51,0,121.51817497086,25.0573370422045,121.519185998666,25.0574509664278,2016-05-24,"23_00"
"276",276,"ZMYN820","民生東路  復興北路-敦化北路",39.64706,2.1999998,34,0,121.54621504649,25.0577149568673,121.549010024689,25.0576959838419,2016-05-24,"23_00"
"277",277,"ZMYN860","民生東路  光復北路-敦化北路",31.666666,0.5,3,0,121.552123981625,25.0579729758179,121.549010024689,25.0576959838419,2016-05-24,"23_00"
"278",278,"ZMZL960","民生東路  建國北路-龍江路",45.333332,1,21,0,121.540695002758,25.057808013133,121.539168991943,25.0578130194978,2016-05-24,"23_00"
"279",279,"ZMZLI20","民生東路  復興北路-龍江路",45.522728,2.4666667,45,0,121.539168991943,25.0578130194978,121.540695002758,25.057808013133,2016-05-24,"23_00"
"280",280,"ZMZM920","民生東路  龍江路-復興北路",42.95238,3.6666667,46,0,121.542191988586,25.0577839575877,121.544143954275,25.0577500050787,2016-05-24,"23_00"
"281",281,"ZMZM960","民生東路  敦化北路-復興北路",45,1,15,0,121.54621504649,25.0577149568673,121.544143954275,25.0577500050787,2016-05-24,"23_00"
"282",282,"ZN5HV20","民生西　中山北(往東)",50.72222,3,20,0,121.519722000221,25.0575220384742,121.522845004353,25.0578899846763,2016-05-24,"23_00"
"283",283,"ZN5HV60","民生西路  雙連站-中山北路",44.157894,4,19,0,121.525521993862,25.058043041147,121.522845004353,25.0578899846763,2016-05-24,"23_00"
"284",284,"ZN5IG20","民生東路  新生北路-林森北路",43.555557,3.8,27,0,121.522845004353,25.0578899846763,121.525521993862,25.058043041147,2016-05-24,"23_00"
"285",285,"ZN5IG60","民生東路  中山北路-林森北路",37.064518,3.3,33,0,121.527593974766,25.0580270277509,121.525521993862,25.058043041147,2016-05-24,"23_00"
"286",286,"ZN5IU20","民生東路  林森北路-新生北路",43.641026,3.1,39,0,121.525521993862,25.058043041147,121.527593974766,25.0580270277509,2016-05-24,"23_00"
"287",287,"ZN5JX20","民生東路  新生北路-松江路",49.255814,2.4,44.5,0,121.531547994803,25.0579399813517,121.53313299757,25.0579159728731,2016-05-24,"23_00"
"288",288,"ZN5JX60","民生東路  建國北路-松江路",40.63871,10.666667,167.5,0,121.536919039933,25.057858005413,121.53313299757,25.0579159728731,2016-05-24,"23_00"
"289",289,"ZN8PG20","民生東路  敦化北路-光復北路",42.173912,3,26.5,0,121.552123981625,25.0579729758179,121.555236965001,25.0582509892992,2016-05-24,"23_00"
"290",290,"ZN8PT60","民生東路  松江路-新生北路",42.48,1.8,25,0,121.53313299757,25.0579159728731,121.530199965209,25.0579630368021,2016-05-24,"23_00"
"291",291,"ZN9PZ60","民生東路  三民路-光復北路",47.8,4.25,17,0,121.560520980176,25.0586280119212,121.5582810095,25.0584920009933,2016-05-24,"23_00"
"292",292,"ZNCRE20","民生東路  光復北路-三民路",42.612904,6.4,33,0,121.560520980176,25.0586280119212,121.563407019984,25.0588610281959,2016-05-24,"23_00"
"293",293,"ZQDLJ20","民族東路  松江路-復興北路",46.357143,1.2,14,0,121.536280012836,25.0681609592538,121.541008015539,25.0680809705608,2016-05-24,"23_00"
"294",294,"ZQEIH20","民族東路  中山北路-新生北路",46.190475,1.5,21,0,121.522870035759,25.0684350355759,121.525754004841,25.068351994266,2016-05-24,"23_00"
"295",295,"ZQEIV20","民族東路  松江路-新生北路",58.733334,0.875,15,0,121.525754004841,25.068351994266,121.527845966731,25.0683090008077,2016-05-24,"23_00"
"296",296,"ZQEJF20","民族東路  新生北路-松江路",45.736843,2,19,0,121.527845966731,25.0683090008077,121.53046196583,25.0682630230775,2016-05-24,"23_00"
"297",297,"ZQEJY20","民族東路  復興北路-松江路",50.833332,1.4,18.5,0,121.53046196583,25.0682630230775,121.533306991068,25.0682079612344,2016-05-24,"23_00"
"298",298,"ZQFHC20","民族西路  中山北路-承德路",44.058823,1,17,0,121.51841003728,25.0684950038011,121.519570012124,25.0685090049757,2016-05-24,"23_00"
"299",299,"ZQFHV20","民族西路  承德路-中山北路",46.673912,1.8,48,0,121.519570012124,25.0685090049757,121.522870035759,25.0684350355759,2016-05-24,"23_00"
"300",300,"ZQFHV60","民族東路  新生北路-中山北路",48,2,7,0,121.525754004841,25.068351994266,121.522870035759,25.0684350355759,2016-05-24,"23_00"
"301",301,"ZQGFY60","民族西路  承德路-環河北路",38,5,13.5,0,121.515922954464,25.0685580163344,121.51373200123,25.0686110250405,2016-05-24,"23_00"
"302",302,"ZQGGJ20","民族西路  環河北路-承德路",50.2,3.8,25.5,0,121.51373200123,25.0686110250405,121.515922954464,25.0685580163344,2016-05-24,"23_00"
"303",303,"ZNUNJ20","民權東路  復興北路-敦化北路",36.756756,1.6666667,37,0,121.547949042975,25.0618890047209,121.550771020132,25.0614809697749,2016-05-24,"23_00"
"304",304,"ZNUNJ60","民權東路 光復北路-敦化北路",68.75,0.9333334,33,0,121.554579045723,25.0618819961467,121.550771020132,25.0614809697749,2016-05-24,"23_00"
"305",305,"ZNXPC20","民權東路  敦化北路-光復北路",44,1.5333333,62,0,121.550771020132,25.0614809697749,121.554579045723,25.0618819961467,2016-05-24,"23_00"
"306",306,"ZNXPC60","民權東路  撫遠街-光復北路",54.583332,0.8666667,24.5,0,121.559160048094,25.0622719808216,121.554579045723,25.0618819961467,2016-05-24,"23_00"
"307",307,"ZNZM920","民權東路  建國北路-復興北路",42.95238,3,21.5,0,121.540832956369,25.0621860248392,121.544232992862,25.062200957326,2016-05-24,"23_00"
"308",308,"ZNZM960","民權東路  光復北路-敦化北路",46,1.4000001,26,0,121.54665001827,25.0619299949912,121.544232992862,25.062200957326,2016-05-24,"23_00"
"309",309,"ZP5KR20","民權東路  松江路-建國北路",46.75,2.1,22,0,121.533203037377,25.062466042796,121.537017999938,25.0623710424569,2016-05-24,"23_00"
"310",310,"ZP5KR60","民權東路  松江路-建國北路",56,0,1,0,121.540832956369,25.0621860248392,121.537017999938,25.0623710424569,2016-05-24,"23_00"
"311",311,"ZP5QG20","民權東路  光復北路-撫遠街",44.785713,1.8666668,42,0,121.559160048094,25.0622719808216,121.560171962386,25.0624119833773,2016-05-24,"23_00"
"312",312,"ZP6IG60","民權東路  中山北路-新生北路",66.6,1.4,31.5,0,121.527752013645,25.0626210276048,121.525630951348,25.0626739621405,2016-05-24,"23_00"
"313",313,"ZP6IV60","民權東路  松江路-新生北路",42.333332,2.9,37,0,121.53029899333,25.0625490279007,121.527752013645,25.0626210276048,2016-05-24,"23_00"
"314",314,"ZP6JY20","民權東路  新生北路-松江路",48.314285,2.8,38.5,0,121.53029899333,25.0625490279007,121.533203037377,25.062466042796,2016-05-24,"23_00"
"315",315,"ZP6JY60","民權東路  建國北路-松江路",50.76923,2.6,30.5,0,121.537017999938,25.0623710424569,121.533203037377,25.062466042796,2016-05-24,"23_00"
"316",316,"ZP8GI20","民權西路        　大龍街(往東)",48.325,1.0000001,44,0,121.516163984285,25.0598450024429,121.515958038642,25.0629250128546,2016-05-24,"23_00"
"317",317,"ZQEUU60","民權東路  瑞光路-撫遠街",61.875,2.625,41,0,121.584317046042,25.0687650163875,121.582500003105,25.0682489842762,2016-05-24,"23_00"
"318",318,"ZQKVX60","民權東往西　成功路-瑞光路",7.375,0.8333333,9,2,121.590899033537,25.0689469699906,121.5878369866,25.0690490446365,2016-05-24,"23_00"
"319",319,"ZQKWL60","民權東路  民權隧道-成功路",29,0.6,7,1,121.578835034172,25.0561200135216,121.590899033537,25.0689469699906,2016-05-24,"23_00"
"320",320,"ZQUWI20","民權東路  成功路-民權隧道",49.869564,1.9,24,0,121.590899033537,25.0689469699906,121.595239042545,25.0685590338722,2016-05-24,"23_00"
"321",321,"ZKDTY20","永吉路    基隆路-松山路",55.238094,6.2,45,0,121.577000980946,25.0454469963599,121.57779395367,25.045417010901,2016-05-24,"23_00"
"322",322,"ZKESJ10","永吉路    松山路-基隆路",49.310345,3.8,29.5,0,121.569048972781,25.0445750447065,121.57034304881,25.0456269949513,2016-05-24,"23_00"
"323",323,"Z3UNW00","仰德大道三段    陽明山國小(往北)",55.636364,2.4,16.5,0,121.548889955492,25.1106999832386,121.551666997229,25.1175510283918,2016-05-24,"23_00"
"324",324,"Z7HMH00","仰德大道四段　格致中學(往北)",39.5,5.6666665,17,1,121.552832971224,25.1189279642201,121.545848991172,25.1338050273114,2016-05-24,"23_00"
"325",325,"ZXSLB20","仰德大道二段　2巷(嶺頭山莊)(往東)",46.944443,2.2,18,0,121.537158956528,25.1060750183634,121.539758042194,25.1018589858249,2016-05-24,"23_00"
"326",326,"ZHEPV00","光復南路 基隆路-信義路",37.23077,1.5,13,0,121.557395974638,25.0293889718943,121.557448026394,25.0321149827166,2016-05-24,"23_00"
"327",327,"ZHEPV40","舊宗路一段南京六行善(往北)",46.285713,1.125,42,0,121.557472029698,25.0330630202679,121.557448026394,25.0321149827166,2016-05-24,"23_00"
"328",328,"ZHKPV40","光復南路 仁愛路-信義路",37.642857,2.9,45,0,121.557521953655,25.0353829553836,121.557472029698,25.0330630202679,2016-05-24,"23_00"
"329",329,"ZIKPW00","仁愛路　光復南(往北)",44.02439,3.8,51,0,121.557521953655,25.0353829553836,121.557582024175,25.0376670102663,2016-05-24,"23_00"
"330",330,"ZJFPW00","光復南路 仁愛路-忠孝東路",38.57143,1.6666667,51,0,121.557619023949,25.0393190063412,121.557657972539,25.0413139705787,2016-05-24,"23_00"
"331",331,"ZJFPW40","光復南路   市民大道-忠孝東路",37.103447,3,29.5,0,121.557817980928,25.0481839882944,121.557657972539,25.0413139705787,2016-05-24,"23_00"
"332",332,"ZKAPX00","光復南路  忠孝東路-市民大道",46.166668,0.625,6,0,121.557657972539,25.0413139705787,121.55778403127,25.045105009154,2016-05-24,"23_00"
"333",333,"ZKAPX40","光復南路  八德路-市民大道",45.756756,5.2,55.5,0,121.557800985264,25.0466399849394,121.55778403127,25.045105009154,2016-05-24,"23_00"
"334",334,"ZKLPX00","光復南路  市民大道-八德路",52.88889,4.3,54,0,121.55778403127,25.045105009154,121.557800985264,25.0466399849394,2016-05-24,"23_00"
"335",335,"ZKWPX40","光復北路  南京東路-八德路",31.586206,3.3,29.5,0,121.557308017462,25.0515439744428,121.557817980928,25.0481839882944,2016-05-24,"23_00"
"336",336,"ZL7PX00","光復北路  八德路-南京東路",44.333332,4.9,55,0,121.557817980928,25.0481839882944,121.557842010172,25.0491139674837,2016-05-24,"23_00"
"337",337,"ZLNPU40","光復北路  健康路-南京東路",34.333332,2.2,21,0,121.556594046076,25.0536500051492,121.557308017462,25.0515439744428,2016-05-24,"23_00"
"338",338,"ZM7PP00","光復北路  南京東路-健康路",37,3,8,0,121.557308017462,25.0515439744428,121.556594046076,25.0536500051492,2016-05-24,"23_00"
"339",339,"ZM7PP40","光復北路  民生東路-健康路",40,3.25,13.5,0,121.555604029826,25.0562180368435,121.556594046076,25.0536500051492,2016-05-24,"23_00"
"340",340,"ZN8PG00","光復北路  健康路-民生東路",39.5,3.8,19.5,0,121.555604029826,25.0562180368435,121.555236965001,25.0582509892992,2016-05-24,"23_00"
"341",341,"ZN8PG40","光復北路  民權東路-民生東路",47.23077,2.75,13,0,121.554579045723,25.0618819961467,121.555236965001,25.0582509892992,2016-05-24,"23_00"
"342",342,"ZNXPC00","光復北路  民生東路-民權東路",48,1.6,9,0,121.555236965001,25.0582509892992,121.554579045723,25.0618819961467,2016-05-24,"23_00"
"343",343,"ZLAJE40","吉林路    南京東路-長安東路",46.4,2.6,16,0,121.530049017891,25.0504970028238,121.530034960641,25.0496940059509,2016-05-24,"23_00"
"344",344,"ZLRJE00","吉林路    長安東路-南京東路",44.545456,2,11,0,121.52960297329,25.048152016889,121.530084993618,25.0520410356862,2016-05-24,"23_00"
"345",345,"ZLRJE40","吉林路  民生東路-南京東路",41.466667,2,15,0,121.530112024283,25.0536480257702,121.530084993618,25.0520410356862,2016-05-24,"23_00"
"346",346,"ZMEJE00","吉林路    南京東路-民生東路",44.615383,1.5,13,0,121.530112024283,25.0536480257702,121.53013697346,25.0548400027191,2016-05-24,"23_00"
"347",347,"ZMLXB00","向陽路    重陽路-新明路",69.22222,2.9,48,0,121.594905003222,25.0548470311376,121.594135048916,25.0555719922456,2016-05-24,"23_00"
"348",348,"ZFNNH40","安和路    樂利路-和平東路",48.52941,7,36,0,121.549828991591,25.0280270129986,121.550318964963,25.0244679550359,2016-05-24,"23_00"
"349",349,"ZGNNK40","安和路    信義路-樂利街",47.333332,2.3333333,9,0,121.551611046257,25.0297450439059,121.550794959106,25.0290159835927,2016-05-24,"23_00"
"350",350,"ZHLNV00","安和路    樂利街-信義路",43.833332,1.5,6,0,121.552432042233,25.0317009965039,121.552467960776,25.0331719873244,2016-05-24,"23_00"
"351",351,"ZHLNV40","安和路    仁愛路-信義路",36.125,1.6,8,0,121.552527965838,25.035330014608,121.552467960776,25.0331719873244,2016-05-24,"23_00"
"352",352,"ZIMNN00","安和路    信義路-仁愛路",44.5,1.25,6,0,121.552501995633,25.0361689992417,121.551775004519,25.0377789671945,2016-05-24,"23_00"
"353",353,"ZJGMT00","安和路    仁愛路-敦化南路",38.625,0.4,8,0,121.546144043555,25.0415559881941,121.54718403224,25.0415430434721,2016-05-24,"23_00"
"354",354,"ZQ6WK40","成功路    民權東路-南京東路",50.809525,4,43,0,121.590703951387,25.067539018744,121.590850032986,25.0628439710575,2016-05-24,"23_00"
"355",355,"ZQKWL00","成功路    南京東路-民權東路",42.882355,5.2,56,0,121.590518979189,25.0660680113132,121.590899033537,25.0689469699906,2016-05-24,"23_00"
"356",356,"ZQKWL40","成功路    民權東路-陽光街",43.47872,9.6,100,0,121.590448033929,25.0699599893922,121.590899033537,25.0689469699906,2016-05-24,"23_00"
"357",357,"ZJPEI60","成都路    中華路-康定路",41.698112,4.9,54.5,0,121.507587971462,25.042359975048,121.505934044635,25.0427360392706,2016-05-24,"23_00"
"358",358,"ZJUDT20","成都　　康定路(往東)",36.294117,4.2,36.5,0,121.491488965562,25.0486350135639,121.502626999904,25.0435240419137,2016-05-24,"23_00"
"359",359,"Z3ZT820","至善路    中社路-產業道路",49,1,3,1,121.56567803258,25.1131100094587,121.573992032337,25.1163199945961,2016-05-24,"23_00"
"360",360,"ZWRLS20","至善路    福林路-故宮路",58.666668,2,47.5,0,121.539927017509,25.0973710017973,121.542305981721,25.0971909722556,2016-05-24,"23_00"
"361",361,"ZWXMM60","至善路    至善路-故宮路",40.88889,1.5,9.5,0,121.550250990901,25.1002949696846,121.546524026218,25.0981420294763,2016-05-24,"23_00"
"362",362,"ZX9KL60","福林路    雨農路-至善路",59.517242,1.6666667,29,0,121.539927017509,25.0973710017973,121.536465021284,25.0992169702622,2016-05-24,"23_00"
"363",363,"ZXWNW20","至善路    故宮路-至善路",49.75,1.5,4,0,121.550250990901,25.1002949696846,121.552876962193,25.1022530355286,2016-05-24,"23_00"
"364",364,"ZZKPR20","至善路    至善路-中社路",46.7,1.6,10,0,121.557462985376,25.1076619562863,121.557154982438,25.1098199874148,2016-05-24,"23_00"
"365",365,"ZFWBS00","光復橋(往北)",51.08,1.3,25,0,121.49086798313,25.0244600211102,121.492498025584,25.0258449627048,2016-05-24,"23_00"
"366",366,"ZGKCG40","西園路    和平西路-西藏路",30.615385,2.3333333,27,0,121.49632003092,25.0301110424846,121.495630982185,25.0286869877743,2016-05-24,"23_00"
"367",367,"ZHZD800","西園路    西藏路-和平西路",36.260868,2.3333333,23.5,0,121.496789992364,25.0310400013737,121.499313966025,25.0352559817825,2016-05-24,"23_00"
"368",368,"ZJPEI40","西寧南路  峨嵋街-內江街",36.741936,3.2,31.5,0,121.506196015376,25.0436650415371,121.505934044635,25.0427360392706,2016-05-24,"23_00"
"369",369,"ZKJEP40","西寧北路  忠孝西路-峨嵋街",31.666666,1.1666666,6,0,121.507321980866,25.0475609785168,121.507029990711,25.0465419809687,2016-05-24,"23_00"
"370",370,"ZGKCG20","西藏路    艋舺大道-西園路",27,1.625,10,1,121.495352031791,25.0282639566907,121.495630982185,25.0286869877743,2016-05-24,"23_00"
"371",371,"ZGKCG60","西藏路    萬大路-西園路",49.5,1,11,0,121.4991810355,25.0293430084573,121.495630982185,25.0286869877743,2016-05-24,"23_00"
"372",372,"ZGQDF20","西藏路    西園路-萬大路",52.705883,1.375,18,0,121.4991810355,25.0293430084573,121.500537976666,25.0293929749052,2016-05-24,"23_00"
"373",373,"ZGUEI60","西藏路    汀洲路-中華路",31.571428,0.75,7,1,121.507211962894,25.0306430435373,121.504117977474,25.0299949685813,2016-05-24,"23_00"
"374",374,"ZGYER20","西藏路    中華路-汀州路",28.764706,1.6,17,1,121.504117977474,25.0299949685813,121.507211962894,25.0306430435373,2016-05-24,"23_00"
"375",375,"Z1CPB00","辛亥路    木新路-光輝路",37.604168,10.2,50,0,121.553863985992,24.979864968356,121.554027961826,24.9832139755255,2016-05-24,"23_00"
"376",376,"Z1CPB40","辛亥路    光輝路-木新路",41,5.6,31,0,121.554193981955,24.9848290313096,121.554027961826,24.9832139755255,2016-05-24,"23_00"
"377",377,"Z1HPC00","辛亥路    光輝路-懷恩隧道",47.25,1.8,12,0,121.554027961826,24.9832139755255,121.554193981955,24.9848290313096,2016-05-24,"23_00"
"378",378,"Z1SNV00","辛亥路    懷恩隧道-光輝路",52.833332,3.5,19,0,121.554193981955,24.9848290313096,121.552345039233,24.9877980335106,2016-05-24,"23_00"
"379",379,"ZAGPE40","辛亥路    懷恩隧道-興隆路",50.42857,1.25,7,0,121.556817970959,25.0045190313385,121.554592045127,25.0008260047598,2016-05-24,"23_00"
"380",524,"ZM210E0","復北地下道往南",66.8125,1,17.5,0,121.543685015519,25.0507070048541,121.543639996839,25.0478700113867,2016-05-24,"23_00"
"381",380,"ZB5PL00","辛亥路    興隆路-萬美街",47,4.6,24,0,121.556817970959,25.0045190313385,121.558152990685,25.0060670412361,2016-05-24,"23_00"
"382",381,"ZB5PL40","辛亥路    萬美街-興隆路",37.625,2,8,0,121.558541952787,25.0066609840938,121.558152990685,25.0060670412361,2016-05-24,"23_00"
"383",382,"ZB5PL60","辛亥路    辛亥隧道-萬美街",46.75,3.2,20.5,0,121.558541952787,25.0066609840938,121.558152990685,25.0060670412361,2016-05-24,"23_00"
"384",383,"ZBQP700","辛亥路    萬美街-辛亥隧道",45.62069,4.8,29,0,121.558152990685,25.0060670412361,121.558541952787,25.0066609840938,2016-05-24,"23_00"
"385",384,"ZDYN960","辛亥路    基隆路-辛亥隧道",57.448277,1.8,29,0,121.550875961883,25.018326973487,121.549057016913,25.0170070234282,2016-05-24,"23_00"
"386",385,"ZEFMN20","辛亥路    基隆路-復興南路",35.92,3,28,0,121.543358978541,25.0212439864241,121.546649048669,25.0191459845886,2016-05-24,"23_00"
"387",386,"ZEFMN60","辛亥路    辛亥隧道-基隆路",42.714287,1.1666666,38.5,1,121.549057016913,25.0170070234282,121.546649048669,25.0191459845886,2016-05-24,"23_00"
"388",387,"ZEWM520","辛亥路    復興南路-建國南路",59.392857,2.0666668,42,0,121.541079986254,25.0213150435746,121.543358978541,25.0212439864241,2016-05-24,"23_00"
"389",388,"ZEWM560","辛亥路    復興南路-基隆路",49.820225,6.7,89,0,121.546649048669,25.0191459845886,121.543358978541,25.0212439864241,2016-05-24,"23_00"
"390",389,"ZF9KB20","辛亥路    汀州路-建國南路",40.6,1.4,15,0,121.531857969838,25.0218990356169,121.534426045252,25.0223860105166,2016-05-24,"23_00"
"391",390,"ZF9KB60","辛亥路    建國南路-汀州路",48.3,1.2666667,21,0,121.537576990046,25.0222670349586,121.534426045252,25.0223860105166,2016-05-24,"23_00"
"392",391,"ZF9KW60","辛亥路    復興南路-建國南路",49.533333,1.6666667,31,0,121.543358978541,25.0212439864241,121.537576990046,25.0222670349586,2016-05-24,"23_00"
"393",392,"ZEUPN60","和平東路  臥龍街-基隆路",35.545456,1.5,11,0,121.557560005957,25.0196380340218,121.556513993491,25.0205809639847,2016-05-24,"23_00"
"394",393,"ZEZPT20","和平東路  基隆路-臥龍街",34.52941,0.875,17.5,0,121.55464904923,25.0223849731817,121.555546993352,25.0215150147704,2016-05-24,"23_00"
"395",394,"ZFPMQ20","和平東路  復興南路-基隆路",43.177418,6.3,70,0,121.543424023128,25.0248549855301,121.546683031722,25.0246709606404,2016-05-24,"23_00"
"396",395,"ZFQM660","和平東路  基隆路-復興南路",52.957447,3.625,49,0,121.546683031722,25.0246709606404,121.543424023128,25.0248549855301,2016-05-24,"23_00"
"397",396,"ZFTLH60","和平東路  復興南路-新生南路",54.86,2.6,52,0,121.537671024771,25.0256339943513,121.538838961141,25.0254760168588,2016-05-24,"23_00"
"398",397,"ZFYKD20","和平西路  師大路-新生南路",51.264706,8.533334,150.5,0,121.533620018857,25.0261720409252,121.534867967877,25.0260230159196,2016-05-24,"23_00"
"399",398,"ZFZK620","和平東路  羅斯福路-師大路",45.09302,2.2666667,43,0,121.531599953592,25.0263149712506,121.533620018857,25.0261720409252,2016-05-24,"23_00"
"400",399,"ZG6J520","和平西路  新生南路-師大路",52.16949,6.333333,124,0,121.525913962462,25.0267859703791,121.528519039679,25.0265699870944,2016-05-24,"23_00"
"401",400,"ZG8IK60","和平西路  重慶南路-羅斯福路",36,0.5,1,0,121.528519039679,25.0265699870944,121.525913962462,25.0267859703791,2016-05-24,"23_00"
"402",401,"ZG9HT60","和平東路  師大路-羅斯福路",49.727272,1,22,0,121.523912978148,25.0269469657233,121.522427026731,25.027032997263,2016-05-24,"23_00"
"403",402,"ZGBGJ60","和平西路  羅斯福路-重慶南路",42.975,3.1,40.5,0,121.517986992022,25.0267239754063,121.515957978162,25.0272459956899,2016-05-24,"23_00"
"404",403,"ZGMFQ20","和平西路  南海路-重慶南路",44.666668,2.1666667,18,0,121.509164048097,25.030545997559,121.512031024664,25.0290380232257,2016-05-24,"23_00"
"405",404,"ZGXF860","和平西路  重慶南路-南海路",44,1.3333334,13,0,121.512031024664,25.0290380232257,121.509164048097,25.030545997559,2016-05-24,"23_00"
"406",405,"ZH7EV20","莒光路    中華路-和平西路",40,1,1,0,121.505301004035,25.03340303799,121.507889043338,25.0312189821961,2016-05-24,"23_00"
"407",406,"ZHHEF20","和平西路  南海路-中華路",43.48387,2.1,33.5,0,121.504857003723,25.0337749705175,121.505301004035,25.03340303799,2016-05-24,"23_00"
"408",407,"ZHZC820","和平西路  中華路-水源路",50.73077,2.4,30,0,121.491524963513,25.0354639551665,121.494408993903,25.0354079836009,2016-05-24,"23_00"
"409",408,"ZHZDJ20","和平西路  環河南路-中華路",38.545456,2.5,23.5,0,121.499313966025,25.0352559817825,121.501225987764,25.0352050366073,2016-05-24,"23_00"
"410",409,"ZISCI20","華江橋(往東)",73.55556,1,9,0,121.49086798313,25.0244600211102,121.496048048653,25.0388149699351,2016-05-24,"23_00"
"411",410,"ZJCTT20","忠孝東路  松信路-松山路",43.727272,1.75,23.5,0,121.575325038745,25.0408320443226,121.576929974667,25.0407980148635,2016-05-24,"23_00"
"412",411,"ZJCTT60","忠孝東路  松山路-松信路",45,2.1666667,40.5,1,121.577831967601,25.0407769954083,121.576929974667,25.0407980148635,2016-05-24,"23_00"
"413",412,"ZJDST20","忠孝東路 松仁路-松信路",37.28,1.9333334,26.5,0,121.570191965881,25.0409869811321,121.571935956922,25.0409349574797,2016-05-24,"23_00"
"414",413,"ZJERC20","忠孝東　基隆路(往東)",48.233334,4.9,61.5,0,121.562730957348,25.0411869587421,121.564464988337,25.041143998202,2016-05-24,"23_00"
"415",414,"ZJERC60","忠孝東路往西 松仁路-基隆路",44.285713,1.8333334,45,0,121.568686003029,25.0410379832092,121.564464988337,25.041143998202,2016-05-24,"23_00"
"416",415,"ZJES820","忠孝東路往東 基隆路-松仁路",40.714287,1.3333333,37,0,121.564464988337,25.041143998202,121.568686003029,25.0410379832092,2016-05-24,"23_00"
"417",416,"ZJFQQ60","忠孝東路  基隆路-逸仙路",42.157894,3.5,38.5,0,121.562730957348,25.0411869587421,121.561582048975,25.0412180286531,2016-05-24,"23_00"
"418",417,"ZJGNK60","忠孝四段170往西",56.221153,2.2,107,0,121.552971038,25.0414130111333,121.550770978706,25.0414659619593,2016-05-24,"23_00"
"419",418,"ZJGPC20","忠孝東路　延吉往東",47.710526,1.6666666,41,0,121.552971038,25.0414130111333,121.554487045962,25.0413890343382,2016-05-24,"23_00"
"420",419,"ZJHKR20","忠孝東路  復興北路-建國南路",66.8,0.75,20,0,121.532867951087,25.0422989956186,121.537077016111,25.0417060435019,2016-05-24,"23_00"
"421",420,"ZJHM720","忠孝東路  建國南路-復興北路",37.098038,3.9333332,53.5,0,121.541634979028,25.0416349682104,121.543765995297,25.0416090380889,2016-05-24,"23_00"
"422",421,"ZJHML20","忠孝東路  復興南路-大安路",51,2.0666668,41,0,121.543765995297,25.0416090380889,121.546144043555,25.0415559881941,2016-05-24,"23_00"
"423",422,"ZJHML60","忠孝東路  敦化南路-大安路",52.67347,2,49,0,121.54718403224,25.0415430434721,121.546144043555,25.0415559881941,2016-05-24,"23_00"
"424",423,"ZJLJW20","忠孝東路  新生北路-建國南路",70,0.33333334,4,0,121.529867965964,25.0431219811591,121.532867951087,25.0422989956186,2016-05-24,"23_00"
"425",424,"ZJQJI20","忠孝東路  建國南路-中山北路",47.2,1.8,37.5,0,121.529867965964,25.0431219811591,121.530730009031,25.0428839936556,2016-05-24,"23_00"
"426",425,"ZJTJ820","忠孝東路  杭州北路-中山北路",48.08621,2.1333334,58,0,121.526849011636,25.0439449738104,121.529006971227,25.0433510221623,2016-05-24,"23_00"
"427",426,"ZJXIQ20","忠孝東路  林森北路-杭州北路",108.521736,1.1333334,24,0,121.525107021695,25.0443669744632,121.526849011636,25.0439449738104,2016-05-24,"23_00"
"428",427,"ZK5IE20","忠孝東路  八德路-林森北路",81.565216,1.7333333,46.5,0,121.523344996927,25.044788032304,121.525107021695,25.0443669744632,2016-05-24,"23_00"
"429",428,"ZK8HY20","忠孝東路  館前路-林森北路",41.38,8,212.5,0,121.521632042379,25.0451920145688,121.523344996927,25.044788032304,2016-05-24,"23_00"
"430",429,"ZKAHN20","忠孝東路  林森北路-館前路",40.814285,13,215,0,121.519582972501,25.0456320015231,121.521632042379,25.0451920145688,2016-05-24,"23_00"
"431",430,"ZKCUX20","忠孝東路  東新街-中坡南路",58.7,4.4,35.5,0,121.581931038571,25.0441729612756,121.582718974582,25.0452810424302,2016-05-24,"23_00"
"432",431,"ZKLGD20","忠孝西路  中華路-館前路",64.57143,1.8,52,0,121.511009976667,25.0479730195554,121.515008984925,25.0467950373473,2016-05-24,"23_00"
"433",432,"ZKVVH20","忠孝東路  中坡南路-東新街",51.260868,3,25.5,0,121.582718974582,25.0452810424302,121.585100032729,25.0479620345473,2016-05-24,"23_00"
"434",433,"ZKXET20","忠孝西路  環河北路-塔城街",43.47945,3.8666668,79.5,0,121.506503986656,25.0488909901789,121.507623047764,25.048616959465,2016-05-24,"23_00"
"435",434,"ZKXET60","忠孝西路  中華路-環河北路",44,1,4,0,121.506758999056,25.0506060000321,121.507623047764,25.048616959465,2016-05-24,"23_00"
"436",435,"ZLEWS20","忠孝東路  東新街-向陽路",46.064518,2.1,32,0,121.589050998969,25.0492460032113,121.591322049175,25.0497339722126,2016-05-24,"23_00"
"437",436,"ZLEWS60","忠孝東路  向陽路-東新街",39.47826,4.5,49,0,121.575325038745,25.0408320443226,121.591322049175,25.0497339722126,2016-05-24,"23_00"
"438",437,"ZM64J20","忠孝東路  向陽路-研究院路",49.6,2,27,1,121.61261503992,25.0527349841585,121.615243008538,25.0530400109657,2016-05-24,"23_00"
"439",438,"ZM64J60","忠孝東路  研究院路-向陽路",65.38095,1.8,22.5,0,121.61629396121,25.053161955416,121.615243008538,25.0530400109657,2016-05-24,"23_00"
"440",439,"Z37JI40","忠誠路    天母東路-德行東路",59.333332,1.4666667,29,0,121.532934016338,25.1149020373679,121.531068977338,25.1124079749547,2016-05-24,"23_00"
"441",440,"Z4FKA00","忠誠路    德行東路-天母東路",55.96154,1.5833333,27,0,121.532934016338,25.1149020373679,121.53466299808,25.1180829630573,2016-05-24,"23_00"
"442",441,"ZYBIB60","忠誠路    忠義街-中山北路",44.612904,2.25,31.5,0,121.528898012559,25.1055090420039,121.52484602371,25.1040249679002,2016-05-24,"23_00"
"443",442,"ZYLJ600","忠誠路  中山北路-忠義街",43.638298,3.2,49,0,121.52484602371,25.1040249679002,121.528898012559,25.1055090420039,2016-05-24,"23_00"
"444",443,"ZZAJE00","忠誠路  忠義街-德行東路",59.444443,1.4666667,36,0,121.528898012559,25.1055090420039,121.530318019165,25.1083749664506,2016-05-24,"23_00"
"445",444,"ZZAJE60","忠誠路    中山北路-忠義街",43.473682,3.6,19.5,0,121.535907038271,25.1100249627925,121.530318019165,25.1083749664506,2016-05-24,"23_00"
"446",445,"Z3MER00","承德路    文林北路-吉利街",62.1875,1.6,48.5,0,121.50923497412,25.1124480055163,121.507130965865,25.1143699686909,2016-05-24,"23_00"
"447",446,"Z4VDD40","承德路    文林北路-基河路",63.285713,1.2,49.5,0,121.51136898907,25.1105090269283,121.511873979864,25.105577986075,2016-05-24,"23_00"
"448",447,"ZLIGO40","承德路    南京西路-市民大道",50.60606,2,36,0,121.517691970298,25.0532490075265,121.517028000562,25.050877024964,2016-05-24,"23_00"
"449",448,"ZLYGU00","承德路    市民大道-南京西路",50.076923,0.8666667,26.5,0,121.517028000562,25.050877024964,121.517691970298,25.0532490075265,2016-05-24,"23_00"
"450",449,"ZMQGX40","承德路    民生西路-南京西路",82.13333,0.6,16,0,121.51817497086,25.0573370422045,121.518144022001,25.0547379670373,2016-05-24,"23_00"
"451",450,"ZMWGW00","承德路    南京西路-民生西路",46.827587,1.6666667,31.5,0,121.518144022001,25.0547379670373,121.51817497086,25.0573370422045,2016-05-24,"23_00"
"452",451,"ZMWGW40","承德路民生西路往南",46.349205,2.3333335,67.5,0,121.518217038202,25.0601989750841,121.51817497086,25.0573370422045,2016-05-24,"23_00"
"453",452,"ZP8GX00","承德路    民生西路-民權西路",42.55102,3.0666668,54,0,121.518217038202,25.0601989750841,121.518278034,25.0628709805022,2016-05-24,"23_00"
"454",453,"ZP8GX40","承德路    民族西路-民權西路",70,1.1333334,46.5,0,121.518329979386,25.0658410329101,121.518278034,25.0628709805022,2016-05-24,"23_00"
"455",454,"ZQFGY00","承德路    民權西路-民族西路",59.116665,3.5333333,68,0,121.518329979386,25.0658410329101,121.51841003728,25.0684950038011,2016-05-24,"23_00"
"456",455,"ZR8GZ40","承德路    劍潭路-民族西路",48,1.75,27,0,121.519132992345,25.0730250139216,121.51860298358,25.0718979983684,2016-05-24,"23_00"
"457",456,"ZRTHD00","承德路    民族東路-劍潭路",52.57143,2.5833333,28,0,121.519132992345,25.0730250139216,121.520142954438,25.075179002518,2016-05-24,"23_00"
"458",457,"ZV7GX00","承德路    中正路-劍潭路",38.95652,1.1666667,26,0,121.521558963159,25.0888150438412,121.518350989573,25.0897839795481,2016-05-24,"23_00"
"459",458,"ZVCGQ40","承德路    大業路-吉利街",46.513157,3.5333333,83,0,121.5014999737,25.1194989799831,121.503336993095,25.1178130018371,2016-05-24,"23_00"
"460",459,"ZVEGK00","承德路    劍潭路-中正路",50.382355,1.0666667,34.5,0,121.518350989573,25.0897839795481,121.516491996487,25.0910000387343,2016-05-24,"23_00"
"461",460,"ZVVGB40","承德路    基河路-中正路",50.414288,1.7,71.5,1,121.514055017166,25.0959740116679,121.515635003385,25.092103988547,2016-05-24,"23_00"
"462",461,"ZJQEB00","昆明街    成都路-忠孝西路",40,0.9,12,0,121.504532045206,25.041495018513,121.504825008811,25.0430019877903,2016-05-24,"23_00"
"463",462,"ZSEMV60","明水路    樂群一路-大直橋",63.90625,1.8,32,0,121.549573022597,25.0772759751444,121.547689985538,25.0774089666611,2016-05-24,"23_00"
"464",463,"ZSGLN60","明水路    大直橋-北安路",64.73333,2,15,0,121.544389033262,25.0773219827372,121.541635006388,25.0776029893899,2016-05-24,"23_00"
"465",464,"ZT9NN00","明水路    北安路-樂群一路",53.333332,1.6666666,15,0,121.552044033409,25.0799839674544,121.551448019389,25.0818549822257,2016-05-24,"23_00"
"466",465,"ZHFHV00","杭州南路  羅斯福路-愛國東路",42.916668,4.375,33,0,121.522002025786,25.0295359980159,121.522274983141,25.0308619897926,2016-05-24,"23_00"
"467",466,"ZI6I900","杭州南路  愛國東路-信義路",45.8125,0.9333334,16,0,121.52675898022,25.0342589664573,121.524326005961,25.035441042185,2016-05-24,"23_00"
"468",467,"ZIPIF00","杭州南路  信義路-仁愛路",51.785713,1.25,14,0,121.524326005961,25.035441042185,121.525200027068,25.0382819856299,2016-05-24,"23_00"
"469",468,"ZJGIK00","杭州南路  仁愛路-忠孝東路",46.75,1.1,12,0,121.525743009547,25.0401489702973,121.52615501421,25.0415549907144,2016-05-24,"23_00"
"470",469,"ZIGHK40","信義路　林森南(往南)",35.80357,6.3,60,0,121.521595040537,25.0387639638472,121.521081991794,25.0370229803464,2016-05-24,"23_00"
"471",470,"ZJCHS40","林森南路  忠孝東路-仁愛路",49.18182,1.1333333,24,0,121.522650962936,25.0423980324317,121.522239033265,25.0410010298098,2016-05-24,"23_00"
"472",471,"ZJMHU00","林森南路  仁愛路-忠孝東路",41.8,1.1,10.5,0,121.522239033265,25.0410010298098,121.522650962936,25.0423980324317,2016-05-24,"23_00"
"473",472,"ZK8HY40","林森北路  長安東路-忠孝東路",37.666668,0,3,0,121.523806986935,25.0463219909129,121.523344996927,25.044788032304,2016-05-24,"23_00"
"474",473,"ZKII640","林森北路  忠孝東路-長安東路",29,1.5,2,0,121.524572008387,25.0491270245344,121.523806986935,25.0463219909129,2016-05-24,"23_00"
"475",474,"ZLRIF40","林森北路  長春路-長安東路",29.973684,1.4,51,0,121.525458978715,25.0549099825207,121.525377993726,25.0520939617721,2016-05-24,"23_00"
"476",475,"ZMFIG00","林森北路  長安東路-長春路",23.22807,1.6,64.5,0,121.525377993726,25.0520939617721,121.525458978715,25.0549099825207,2016-05-24,"23_00"
"477",476,"ZN5IG00","林森北路  長春路-民生東路",28.477272,11.4,45,0,121.525458978715,25.0549099825207,121.525521993862,25.058043041147,2016-05-24,"23_00"
"478",477,"ZNKIG00","林森北路  民生東路-民權東路",32.6,17.8,67.5,0,121.525521993862,25.058043041147,121.52557102941,25.0602910365096,2016-05-24,"23_00"
"479",478,"ZNKIG40","林森北路  民權東路-民生東路",28.630434,8.2,46.5,0,121.525606990661,25.0616809601453,121.52557102941,25.0602910365096,2016-05-24,"23_00"
"480",479,"ZPYIH00","林森北路  民權東路-民族東路",40.21875,7.2,34,0,121.525690048067,25.0648859887343,121.525707967089,25.0666460353804,2016-05-24,"23_00"
"481",480,"ZPYIH40","林森北路  民族東路-民權東路",41.727272,0.4,11,0,121.525754004841,25.068351994266,121.525707967089,25.0666460353804,2016-05-24,"23_00"
"482",481,"ZMEJW40","松江路    民生東路-南京東路",37.666668,1.6666666,20.5,0,121.53313299757,25.0579159728731,121.533070031058,25.0547930311624,2016-05-24,"23_00"
"483",482,"ZN5JX00","松江路    南京東路-民生東路",36.7,5,60,0,121.533070031058,25.0547930311624,121.53313299757,25.0579159728731,2016-05-24,"23_00"
"484",483,"ZN5JX40","松江路  民權東路-民生東路",50.692307,2.1,31,0,121.533173047141,25.0602999587837,121.53313299757,25.0579159728731,2016-05-24,"23_00"
"485",484,"ZNLJX20","松江路    民生東路-民權東路",56.95238,0.8,21,0,121.534847955769,25.0602940260267,121.533173047141,25.0602999587837,2016-05-24,"23_00"
"486",485,"ZP6JY40","松江路    民生東路-民權東路",43.454544,2.6,48.5,0,121.533241968318,25.0647050407117,121.533203037377,25.062466042796,2016-05-24,"23_00"
"487",486,"ZQEJY00","松江路    民權東路-民族東路",38.291668,1.9166666,26,0,121.537017999938,25.0623710424569,121.533306991068,25.0682079612344,2016-05-24,"23_00"
"488",487,"ZDYJC00","金山南路  愛國東路-信義路",51.636364,0.875,11.5,0,121.526847003873,25.0316669589232,121.527272972601,25.0340489558628,2016-05-24,"23_00"
"489",488,"ZDYJC40","金山南路  仁愛路-信義路",46.666668,2.2,30,0,121.528340969147,25.0382519822543,121.527272972601,25.0340489558628,2016-05-24,"23_00"
"490",489,"ZG8IK40","金山南路  愛國東路-和平東路",43.666668,2.1,24,0,121.526308995626,25.0288699736331,121.525913962462,25.0267859703791,2016-05-24,"23_00"
"491",490,"ZHAIQ00","金山南路  和平東路-愛國東路",40.310345,3.375,29.5,0,121.526582976893,25.0301700427729,121.526847003873,25.0316669589232,2016-05-24,"23_00"
"492",491,"ZHAIQ40","金山南路  信義路-愛國東路",48.294117,1.1,17,0,121.527272972601,25.0340489558628,121.526847003873,25.0316669589232,2016-05-24,"23_00"
"493",492,"ZIXJ740","金山南路  忠孝東路-仁愛路",27.307692,50.8,26.5,0,121.529195013205,25.0408220379251,121.528753043802,25.0394610024343,2016-05-24,"23_00"
"494",493,"ZJBJ900","金山南路  仁愛路-忠孝東路",40.410713,3,56,0,121.528753043802,25.0394610024343,121.529195013205,25.0408220379251,2016-05-24,"23_00"
"495",494,"ZSQYA00","金湖路    民權東路-康寧路",47.47059,5.8,35,0,121.60152301582,25.0745739629973,121.599591004498,25.078978040163,2016-05-24,"23_00"
"496",495,"ZKVJB60","長安東路  林森北路-新生北路",38.720932,6.4,43.5,0,121.5314569682,25.0484610170838,121.52960297329,25.048152016889,2016-05-24,"23_00"
"497",496,"ZL6IA60","長安東路  中山北路-林森北路",41.074074,4.8,27,0,121.528453029474,25.048237003662,121.524572008387,25.0491270245344,2016-05-24,"23_00"
"498",497,"ZLBHN20","長安西路  承德路-中山北路",37.307693,2,13.5,0,121.517028000562,25.050877024964,121.521621966763,25.0498139771949,2016-05-24,"23_00"
"499",498,"ZLBHN60","長安東路  林森北路-中山北路",41.727272,3.75,12.5,0,121.522839965486,25.0495300052462,121.521621966763,25.0498139771949,2016-05-24,"23_00"
"500",499,"ZLGGY60","長安西路  中山北路-承德路",45.125,1,8,0,121.519977995024,25.0501899826042,121.518394001597,25.0506200193959,2016-05-24,"23_00"
"501",500,"ZLKGF40","長安西路  承德路-重慶北路",40.375,0.4,8,0,121.516127982904,25.0536160251129,121.515453993572,25.0512350420078,2016-05-24,"23_00"
"502",501,"ZLMG620","長安西路  環河北路-重慶北路",22.25,1.5,4.5,1,121.511868965836,25.0520420013174,121.513928993666,25.0515830323019,2016-05-24,"23_00"
"503",502,"ZLTEQ40","長安西路  重慶北路-環河北路",29.90909,3,12,1,121.507476028548,25.0537090347304,121.507242000006,25.0524010319773,2016-05-24,"23_00"
"504",503,"ZMDL800","長春路    復興北路-建國北路",29,3.8,20,0,121.539122001065,25.0561339717854,121.539075961259,25.0546719547361,2016-05-24,"23_00"
"505",504,"ZMDL820","長春路    新生北路-松江路",56.166668,2,12,0,121.536845962901,25.0547340197055,121.539075961259,25.0546719547361,2016-05-24,"23_00"
"506",505,"ZMDLH20","長春路    建國北路-復興北路",33,8,17,0,121.539075961259,25.0546719547361,121.540503002328,25.0546399550223,2016-05-24,"23_00"
"507",506,"ZMEJE20","長春路    松江路-新生北路",41.727272,2,12,0,121.527560028847,25.0548669637719,121.53013697346,25.0548400027191,2016-05-24,"23_00"
"508",507,"ZMEKD00","長春路    建國北路-松江路",49.115383,3.8,26.5,0,121.534792956807,25.0520060131358,121.534823975309,25.0547690306678,2016-05-24,"23_00"
"509",508,"ZMFHU60","長春路    新生北路-中山北路",58.333332,1.3333334,9,0,121.525458978715,25.0549099825207,121.522713974682,25.0549919835593,2016-05-24,"23_00"
"510",509,"ZMFIG20","長春路    中山北路-新生北路",31,2.2,15,0,121.522713974682,25.0549919835593,121.525458978715,25.0549099825207,2016-05-24,"23_00"
"511",510,"ZGYS640","松仁路往南   信義路-松平路",49.75,0.7,28,0,121.56829704186,25.0318759992408,121.568310021885,25.0304130431246,2016-05-24,"23_00"
"512",511,"ZHXS600","信義路   松仁路-松德路",44.476635,7,118,0,121.568291995067,25.0328239644553,121.56833098802,25.034792021521,2016-05-24,"23_00"
"513",512,"ZI9S600","松仁路住北   信義路-松壽路",47.57143,2.2666667,42.5,0,121.568291995067,25.0328239644553,121.568354969459,25.0358029814327,2016-05-24,"23_00"
"514",513,"ZI9S640","松仁路往南 松高路-松壽路",40.589287,2.2666667,58,0,121.568439012417,25.0390520357679,121.568354969459,25.0358029814327,2016-05-24,"23_00"
"515",514,"ZJES800","松仁路往北 松高路-忠孝東路",54.173912,1.0833334,26,0,121.570191965881,25.0409869811321,121.568686003029,25.0410379832092,2016-05-24,"23_00"
"516",515,"ZI9R760","松壽路   松智路-市府路",40.692307,1.25,27,0,121.565462026286,25.0358500395745,121.563529047497,25.0358840150263,2016-05-24,"23_00"
"517",516,"ZI9RI20","松壽路往東 市府路-松智路",41.88889,0.7,18.5,0,121.561339958224,25.0359290444265,121.565462026286,25.0358500395745,2016-05-24,"23_00"
"518",517,"ZI9RW20","松壽路   松智路-松仁路",38.916668,1.3333334,12,0,121.563529047497,25.0358840150263,121.567571981239,25.0358150020425,2016-05-24,"23_00"
"519",518,"ZIWR760","松高路往西   松仁路-市府路",27.416666,0.9333334,12,1,121.565526037298,25.0390909572895,121.563604049021,25.0391340109023,2016-05-24,"23_00"
"520",519,"ZI9RI40","松智路往南 松高路-松壽路",38.724136,1.4,31.5,0,121.565526037298,25.0390909572895,121.565462026286,25.0358500395745,2016-05-24,"23_00"
"521",520,"ZIWRJ00","松智路往北   松高路-松壽路",41.75,1,22,0,121.565462026286,25.0358500395745,121.565526037298,25.0390909572895,2016-05-24,"23_00"
"522",521,"ZSM4D60","康湖路  康樂隧道住西",55.736843,1.0625,9,0,121.62328997197,25.0782929587753,121.614297041317,25.0783040001469,2016-05-24,"23_00"
"523",522,"ZTEZS60","康湖路  成功隧道往西",57.333332,0.8333333,9,0,121.614297041317,25.0783040001469,121.606728971073,25.0815539591478,2016-05-24,"23_00"
"524",523,"ZM010A0","復北地下道往北",77.07143,0.8,14,0,121.543293010912,25.0526770071354,121.543604042915,25.0502569816267,2016-05-24,"23_00"
"525",525,"ZHJRJ60","信義路往西 松仁路-松智路",41.4,1,18,1,121.568291995067,25.0328239644553,121.565399005848,25.0328889864399,2016-05-24,"23_00"
"526",526,"ZHJS620","信義路   松智路-松仁路",38.425,5.6,49.5,1,121.565399005848,25.0328889864399,121.568291995067,25.0328239644553,2016-05-24,"23_00"
"527",527,"ZHKPV60","信義路   光復南路-基隆路",27.043478,2.6666667,83,1,121.559572982138,25.0330190123501,121.557472029698,25.0330630202679,2016-05-24,"23_00"
"528",528,"ZHKQD60","信義路往西 松智路-基隆路",21.9,4,10.5,1,121.561346000281,25.0329670051349,121.559572982138,25.0330190123501,2016-05-24,"23_00"
"529",529,"ZHKQP20","信義路   基隆路-松智路",43,1.75,24,0,121.559572982138,25.0330190123501,121.561346000281,25.0329670051349,2016-05-24,"23_00"
"530",530,"ZHMML20","信義路四段  復興南路-大安路一段",29.764706,1.3,17,0,121.543589997887,25.0333580219207,121.545959009029,25.0333140381647,2016-05-24,"23_00"
"531",531,"ZHNJV20","信義路二段 金山南路一段-新生南路一段",36.975,4.1,41.5,0,121.529966998193,25.0336970279168,121.532731042103,25.0335689678089,2016-05-24,"23_00"
"532",532,"ZIBHV20","信義路　紹興南(往東)",38.17647,1.5833333,17.5,0,121.521081991794,25.0370229803464,121.522743967498,25.0362140038064,2016-05-24,"23_00"
"533",533,"ZIGHK20","信義路　林森南(往東)",22.833334,1.2222222,6.5,1,121.517742001752,25.0392739842801,121.521081991794,25.0370229803464,2016-05-24,"23_00"
"534",534,"ZLMR820","南京東　三民路(往東)",46,1,2,0,121.560826031736,25.0514589603378,121.563808990757,25.0514019858846,2016-05-24,"23_00"
"535",535,"ZLRHT61","南京東路二段 林森北路- 中山北路一段",39.57895,50.533333,38.5,0,121.525377993726,25.0520939617721,121.52257401473,25.0522299753826,2016-05-24,"23_00"
"536",536,"ZM6GJ00","南京西路  重慶北路-承德路",42.411766,2.9,35.5,0,121.515453993572,25.0512350420078,121.516127982904,25.0536160251129,2016-05-24,"23_00"
"537",537,"ZM7FI60","南京西路  西寧北路-重慶北路",40,1,2.5,0,121.511757968972,25.0538570290277,121.511044004189,25.0538139857533,2016-05-24,"23_00"
"538",538,"ZM7FN60","南京西路  重慶北路-西寧北路",41,1,2,0,121.514345042521,25.0540280223188,121.511757968972,25.0538570290277,2016-05-24,"23_00"
"539",539,"ZM9QH20","健康路    光復北路-三民路",44.833332,1.6,20.5,0,121.558071018075,25.0537710361299,121.560480029864,25.0539610333122,2016-05-24,"23_00"
"540",540,"ZMH3J60","南港路惠民街往西",43.882355,4.3,38.5,0,121.613222967702,25.055304999313,121.610307022877,25.0549559812064,2016-05-24,"23_00"
"541",541,"ZFVKW40","建國南路  和平東路-信義路",37.148148,2.3,27.5,0,121.537804008446,25.0334790135061,121.537671024771,25.0256339943513,2016-05-24,"23_00"
"542",542,"ZGLKW40","建國北路  忠孝東路-長安東路",27.285715,0,7,1,121.537804008446,25.0334790135061,121.537703955123,25.02875696332,2016-05-24,"23_00"
"543",543,"ZHMKW40","建國南路  信義路-和平東路",41.833332,0.73333335,12,0,121.537882966645,25.0380649934768,121.537804008446,25.0334790135061,2016-05-24,"23_00"
"544",544,"ZINKW00","建國南路  信義路-仁愛路",44.22222,0.875,9,0,121.537804008446,25.0334790135061,121.537882966645,25.0380649934768,2016-05-24,"23_00"
"545",545,"ZINKW40","建國南路  仁愛路-信義路",70,1.1999999,59.5,0,121.537077016111,25.0417060435019,121.537882966645,25.0380649934768,2016-05-24,"23_00"
"546",546,"ZJ7KV40","建國南路  仁愛路-忠孝東路",35.75862,2.9,30.5,0,121.537077016111,25.0417060435019,121.537714045008,25.0401419725629,2016-05-24,"23_00"
"547",547,"ZJHKR40","建國南路  忠孝東路-仁愛路",41.68421,0.8666667,19,0,121.53670903176,25.0483700001353,121.537077016111,25.0417060435019,2016-05-24,"23_00"
"548",548,"ZK7KP40","建國北路  長安東路-忠孝東路",30.529411,2.25,19.5,0,121.536660023401,25.0460589913958,121.536654952605,25.044894027352,2016-05-24,"23_00"
"549",549,"ZLRKQ40","建國北路  南京東路-長安東路",45.346153,1.1,26.5,0,121.536845962901,25.0547340197055,121.536785012301,25.0519810422149,2016-05-24,"23_00"
"550",550,"ZMEKQ40","建國北路  民生東路-南京東路",36.285713,2.9,36,0,121.537017999938,25.0623710424569,121.536845962901,25.0547340197055,2016-05-24,"23_00"
"551",551,"ZN5KR40","建國北路  民權東路-民生東路",70,0.5,4,0,121.536969049226,25.0602590163787,121.536919039933,25.057858005413,2016-05-24,"23_00"
"552",552,"ZNLKR60","建國北路  民生東路-民權東路",38.98,1.8,50.5,0,121.536919039933,25.057858005413,121.536969049226,25.0602590163787,2016-05-24,"23_00"
"553",553,"ZP5KR40","建國北路  民權東路-民生東路",43.533333,0.9,17.5,0,121.533306991068,25.0682079612344,121.537017999938,25.0623710424569,2016-05-24,"23_00"
"554",554,"ZPLKP40","建國北路  民權東路-民族東路",47.666668,0.9,21,0,121.533306991068,25.0682079612344,121.536731988135,25.0648819646366,2016-05-24,"23_00"
"555",555,"ZDKJT00","思源街    永福橋-汀州路",57.166668,1.8333334,20,0,121.536298988058,25.0109500438487,121.532225011006,25.0150820419637,2016-05-24,"23_00"
"556",556,"Z1IUI20","指南路    木新路-三段",39.027027,8.2,41.5,0,121.575850016972,24.9876089936322,121.58002702861,24.9850200340848,2016-05-24,"23_00"
"557",557,"ZHX4E40","研究院路  舊莊路-研究院路",58.6,4.5,6.5,0,121.616912004968,25.0360509867224,121.614367956927,25.0346169553628,2016-05-24,"23_00"
"558",558,"ZJM4U00","研究院路  研究院路-舊莊路",29.428572,2.75,9,0,121.617002994333,25.0383530195968,121.616088990815,25.0438190201437,2016-05-24,"23_00"
"559",559,"ZJT4T00","胡適國小　研究(往北)",69,0.5,2,0,121.620339975442,25.0398560094018,121.616924962474,25.0425240066233,2016-05-24,"23_00"
"560",560,"ZKE4M40","研究院路  忠孝東路-舊莊路",34.272728,1.4,11,0,121.615420955902,25.0469359943905,121.615421998675,25.045238998741,2016-05-24,"23_00"
"561",561,"ZKP4L00","研究院路  舊莊路-忠孝東路",35,1,1,0,121.616924962474,25.0425240066233,121.615420955902,25.0469359943905,2016-05-24,"23_00"
"562",562,"ZMZZC20","重陽路    向陽路-興華路",67,1.25,10,0,121.604423028307,25.0576889819246,121.605365969207,25.0578289570684,2016-05-24,"23_00"
"563",563,"ZMZZC60","重陽路    三重路-興華路",59.866665,2.4,17.5,0,121.606674957763,25.0580949967257,121.605365969207,25.0578289570684,2016-05-24,"23_00"
"564",564,"ZND3C20","重陽路    興華路-向陽路",70,2,16.5,0,121.606674957763,25.0580949967257,121.609147045383,25.0588249913166,2016-05-24,"23_00"
"565",565,"ZFDGP01","中正橋 還河東路-重慶路三段",60.031578,2.75,96,0,121.515554967994,25.0176109602662,121.516851988793,25.0230440039356,2016-05-24,"23_00"
"566",566,"ZFVGM00","中正橋(往北)",69.69231,0.4,26,0,121.516834996122,25.02388403899,121.516376978859,25.025673016978,2016-05-24,"23_00"
"567",567,"ZFVGM40","中正橋(往南)",73.86364,0.5,22,0,121.515957978162,25.0272459956899,121.516376978859,25.025673016978,2016-05-24,"23_00"
"568",568,"ZGBGJ40","重慶南路  寧波西路-和平西路",56.617645,1.4,35,0,121.515285034627,25.0297760208443,121.515957978162,25.0272459956899,2016-05-24,"23_00"
"569",569,"ZGSGF00","重慶南路  和平西路-寧波西路",44.91111,2.8,45,0,121.515957978162,25.0272459956899,121.515285034627,25.0297760208443,2016-05-24,"23_00"
"570",570,"ZGSGF40","重慶南路  南海路-寧波西路",57.35294,1.125,18.5,0,121.514411951374,25.0318909909112,121.515285034627,25.0297760208443,2016-05-24,"23_00"
"571",571,"ZHBGA00","重慶南路  寧波西街-南海路",50.97619,1.9,42,0,121.515285034627,25.0297760208443,121.514411951374,25.0318909909112,2016-05-24,"23_00"
"572",572,"ZHBGA40","重慶南路  愛國西路-南海路",45.666668,1.3,18,0,121.512464029297,25.0352839832108,121.514411951374,25.0318909909112,2016-05-24,"23_00"
"573",573,"ZHYFT00","重慶南路  南海路-愛國西路",47.739132,1.625,23,0,121.514411951374,25.0318909909112,121.512464029297,25.0352839832108,2016-05-24,"23_00"
"574",574,"ZHYFT40","重慶南路  凱達格蘭-愛國西路",45.565216,1.5,23,0,121.512825007056,25.0387580163315,121.512464029297,25.0352839832108,2016-05-24,"23_00"
"575",575,"ZISFV00","重慶南路  愛國西路-凱達格蘭",46.5,0.75,6,0,121.512464029297,25.0352839832108,121.512825007056,25.0387580163315,2016-05-24,"23_00"
"576",576,"ZJLFX40","重慶南路  忠孝西路-貴陽街",37.2,2.25,15,0,121.513200976881,25.043423974533,121.513185975727,25.0422959656717,2016-05-24,"23_00"
"577",577,"ZJTFX00","重慶南路  凱達格蘭-忠孝西路",35.18182,1.625,11,0,121.513185975727,25.0422959656717,121.513200976881,25.043423974533,2016-05-24,"23_00"
"578",578,"ZLMG600","重慶北路  南京西路-忠孝西路",44.642857,4,15,0,121.513657022645,25.0506269959056,121.513928993666,25.0515830323019,2016-05-24,"23_00"
"579",579,"ZM8GA00","重慶北路  忠孝西路-南京西路",43.3,2,10,0,121.513928993666,25.0515830323019,121.514345042521,25.0540280223188,2016-05-24,"23_00"
"580",580,"ZNNFY00","重慶北路  民權西路-南京西路",43.85294,1.8,36.5,0,121.513642993311,25.0592219587576,121.513560982172,25.0607570152558,2016-05-24,"23_00"
"581",581,"ZP8FZ00","重慶北路  南京西路-民權西路",51.636364,1.6,36.5,0,121.513560982172,25.0607570152558,121.513579991329,25.0629869739192,2016-05-24,"23_00"
"582",582,"ZP8FZ40","重慶北路  民族西路-民權西路",38.84,1.7333333,25.5,0,121.513655977625,25.0646660225622,121.513579991329,25.0629869739192,2016-05-24,"23_00"
"583",583,"ZQGFY00","重慶北路  民權西路-民族西路",47.55263,2,39.5,0,121.513725959187,25.0672099803909,121.51373200123,25.0686110250405,2016-05-24,"23_00"
"584",584,"ZQGFY40","重慶北路　民族往南",54.67442,1.6,46.5,0,121.513739992576,25.0705030087528,121.51373200123,25.0686110250405,2016-05-24,"23_00"
"585",585,"ZT9FV00","重慶北路  酒泉街-後港街",47.48148,3.0666666,54.5,0,121.513790034659,25.0728989733292,121.513119963143,25.0810360205121,2016-05-24,"23_00"
"586",586,"ZTGFS00","重慶北路  後港街-中正路",48.19512,4.466666,83,1,121.513119963143,25.0810360205121,121.511903039504,25.0839469842273,2016-05-24,"23_00"
"587",587,"ZN0A0E0","新生高   濟南-八德路",66.93104,1.6,30.5,0,121.529611986266,25.0417600146039,121.530451043206,25.0445199751198,2016-05-24,"23_00"
"588",588,"ZN0B0E0","新生高    八德路-長安東路",45.24138,2.1,29,0,121.530451043206,25.0445199751198,121.529929035464,25.0482229884047,2016-05-24,"23_00"
"589",589,"ZN0C0E0","新生高    長安東路-民生東路",72.5,3,64,0,121.529929035464,25.0482229884047,121.527834991006,25.0580210253257,2016-05-24,"23_00"
"590",590,"ZN0D0E0","新生高    民生東路-民權東路",84.166664,3.1,72,0,121.527834991006,25.0580210253257,121.527920015602,25.0626209720921,2016-05-24,"23_00"
"591",591,"ZN0E0E0","新生高    民權東路-民族東路",64.87692,3.3,65,0,121.527920015602,25.0626209720921,121.528063040076,25.0683780157201,2016-05-24,"23_00"
"592",592,"ZN0F0E0","新生高    民族東路-中山北路",40.00926,4.3333335,108,1,121.528063040076,25.0683780157201,121.526515048147,25.0744939685962,2016-05-24,"23_00"
"593",593,"ZN2B0E0","新生高    民族東路-常春路",53.6,1.6,33.5,1,121.527500962848,25.0684099869996,121.527275983599,25.05486797244,2016-05-24,"23_00"
"594",594,"ZN2C0E0","新生高    常春路-長安東路",70,0.5,15,0,121.527275983599,25.05486797244,121.529315048607,25.0481229795987,2016-05-24,"23_00"
"595",595,"ZN2D0E0","新生高    長安東路-八德路",52.188118,4.2,101,0,121.529315048607,25.0481229795987,121.530055043211,25.0443380281949,2016-05-24,"23_00"
"596",596,"ZN2E0E0","新生高    八德路-濟南路",57.25926,1.7,27,0,121.530055043211,25.0443380281949,121.529345963312,25.0418200062659,2016-05-24,"23_00"
"597",597,"ZIME520","桂林路    康定路-中華路",47.875,2.2,17.5,0,121.501794036448,25.0383079783981,121.503843963401,25.0379939957712,2016-05-24,"23_00"
"598",598,"ZIME560","桂林路    中華路-康定路",28.76923,5.1,38.5,1,121.505160971467,25.0377549740791,121.503843963401,25.0379939957712,2016-05-24,"23_00"
"599",599,"ZIQDB00","桂林路    環河南路-康定路",30.234043,5.8,48,0,121.499359007,25.0366640361962,121.499801972417,25.0384510166092,2016-05-24,"23_00"
"600",600,"ZM7PP60","健康路    三民路-光復北路",46,1.6,20.5,0,121.558071018075,25.0537710361299,121.556594046076,25.0536500051492,2016-05-24,"23_00"
"601",601,"ZM8PX60","健康路    塔悠路-三民路",56.5,2.3,34,0,121.560480029864,25.0539610333122,121.558071018075,25.0537710361299,2016-05-24,"23_00"
"602",602,"ZMCSE20","健康路    三民路-塔悠路",49.37168,9.8,125,0,121.567261022773,25.0542959595979,121.569838992141,25.0544760409088,2016-05-24,"23_00"
"603",603,"ZRKQZ40","基湖路    堤頂大道-樂群一路",46.8,2.5,5.5,0,121.56434000264,25.0786830098929,121.563198032993,25.0760600169591,2016-05-24,"23_00"
"604",604,"ZSPRA00","基湖路    樂群一路-堤頂大道",29,1,4,1,121.563198032993,25.0760600169591,121.56434000264,25.0786830098929,2016-05-24,"23_00"
"605",605,"ZSPRA40","基湖路    內湖路-堤頂大道",45.5,1.7,20,0,121.565014032304,25.0808109638181,121.56434000264,25.0786830098929,2016-05-24,"23_00"
"606",606,"ZCNKM20","福和橋(往東)",37,3.3,58,0,121.527191965573,25.0058279992405,121.536298988058,25.0109500438487,2016-05-24,"23_00"
"607",607,"ZEFMN40","基隆路    台科大-辛亥路",35.785713,3.75,29,1,121.548697955585,25.0209529930949,121.546649048669,25.0191459845886,2016-05-24,"23_00"
"608",608,"ZF9NH00","基隆路    和平東路-辛亥路",45.608696,0.3,24,0,121.548697955585,25.0209529930949,121.550270031923,25.0223379595141,2016-05-24,"23_00"
"609",609,"ZFMNV00","基隆路    辛亥路-樂業街",38.734375,2.1,64,0,121.550270031923,25.0223379595141,121.552538018027,25.024342990434,2016-05-24,"23_00"
"610",610,"ZG7PG50","基隆路   光復南路-和平東路",45,2.6,59,0,121.556058975459,25.0274349782037,121.555025031734,25.0265179787745,2016-05-24,"23_00"
"611",611,"ZGTPW00","基隆路往北 和平-光復",39.760563,4.5,74.5,0,121.557256035227,25.0291639754068,121.557395974638,25.0293889718943,2016-05-24,"23_00"
"612",612,"ZGTPW50","基隆路往南   信義路-光復南路",52.096775,3.266667,94.5,0,121.558972965305,25.0320100367059,121.557395974638,25.0293889718943,2016-05-24,"23_00"
"613",613,"ZI9QP10","基隆路   信義路-松壽路",73.14,2.2,50.5,0,121.559572982138,25.0330190123501,121.561339958224,25.0359290444265,2016-05-24,"23_00"
"614",614,"ZI9QP12","基隆路地下道 松高路-忠孝東路",33.454544,0.625,13.5,1,121.559572982138,25.0330190123501,121.561339958224,25.0359290444265,2016-05-24,"23_00"
"615",615,"ZIKQU50","基隆路   忠孝東路-松高路",39.785713,1.375,15,0,121.564464988337,25.041143998202,121.562308045387,25.0375229893969,2016-05-24,"23_00"
"616",616,"ZJERC40","基隆路    松隆路-忠孝東路",44.714287,2.7,67,0,121.565833015229,25.0434050150789,121.564464988337,25.041143998202,2016-05-24,"23_00"
"617",617,"ZJERC50","基隆路地下道 松隆路-忠孝東路",55.586956,2.3,46.5,0,121.565833015229,25.0434050150789,121.564464988337,25.041143998202,2016-05-24,"23_00"
"618",618,"ZJERC51","基隆路地下道 忠孝東路-仁愛路",73.325584,1.9,44.5,0,121.565833015229,25.0434050150789,121.564464988337,25.041143998202,2016-05-24,"23_00"
"619",619,"ZJERC52","基隆路地下道 仁愛路-莊敬路",73.42857,2.7,64,0,121.565833015229,25.0434050150789,121.564464988337,25.041143998202,2016-05-24,"23_00"
"620",620,"ZJVRL10","基隆路地下道 忠孝東路-松隆路",35.333332,5.4,49.5,0,121.564464988337,25.041143998202,121.565833015229,25.0434050150789,2016-05-24,"23_00"
"621",621,"ZJVRL11","基隆路地下道 莊敬路-仁愛路",70.91936,2.4,63,0,121.564464988337,25.041143998202,121.565833015229,25.0434050150789,2016-05-24,"23_00"
"622",622,"ZL9SB00","基隆路    永吉路-南京東路",39.238094,2.875,44,0,121.568668999219,25.0481160326374,121.569388952581,25.049394985048,2016-05-24,"23_00"
"623",623,"ZIDDL00","康定路    艋舺大道-桂林路",46,2.25,14,0,121.501225987764,25.0352050366073,121.501469028516,25.0365849766857,2016-05-24,"23_00"
"624",624,"ZH6DG20","莒光路    西園路-萬大路",61.4,0.33333334,6.5,0,121.499128048313,25.0311129696554,121.500584951897,25.0311530298818,2016-05-24,"23_00"
"625",625,"ZH6DG60","莒光路    中華路-萬大路",32,0.5,2.5,1,121.502260029259,25.0312110268967,121.500584951897,25.0311530298818,2016-05-24,"23_00"
"626",626,"ZH7E720","莒光路    萬大路-中華路",56.666668,0,3,0,121.502260029259,25.0312110268967,121.504123006686,25.0312500407107,2016-05-24,"23_00"
"627",627,"ZPMSV40","堤頂大道  舊宗路-民權東路",58.064518,0.9333333,31,0,121.574644036603,25.0689740335339,121.572434000748,25.0648929728907,2016-05-24,"23_00"
"628",628,"ZPMSV41","堤頂大道  港墘路-舊宗路",40.833332,4.3333335,71.5,0,121.574644036603,25.0689740335339,121.572434000748,25.0648929728907,2016-05-24,"23_00"
"629",629,"ZRPSV00","堤頂大道  舊宗路-港墘路",47.285713,0.9333333,21,0,121.576456997579,25.0689400113753,121.573104990119,25.0727450219422,2016-05-24,"23_00"
"630",630,"ZRPSV01","堤頂大道  民權東路-高速公路",54.32143,1.7333333,56,0,121.576456997579,25.0689400113753,121.573104990119,25.0727450219422,2016-05-24,"23_00"
"631",631,"ZRRST60","港墘路    瑞光路-堤頂大道",38.54,4.8,50,0,121.574925973856,25.0763489994483,121.572251018319,25.0745540072367,2016-05-24,"23_00"
"632",632,"ZSGRX60","堤頂大道  港墘路-樂群一路",48.5,1.6,28,0,121.568615951823,25.0773579907238,121.569426041674,25.0788620194116,2016-05-24,"23_00"
"633",633,"ZSPRA20","堤頂大道  樂群二路-基湖路",59.666668,0.8333333,9.5,0,121.562681985922,25.0802690253066,121.56434000264,25.0786830098929,2016-05-24,"23_00"
"634",634,"ZSPRA60","堤頂大道  樂群一路-基湖路",58.136364,1.3,22,0,121.569426041674,25.0788620194116,121.56434000264,25.0786830098929,2016-05-24,"23_00"
"635",635,"ZT5QV00","堤頂大道  基湖路-樂群二路",44.636364,0.9,11,1,121.56434000264,25.0786830098929,121.559675991089,25.0798829786784,2016-05-24,"23_00"
"636",636,"ZTXQL00","堤頂大道  樂群二路-內湖路",57.4375,1,16,0,121.559675991089,25.0798829786784,121.560798025759,25.0844919629128,2016-05-24,"23_00"
"637",637,"ZEWM500","復興南路  和平東路-辛亥路",36.52941,1.8,17.5,0,121.546649048669,25.0191459845886,121.543358978541,25.0212439864241,2016-05-24,"23_00"
"638",638,"ZFQM600","復興南路  辛亥路-和平東路",46,1.5,11.5,0,121.543358978541,25.0212439864241,121.543424023128,25.0248549855301,2016-05-24,"23_00"
"639",639,"ZHLM800","復興南路  信義路-和平東路",49.884617,1.7333332,28,0,121.543450996578,25.0265249930903,121.543514975026,25.029802044624,2016-05-24,"23_00"
"640",640,"ZHMM600","復興南路  和平東路-信義路",40.782608,3.1333334,47.5,0,121.543514975026,25.029802044624,121.543589997887,25.0333580219207,2016-05-24,"23_00"
"641",641,"ZIAM700","復興南路  仁愛路-信義路",39.775,1.4666667,41,0,121.543589997887,25.0333580219207,121.543641970198,25.0360669774207,2016-05-24,"23_00"
"642",642,"ZJHM700","復興南路  八德路-仁愛路",48.52727,2.8666666,55,0,121.543679972316,25.0379439557612,121.543765995297,25.0416090380889,2016-05-24,"23_00"
"643",643,"ZK8M700","復興南路  仁愛路-八德路",51.433334,1.4666666,30.5,0,121.543765995297,25.0416090380889,121.543858974563,25.0448049947736,2016-05-24,"23_00"
"644",644,"ZLZM900","復興北路  民生東路-八德路",47.38158,4.3333335,79,0,121.543979964999,25.0498779617246,121.544039016678,25.0518279865621,2016-05-24,"23_00"
"645",645,"ZMQMV00","復興北路  長安東路-民生東路",36.861538,5.0666666,69.5,0,121.544039016678,25.0518279865621,121.544080009502,25.0545359821337,2016-05-24,"23_00"
"646",646,"ZMZM900","復興北路  民族東路-民生東路",41.42857,1.4666666,48,0,121.544127005921,25.0560889961357,121.544143954275,25.0577500050787,2016-05-24,"23_00"
"647",647,"ZPWMA00","復興北路  復興北路479巷-民族東路",62.833332,2.4,18,0,121.544261967908,25.0642500363121,121.544311026851,25.0663800226034,2016-05-24,"23_00"
"648",648,"ZFNN700","敦化南路  和平東路-基隆路",47.333332,0.5,12,0,121.548697955585,25.0209529930949,121.54872397733,25.0245550136163,2016-05-24,"23_00"
"649",649,"ZG8N700","敦化南路  基隆路-和平東路",29.064516,8,31.5,1,121.54872397733,25.0245550136163,121.548777018159,25.0299090120621,2016-05-24,"23_00"
"650",650,"ZGHN840","敦化南路  信義路-和平東路",34.416668,3.375,36,1,121.548772023306,25.0309469886371,121.548750040726,25.0281210101874,2016-05-24,"23_00"
"651",651,"ZHLN700","敦化南路  和平東路-信義路",31.25,2.1666667,16.5,1,121.548772023306,25.0309469886371,121.548801983011,25.0332490373958,2016-05-24,"23_00"
"652",652,"ZHLN740","敦化南路  仁愛路-信義路",45.89189,5.6,50.5,0,121.548832990746,25.0378350028179,121.548801983011,25.0332490373958,2016-05-24,"23_00"
"653",653,"ZI6NV00","敦化南路  信義路-仁愛路",54.9,2.8333333,24.5,0,121.548801983011,25.0332490373958,121.548841029422,25.0353880048891,2016-05-24,"23_00"
"654",654,"ZIMN840","敦化南路  忠孝東路-仁愛路",49.272728,1.125,11,0,121.548869022134,25.0414999940247,121.548832990746,25.0378350028179,2016-05-24,"23_00"
"655",655,"ZJGN700","敦化南路  仁愛路-忠孝東路",49.258064,2.9,32,0,121.548832990746,25.0378350028179,121.548869022134,25.0414999940247,2016-05-24,"23_00"
"656",656,"ZJGN740","敦化南路  市民大道-忠孝東路",56.42857,2,22,0,121.548813990848,25.0425840163909,121.548869022134,25.0414999940247,2016-05-24,"23_00"
"657",657,"ZJGPQ00","敦化南路  忠孝東路-市民大道",47.526318,2.4,22,0,121.548869022134,25.0414999940247,121.548883040402,25.0448050256844,2016-05-24,"23_00"
"658",658,"ZKWN800","敦化南路  市民大道-南京東路",58.25,2.25,28.5,0,121.548813990848,25.0425840163909,121.548917990989,25.0481810293354,2016-05-24,"23_00"
"659",659,"ZLPN800","敦化北路  南京東路-民生東路",48.395832,7.6,57,0,121.548917990989,25.0481810293354,121.548953968455,25.0517199839821,2016-05-24,"23_00"
"660",660,"ZLPN840","敦化北路　南京往南",59.666668,0.2,15,0,121.548975960019,25.054409990941,121.548953968455,25.0517199839821,2016-05-24,"23_00"
"661",661,"ZMYN840","敦化北路　民生往南",46.375,0.25,8.5,0,121.550771020132,25.0614809697749,121.549010024689,25.0576959838419,2016-05-24,"23_00"
"662",662,"ZNUNJ00","敦化北路  民生東路-民權東路",40.3,0.9,22.5,0,121.549010024689,25.0576959838419,121.550771020132,25.0614809697749,2016-05-24,"23_00"
"663",663,"ZRRST40","堤頂大道  樂群一路-港墘路",49.652172,2.4,46,0,121.568615951823,25.0773579907238,121.572251018319,25.0745540072367,2016-05-24,"23_00"
"664",664,"ZS9TE00","港墘路    堤頂大道-瑞光路",24.25,1.75,8,1,121.572251018319,25.0745540072367,121.574925973856,25.0763489994483,2016-05-24,"23_00"
"665",665,"ZSKTL00","港墘路    瑞光路-內湖路",60.972973,2.2,37.5,0,121.574925973856,25.0763489994483,121.576463957465,25.0787899816642,2016-05-24,"23_00"
"666",666,"ZN7ST40","塔悠路    民生東路-南京東路",40.333332,1.4666666,24,0,121.569336036624,25.0573130410427,121.569219980236,25.0579359682357,2016-05-24,"23_00"
"667",667,"ZPDS600","塔悠路    民生東路-民權東路",54.648647,2,37.5,0,121.568987952517,25.0592009613265,121.568254989216,25.0635370375905,2016-05-24,"23_00"
"668",668,"ZHWGD60","愛國東路  杭州南路-中山南路",52.076923,0.8,13,0,121.518562980948,25.0341250146345,121.516464971111,25.0348820142513,2016-05-24,"23_00"
"669",669,"ZDTJW60","新生南路 辛亥路-羅斯福路",42.485916,10.6,165.5,0,121.533757971868,25.0191209592005,121.532676048938,25.0163530294391,2016-05-24,"23_00"
"670",670,"ZF9KB00","新生南路  羅斯福路-辛亥路",41.267242,8.8,137,0,121.534021047706,25.0203840395118,121.534426045252,25.0223860105166,2016-05-24,"23_00"
"671",671,"ZF9KB40","新生南路  和平東路-辛亥路",54.166668,1.75,26,0,121.534621959602,25.0239930302186,121.534426045252,25.0223860105166,2016-05-24,"23_00"
"672",672,"ZFYKD00","新生南路  和平東路-信義路",57.25,2.2,37,0,121.534621959602,25.0239930302186,121.534867967877,25.0260230159196,2016-05-24,"23_00"
"673",673,"ZFYKD40","新生南路  信義路-和平東路",40.380283,7.9,165,1,121.534501041606,25.0282630326504,121.534867967877,25.0260230159196,2016-05-24,"23_00"
"674",674,"ZHNJV00","新生南路  和平東路-信義路",57.128204,2.25,45.5,0,121.533668995557,25.0306229867882,121.532731042103,25.0335689678089,2016-05-24,"23_00"
"675",675,"ZHNJV40","新生南路  仁愛路-信義路",58,0.13333334,18,0,121.532745998436,25.0370089766945,121.532731042103,25.0335689678089,2016-05-24,"23_00"
"676",676,"ZINJW00","新生南路  信義路-仁愛路",52.9375,0.33333334,16.5,0,121.532745998436,25.0370089766945,121.53278995384,25.0381459966656,2016-05-24,"23_00"
"677",677,"ZJWJ700","濟南路　新生南(往北)",47.9,0.6666667,11,0,121.53278995384,25.0381459966656,121.532799029026,25.0401319618055,2016-05-24,"23_00"
"678",678,"ZJWJ740","濟南路　新生南(往南)",42.333332,0.625,14,0,121.532867951087,25.0422989956186,121.532799029026,25.0401319618055,2016-05-24,"23_00"
"679",679,"Z1TT960","新光路    秀明路-指南路",29.875,1.125,8,0,121.57369500163,24.9908399886069,121.573683016811,24.9880870052629,2016-05-24,"23_00"
"680",680,"Z2AT940","新光路    動物園-秀明路",49.18182,1.1,12.5,0,121.574766985995,24.991260984932,121.573668989484,24.9916169569256,2016-05-24,"23_00"
"681",681,"Z2RTQ20","新光路    秀明路-動物園",54.166668,0.5,6,0,121.573668989484,24.9916169569256,121.576326038864,24.9963739744138,2016-05-24,"23_00"
"682",682,"Z2WUA20","新光路    動物園-木柵路",52.357143,2.5,21,0,121.57731999534,24.9970019967358,121.578691028804,24.9978269832943,2016-05-24,"23_00"
"683",683,"Z2ZUI60","新光路    木柵路-動物園",54,0.5,3,0,121.556305979647,24.9833049682009,121.580062038462,24.9986430191561,2016-05-24,"23_00"
"684",684,"ZRGUF00","瑞光路    民權東路-陽光街",29.75,2.4,16,1,121.583348953413,25.0696270248052,121.580784016705,25.0721549896682,2016-05-24,"23_00"
"685",685,"ZRLUA20","瑞光路    港墘路-陽光街",27.217392,7,25.5,0,121.575419950873,25.076058008818,121.579185993159,25.0737239793243,2016-05-24,"23_00"
"686",686,"ZS6TI00","瑞光路    陽光街-港墘路",41.866665,3,15,0,121.576941978354,25.0751140015776,121.575419950873,25.076058008818,2016-05-24,"23_00"
"687",687,"ZS9TE20","瑞光路    基湖路-港墘路",35,4.4,21,0,121.572759036003,25.0773240048015,121.574925973856,25.0763489994483,2016-05-24,"23_00"
"688",688,"ZSNRE00","瑞光路    港墘路-基湖路",46.77778,1.5,9,0,121.572759036003,25.0773240048015,121.567487043713,25.079736043713,2016-05-24,"23_00"
"689",689,"ZGQDF40","萬大路    莒光路-西藏路",40.583332,3,12,0,121.500521983662,25.0302869935773,121.500537976666,25.0293929749052,2016-05-24,"23_00"
"690",690,"ZH6DG00","萬大路    西藏路-莒光路",44,2.75,13,0,121.500521983662,25.0302869935773,121.500584951897,25.0311530298818,2016-05-24,"23_00"
"691",691,"ZWLJQ20","中正路    文林路-雨農路",46.37931,2,29,0,121.527914004661,25.0957539877762,121.532081004957,25.0965149679756,2016-05-24,"23_00"
"692",692,"ZWLJQ60","福林路    至善路-雨農路",62.333332,2.2,29,0,121.536465021284,25.0992169702622,121.532081004957,25.0965149679756,2016-05-24,"23_00"
"693",693,"ZX9KL00","福林路  雨農路-至善路",108.28571,5.625,43.5,0,121.532081004957,25.0965149679756,121.536465021284,25.0992169702622,2016-05-24,"23_00"
"694",694,"ZGBBW60","艋舺大道  西園路-西藏路",33.44898,1.9333334,49,0,121.491412989636,25.0320320121273,121.493567010528,25.0304360140662,2016-05-24,"23_00"
"695",695,"ZH9H820","艋舺大道  西藏路-西園路",39.314285,2.6666667,35.5,0,121.517577958089,25.0307160052516,121.519077965172,25.0316040148366,2016-05-24,"23_00"
"696",696,"ZHPEB20","艋舺大道  西園路-和平西路",60.75,0.8333333,8,0,121.502278002316,25.0331429837056,121.504857003723,25.0337749705175,2016-05-24,"23_00"
"697",697,"ZZLKH60","德行東路  忠誠路-東山路",34.8,2,10,0,121.537643994892,25.1102899663973,121.535907038271,25.1100249627925,2016-05-24,"23_00"
"698",698,"ZRKQZ20","樂群一路  敬業三路-堤頂大道",55.166668,1.2,12,0,121.556333008992,25.0770699600733,121.563198032993,25.0760600169591,2016-05-24,"23_00"
"699",699,"ZSDPM60","樂群一路  堤頂大道-敬業三路",70,1,1,0,121.563198032993,25.0760600169591,121.556333008992,25.0770699600733,2016-05-24,"23_00"
"700",700,"Z1NQM40","興隆路    木柵路-木新路",34.88889,1.25,9.5,0,121.56015395749,24.9887250125052,121.560907970987,24.9866280101785,2016-05-24,"23_00"
"701",701,"Z1VQH00","興隆路    木新路-木柵路",68.4,1.2,10.5,0,121.560907970987,24.9866280101785,121.56015395749,24.9887250125052,2016-05-24,"23_00"
"702",702,"ZKLLH40","龍江路    南京東路-八德路",33.12,9,25,0,121.540416005287,25.0482930031654,121.540507984494,25.0467130279066,2016-05-24,"23_00"
"703",703,"ZLQLI00","龍江路    八德路-南京東路",28,2,5,0,121.540416005287,25.0482930031654,121.540450964514,25.0519040106691,2016-05-24,"23_00"
"704",704,"ZLQLI40","龍江路    民生東路-南京東路",43.909092,0.6,11,0,121.540503002328,25.0546399550223,121.540450964514,25.0519040106691,2016-05-24,"23_00"
"705",705,"ZMZLI00","龍江路    南京東路-民生東路",40.76923,1,13,0,121.540548959927,25.0561019717132,121.540695002758,25.057808013133,2016-05-24,"23_00"
"706",706,"ZNZLJ40","龍江路    民族東路-民權東路",50.55,3.6,21.5,0,121.540932009273,25.064270962134,121.540832956369,25.0621860248392,2016-05-24,"23_00"
"707",707,"ZQDLJ00","龍江路    民權東路-民族東路",28,1.6666666,4.5,0,121.540968999086,25.0659680093312,121.541008015539,25.0680809705608,2016-05-24,"23_00"
"708",708,"ZJJIA20","濟南路    中山北路-杭州南路",36,1,2,0,121.522650962936,25.0423980324317,121.524412994634,25.0419860111556,2016-05-24,"23_00"
"709",709,"ZJMHU60","濟南路    杭州南路-中山南路",46,1,2,0,121.524412994634,25.0419860111556,121.522650962936,25.0423980324317,2016-05-24,"23_00"
"710",710,"ZHPBV00","環河南路  雙園街-和平西路",46.285713,1.3333334,7,0,121.492139966366,25.0328610069458,121.493064999479,25.0338780288592,2016-05-24,"23_00"
"711",711,"ZQGF700","環河北路  民權西路-民族西路",56.29762,3.266667,84,0,121.508455007197,25.0604770203252,121.509152959755,25.0686990238915,2016-05-24,"23_00"
"712",712,"ZR9F600","環河北路  民族西路-敦煌路",68.434784,0.6,24.5,0,121.509152959755,25.0686990238915,121.509138014824,25.0721570054014,2016-05-24,"23_00"
"713",713,"ZU8EF00","環河北路  敦煌路-葫蘆街",44.73846,3.9166667,65,0,121.508831954395,25.0750200412149,121.505624988292,25.0856570244771,2016-05-24,"23_00"
"714",714,"ZU8EF40","環河北路  葫蘆街-敦煌路",59.65,1.65,60,1,121.544695970665,24.9963479680919,121.505624988292,25.0856570244771,2016-05-24,"23_00"
"715",715,"ZPRT940","舊宗路    陽光街-民權東路",240,1.25,6,0,121.574644036603,25.0689740335339,121.575064013549,25.0657049909227,2016-05-24,"23_00"
"716",716,"ZQRTE00","舊宗路    民權東路-陽光街",109.05556,2.4,38,0,121.578439034048,25.0666849612812,121.57402397479,25.0722359933133,2016-05-24,"23_00"
"717",717,"ZRPSV70","舊宗路    陽光街-港墘路",44.57143,1.1,21.5,0,121.573532983041,25.0730589879242,121.573104990119,25.0727450219422,2016-05-24,"23_00"
"718",718,"Z1XLD00","羅斯福六段　　338巷(往北)",58.692307,8.533334,128.5,0,121.539627994258,24.9884039846149,121.539593023896,24.9893789696449,2016-05-24,"23_00"
"719",719,"Z2KLN40","羅斯福路  景隆街-景中路",45.846153,3.4,58,0,121.540895038682,24.9971659705988,121.541157029211,24.9959370121235,2016-05-24,"23_00"
"720",720,"Z2TLL00","羅斯福路  景中街-景隆街",41.094826,7.6,124,0,121.541157029211,24.9959370121235,121.540895038682,24.9971659705988,2016-05-24,"23_00"
"721",721,"Z2WKS40","羅斯福路  興隆路-景隆街",43.875,3.266667,58.5,0,121.539572010853,25.0004930345653,121.539924954984,24.9996249638555,2016-05-24,"23_00"
"722",722,"ZB9L800","羅斯福路  景隆街-興隆路",34.88785,7.4,109,0,121.538875976488,25.0021749689403,121.538777027579,25.0043600422202,2016-05-24,"23_00"
"723",723,"ZCPKT00","基隆路    羅斯福路-台科大",34.135593,7.6,66,0,121.538218048803,25.0079910080027,121.537151963996,25.0111190411723,2016-05-24,"23_00"
"724",724,"ZCPKT40","羅斯福路  新生南路-舟山路",35.793102,15.733333,142.5,0,121.615421998675,25.045238998741,121.537151963996,25.0111190411723,2016-05-24,"23_00"
"725",725,"ZDTJW00","羅斯福路  舟山路-新生南路",36.3,1.6,23,0,121.615421998675,25.045238998741,121.532676048938,25.0163530294391,2016-05-24,"23_00"
"726",726,"ZELJA00","羅斯福路  新生南路-辛亥路",36.545456,5.6,80,0,121.530653955262,25.0182920047246,121.529263036135,25.0196959585062,2016-05-24,"23_00"
"727",727,"ZEVIV40","羅斯福路  和平東路-辛亥路",46.12069,2.6,61,0,121.526321019366,25.0222799558399,121.528019016897,25.0208199577727,2016-05-24,"23_00"
"728",728,"ZG9HT00","羅斯福路  辛亥路-和平東路",42.2,1.1333334,17.5,0,121.524447024164,25.0243270217011,121.522427026731,25.027032997263,2016-05-24,"23_00"
"729",729,"ZG9HT40","羅斯福路  愛國西路-和平東路",47.405064,5.0000005,84,0,121.521698026325,25.0280380386735,121.522427026731,25.027032997263,2016-05-24,"23_00"
"730",730,"ZGTHG00","羅斯福路  和平東路-愛國東路",41.941177,1.4166666,18,0,121.521698026325,25.0280380386735,121.520388040963,25.0298390434143,2016-05-24,"23_00"
"731",731,"Z1VJK40","環河路   二號疏散門-秀朗大橋(往南)",68.051285,2.5333333,87,0,121.535720023976,24.9956970399229,121.530923048693,24.9888780366807,2016-05-24,"23_00"
"732",732,"Z2ASP40","木柵路    萬芳路-秀明路",48.9,2.75,20,0,121.571743015186,24.9948559781927,121.571124042016,24.9916540118031,2016-05-24,"23_00"
"733",733,"Z2XTE40","木柵路    北二高-萬芳路",60.066666,1.75,15,0,121.575677996718,24.9995900320669,121.574570982811,24.9981499979952,2016-05-24,"23_00"
"734",734,"Z36Q560","至善路    產業道路-中社路",58,1,1,0,121.56567803258,25.1131100094587,121.5586820184,25.1119720174553,2016-05-24,"23_00"
"735",735,"Z56BU20","大度路    模構溪-貴子坑溪",41.0625,1.3333333,76.5,0,121.471406959474,25.122847008826,121.486079991891,25.121852037788,2016-05-24,"23_00"
"736",736,"Z56BU21","大度路    立德路-模構溪",36.011364,6.533334,124.5,0,121.471406959474,25.122847008826,121.486079991891,25.121852037788,2016-05-24,"23_00"
"737",737,"Z9FLB00","陽金公路　　　第二停車場-竹子湖派出所",47,1,2,0,121.545945950784,25.1554710113384,121.540059043383,25.1702439582841,2016-05-24,"23_00"
"738",738,"Z9IJV70","竹子湖路 玉瀧谷入口-中正山岔路口",75,1,1,0,121.535294977421,25.1693950335072,121.53325598564,25.1774710062518,2016-05-24,"23_00"
"739",739,"ZAAPB40","辛亥路    興隆路-懷恩隧道",48.7,1.8,20,0,121.554592045127,25.0008260047598,121.554082978219,24.9998619843972,2016-05-24,"23_00"
"740",740,"ZCCKW00","羅斯福路五段 興隆路一段-汀洲路四段",51.63478,4.25,121,0,121.538777027579,25.0043600422202,121.538218048803,25.0079910080027,2016-05-24,"23_00"
"741",741,"ZD9JF40","思源街    汀州路-永福橋",61.5625,3.6666667,17.5,0,121.532225011006,25.0150820419637,121.530037960063,25.013373970355,2016-05-24,"23_00"
"742",742,"ZDTJT00","水源快 永春300巷-水源33巷",59.46154,1.375,13.5,0,121.525982952687,25.0150499941485,121.523984392375,25.0181323884863,2016-05-24,"23_00"
"743",743,"ZE7GH40","水源快 泉州街-中正橋",44.6,1.6666666,5.5,0,121.512337036562,25.024008036655,121.515554967994,25.0176109602662,2016-05-24,"23_00"
"744",744,"ZEGCQ40","華中橋(往南)",40.75,2.1,53.5,0,121.497297962507,25.0193920120634,121.495672046971,25.0167069648863,2016-05-24,"23_00"
"745",745,"ZGIA660","萬板橋入城",47.9,0.5,10.5,0,121.491765969925,25.0287539942334,121.48351202909,25.0284549768819,2016-05-24,"23_00"
"746",746,"ZGKBM20","萬板橋出城",63.607143,2.2,31,0,121.48351202909,25.0284549768819,121.491765969925,25.0287539942334,2016-05-24,"23_00"
"747",747,"ZGNEB00","中華路    泉州街-和平西路",30.727272,3.2,22.5,0,121.505894026742,25.0280020254308,121.504797970319,25.0291800395642,2016-05-24,"23_00"
"748",748,"ZHHDF40","康定路    桂林路-艋舺大道",43.2,2.5,5,0,121.501225987764,25.0352050366073,121.500523024255,25.0328149544301,2016-05-24,"23_00"
"749",749,"ZHHDF60","艋舺大道  和平西路-西園路",45,1.4,19,0,121.502278002316,25.0331429837056,121.500523024255,25.0328149544301,2016-05-24,"23_00"
"750",750,"ZHMKV20","信義路三段 新生-建國",36.2,0.8888889,19,0,121.532731042103,25.0335689678089,121.537689951598,25.0334560434664,2016-05-24,"23_00"
"751",751,"ZHSIP20","信義路二段 杭州南路一段-金山南路一段",56.333332,0.875,9.5,0,121.532731042103,25.0335689678089,121.52675898022,25.0342589664573,2016-05-24,"23_00"
"752",752,"ZIPIZ00","金山南路  信義路-仁愛路",43.967743,3.375,34,0,121.527272972601,25.0340489558628,121.528340969147,25.0382519822543,2016-05-24,"23_00"
"753",753,"ZJFQQ00","忠孝東　逸仙路(往北)",42.26389,8.1,85.5,0,121.561506001618,25.0375530161359,121.561582048975,25.0412180286531,2016-05-24,"23_00"
"754",754,"ZJGPQ40","敦化南路  南京東路-市民大道",42.941177,1.9,19.5,0,121.548917990989,25.0481810293354,121.548883040402,25.0448050256844,2016-05-24,"23_00"
"755",755,"ZKGKP60","八德路    復興北路-建國北路",41.25,6,22,0,121.540507984494,25.0467130279066,121.536660023401,25.0460589913958,2016-05-24,"23_00"
"756",756,"ZLKSH00","環東大道 南京東-永吉(往市民大道)",76.07547,2.5333335,107.5,0,121.569388952581,25.049394985048,121.570635997613,25.0510870184925,2016-05-24,"23_00"
"757",757,"ZLKSH01","環東大道 南京東-永吉(下基隆路車道)",69.14286,3.2,28.5,0,121.569388952581,25.049394985048,121.570635997613,25.0510870184925,2016-05-24,"23_00"
"758",758,"ZMEKQ20","長春路    松江路-建國北路",61,1,5,0,121.534823975309,25.0547690306678,121.536845962901,25.0547340197055,2016-05-24,"23_00"
"759",759,"ZMGXG40","向陽路    南京東路-重陽路",65.03261,5.7,98.5,0,121.5927380079,25.0617350311717,121.594905003222,25.0548470311376,2016-05-24,"23_00"
"760",760,"ZMGXG60","重陽路    興華路-向陽路",30,1.6,7,1,121.598270998839,25.0562240026668,121.594905003222,25.0548470311376,2016-05-24,"23_00"
"761",761,"ZN5KR00","建國北路  南京東路-民生東路",37.878048,3.5,42,0,121.536882030345,25.0561880388567,121.536919039933,25.057858005413,2016-05-24,"23_00"
"762",762,"ZN5KR20","民生東路  松江路-建國北路",45.44865,12,208.5,0,121.53313299757,25.0579159728731,121.536919039933,25.057858005413,2016-05-24,"23_00"
"763",763,"ZN5KR60","民生東路  龍江路-建國北路",47.52381,1.0833334,21,0,121.539168991943,25.0578130194978,121.536919039933,25.057858005413,2016-05-24,"23_00"
"764",764,"ZNE4D00","三重路    南港路-重陽路",50,1,1,0,121.613990028591,25.0561510020384,121.614202995377,25.0590299560764,2016-05-24,"23_00"
"765",765,"ZNES640","塔悠路    民權東路-民生東路",62.583332,0.7,12,0,121.566393042917,25.0617389986567,121.56842301712,25.0592030345056,2016-05-24,"23_00"
"766",766,"ZNES900","塔悠路    南京東路-民生東路",41.210526,0.8666666,19,0,121.569336036624,25.0573130410427,121.568987952517,25.0592009613265,2016-05-24,"23_00"
"767",767,"ZPBEX40","環河北路  民族西路-民權西路",52,3,65,0,121.509152959755,25.0686990238915,121.508408030157,25.06338404172,2016-05-24,"23_00"
"768",768,"ZPBTD70","舊宗一路 新湖三路-新湖二路",48.1,1.75,40.5,0,121.578010563984,25.0617465942066,121.57673898964,25.0634769719204,2016-05-24,"23_00"
"769",769,"ZRCM940","北安路　　大直橋(往南)",57.425,1.5333334,40,0,121.544439045382,25.0797320109504,121.54394103146,25.0723759943564,2016-05-24,"23_00"
"770",770,"ZRNIF00","中山北路三段 酒泉街-新生北路三段",60.5625,1.6,48,0,121.523484986936,25.0706980075331,121.52537896751,25.0742620007958,2016-05-24,"23_00"
"771",771,"ZRNIF40","中山北   圓山隧道(往南)",53.541283,4.3,113.5,0,121.524396034032,25.0797770077648,121.52537896751,25.0742620007958,2016-05-24,"23_00"
"772",772,"ZS7SN60","堤頂大道二段 基湖路-堤頂大道二段246巷",73.190475,1.2,22,0,121.56434000264,25.0786830098929,121.568615951823,25.0773579907238,2016-05-24,"23_00"
"773",773,"ZSHZU60","康寧路至康湖路",49.833332,1.1666666,14,0,121.606728971073,25.0815539591478,121.60709802556,25.0775119867938,2016-05-24,"23_00"
"774",774,"ZSMQQ40","堤頂大道  內湖路-樂群二路",55.18182,0.7,11,0,121.560798025759,25.0844919629128,121.562681985922,25.0802690253066,2016-05-24,"23_00"
"775",775,"ZSNVA60","內湖路二段66巷至文德路(往西)",41.125,0.875,17,0,121.581201016291,25.0784730419353,121.578872007996,25.0785819934189,2016-05-24,"23_00"
"776",776,"ZSQVZ20","文德路101巷至220巷(往東)",45.121212,2.2,35,0,121.583618987703,25.0785000267399,121.588001994132,25.0787989772924,2016-05-24,"23_00"
"777",777,"ZSSWC60","文德路　成功路(往西)",46.805557,2.7,43.5,0,121.590956045347,25.0807640102294,121.588795956516,25.0789939938149,2016-05-24,"23_00"
"778",778,"ZSVMA00","濱江街　　大直橋(往北)",58.53846,0.9333333,26.5,0,121.54394103146,25.0723759943564,121.544439045382,25.0797320109504,2016-05-24,"23_00"
"779",779,"ZSXTK20","內湖路一段629巷至港墘路(往東)",46,2.25,24.5,0,121.574458952193,25.0803140070887,121.575813981766,25.0798309947066,2016-05-24,"23_00"
"780",780,"ZT6HS40","後港街 承德路(往南)",45.5,0.6666667,4,0,121.5231270065,25.0821649794345,121.522416987497,25.0807320219209,2016-05-24,"23_00"
"781",781,"ZT8SZ60","內湖路一段洲子街至591巷(往西)",41.214287,1.125,15.5,0,121.574141993349,25.080432958623,121.573151968088,25.080771001613,2016-05-24,"23_00"
"782",782,"ZTHRR20","內湖一段二八五(往東)",36.441177,2.5,37,0,121.565517009718,25.0823620446203,121.566873977606,25.0821579806827,2016-05-24,"23_00"
"783",783,"ZTWD760","重陽大橋 延平北路六段-重陽橋 ",64.166664,3,50,0,121.505624988292,25.0856570244771,121.499370989401,25.084592036831,2016-05-24,"23_00"
"784",784,"ZTXQJ20","內湖路一段文湖路至91巷(往東)",40.9625,2.8,88,0,121.559698043141,25.0849069801418,121.560812033407,25.0845420153818,2016-05-24,"23_00"
"785",785,"ZTYXQ60","成功路五段324巷至420巷(往西)",40,1,16,0,121.598776038888,25.0846779763565,121.596515044747,25.0844610221507,2016-05-24,"23_00"
"786",786,"ZTZY920","成功四段三二四(往東)",37.666668,4.375,28,0,121.595224987996,25.0841869673208,121.598776038888,25.0846779763565,2016-05-24,"23_00"
"787",787,"ZU5QC60","內湖路一段91巷至文湖路(往西)",26.560606,3.8,71,1,121.560812033407,25.0845420153818,121.559698043141,25.0849069801418,2016-05-24,"23_00"
"788",788,"ZU8P760","北安路 劍南路-敬業三路",57.183674,1.95,49,0,121.556317982132,25.0846900178608,121.553911974051,25.0853220410784,2016-05-24,"23_00"
"789",789,"ZUIFC60","百齡橋 通河東街一段-重陽橋",53.95098,4.8,105,0,121.515487974394,25.090281016709,121.510577042701,25.0870570201792,2016-05-24,"23_00"
"790",790,"ZV9GE20","百齡橋 重陽橋-通河東街一段",51.818966,3.9,116.5,0,121.510577042701,25.0870570201792,121.515487974394,25.090281016709,2016-05-24,"23_00"
"791",791,"ZV9IT40","中山北路  中正路-小北街",31.619047,2.125,21,1,121.528014004153,25.0937130284284,121.527473957656,25.0902389796397,2016-05-24,"23_00"
"792",792,"ZWVFW00","承德路    中正路-洲美路",39.969696,2.3,33,1,121.514055017166,25.0959740116679,121.513357991724,25.0976729730527,2016-05-24,"23_00"
"793",793,"ZYQKQ70","仰德大道二段　2巷(嶺頭山莊)(往西)",39.166668,1.25,6,0,121.539758042194,25.1018589858249,121.537158956528,25.1060750183634,2016-05-24,"23_00"
"794",794,"ZZKPR60","至善路    中社路-至善路",42.75,2.5,4,0,121.5586820184,25.1119720174553,121.557154982438,25.1098199874148,2016-05-24,"23_00"
