"","_id","SectionId","SectionName","AvgSpd","AvgOcc","TotalVol","MOELevel","StartWgsX","StartWgsY","EndWgsX","EndWgsY","date","time"
"1",1,"Z0111C0","市高往東  環河中華",45.363094,19.6,168.5,0,121.506955002167,25.0499479957493,121.507057986923,25.0504089798186,2016-05-18,"17_50"
"2",2,"Z0120C0","市高往東  中華承德",70.850426,9,235.5,1,121.507057986923,25.0504089798186,121.514669994797,25.0488470329132,2016-05-18,"17_50"
"3",3,"Z0130A0","市高往東  承德中山",70.345566,9.466666,327.5,0,121.514669994797,25.0488470329132,121.530466977389,25.0458740396192,2016-05-18,"17_50"
"4",4,"Z0130A1","市高往東  中山林森",75.40774,8.533334,336,0,121.514669994797,25.0488470329132,121.530466977389,25.0458740396192,2016-05-18,"17_50"
"5",5,"Z0140C0","市高往東  新生建國",70.77077,13.2,301.5,0,121.530466977389,25.0458740396192,121.536157036992,25.0443180284222,2016-05-18,"17_50"
"6",6,"Z0140C1","市高往東  建國復興",66.64074,10.8,281,1,121.530466977389,25.0458740396192,121.536157036992,25.0443180284222,2016-05-18,"17_50"
"7",7,"Z0150C0","市高往東  復興敦化",59.89375,13.583333,322,0,121.536157036992,25.0443180284222,121.557631047561,25.0447609827095,2016-05-18,"17_50"
"8",8,"Z0150C1","市高往東  敦化上方",66.65438,3.3333333,217.5,0,121.536157036992,25.0443180284222,121.557631047561,25.0447609827095,2016-05-18,"17_50"
"9",9,"Z0150C2","市高往東  敦化延吉",68.01465,9.666666,273,1,121.536157036992,25.0443180284222,121.557631047561,25.0447609827095,2016-05-18,"17_50"
"10",10,"Z0160C0","市高往東  延吉永吉",68.933334,11.8,285,1,121.557631047561,25.0447609827095,121.569229955283,25.0455460393449,2016-05-18,"17_50"
"11",11,"Z0380F0","正氣橋  麥一市民",70.184616,2.7,65,0,121.569772042499,25.0461890146634,121.569771009262,25.0459439976653,2016-05-18,"17_50"
"12",12,"Z0390G0","市高往西  永吉光復",47.931625,13,237,1,121.569771009262,25.0459439976653,121.567512021271,25.0458909827904,2016-05-18,"17_50"
"13",13,"Z03A0G1","市高往西  光復延吉",48.8522,21.9,318,1,121.567512021271,25.0458909827904,121.557667048171,25.0454680148637,2016-05-18,"17_50"
"14",14,"Z03B0G0","市高往西  延吉復興",77.9968,6.8666663,317.5,0,121.557667048171,25.0454680148637,121.536126020332,25.0450250384754,2016-05-18,"17_50"
"15",15,"Z03C0G0","市高往西  復興建國",59.32787,8.9,246.5,1,121.536126020332,25.0450250384754,121.530571036066,25.0465189949323,2016-05-18,"17_50"
"16",16,"Z03C0G1","市高往西  建國新生",55.46789,15.2,221,2,121.536126020332,25.0450250384754,121.530571036066,25.0465189949323,2016-05-18,"17_50"
"17",17,"Z03D0G0","市高往西  新生林森",47.19896,9.8,339,1,121.530571036066,25.0465189949323,121.515177951736,25.0495210244858,2016-05-18,"17_50"
"18",18,"Z03D0G1","市高往西  林森中山",42.07843,11.666667,359,2,121.530571036066,25.0465189949323,121.515177951736,25.0495210244858,2016-05-18,"17_50"
"19",19,"Z03E0G0","市高往西  承德重慶",50.42671,17.6,307,2,121.515177951736,25.0495210244858,121.507228991091,25.0510220354424,2016-05-18,"17_50"
"20",20,"Z03E0G1","市高往西  重慶中華",46.65333,14.6,300.5,1,121.515177951736,25.0495210244858,121.507228991091,25.0510220354424,2016-05-18,"17_50"
"21",21,"Z5062G0","市高往西  中華環河",45,18,141.5,1,121.507228991091,25.0510220354424,121.497868957546,25.0400649616175,2016-05-18,"17_50"
"22",22,"Z1001B0","建國快往北 辛亥高架接建高",91.12397,4.2,121.5,0,121.536995038696,25.0228289705983,121.53770600753,25.0229289599307,2016-05-18,"17_50"
"23",23,"Z1010A0","建國快往北 辛亥信義",73.65566,14.466665,226,0,121.53770600753,25.0229289599307,121.53806600958,25.0355689692847,2016-05-18,"17_50"
"24",24,"Z1010A1","建國快往北 和平信義",74.41494,8.400001,247.5,0,121.53770600753,25.0229289599307,121.53806600958,25.0355689692847,2016-05-18,"17_50"
"25",25,"Z1011A0","建國快往北 信義路上匝道",44.564518,8.6,62.5,0,121.537818032218,25.0344000079271,121.53806600958,25.0355689692847,2016-05-18,"17_50"
"26",26,"Z1020A0","建國快往北 信義仁愛",64.93811,10.266666,307,0,121.53806600958,25.0355689692847,121.537962958846,25.0357070206232,2016-05-18,"17_50"
"27",27,"Z1030A0","建國快往北 仁愛忠孝",62.714874,10,247,0,121.537962958846,25.0357070206232,121.53712002298,25.0420240374186,2016-05-18,"17_50"
"28",28,"Z1040A0","建國快往北 忠孝長安",55.83761,23.666666,512,0,121.53712002298,25.0420240374186,121.536836031321,25.0460820090283,2016-05-18,"17_50"
"29",29,"Z1050A0","建國快往北 南京東路",69.3937,6.1333337,256.5,0,121.537031988413,25.0497290015224,121.536885031022,25.0495280262993,2016-05-18,"17_50"
"30",30,"Z1060A0","建國快往北 南京民權",41.66265,22.133335,350,1,121.536885031022,25.0495280262993,121.537105027258,25.061757993861,2016-05-18,"17_50"
"31",31,"Z1070A0","建國快往北 民權民族",40.85987,44.3,167.5,1,121.537105027258,25.061757993861,121.534361045097,25.0672949565866,2016-05-18,"17_50"
"32",32,"Z1080A0","建國快往北 民族濱江",40.25658,19.3,167.5,1,121.534361045097,25.0672949565866,121.533422973875,25.0689429692608,2016-05-18,"17_50"
"33",33,"Z10D2A0","建國快往北 民權東路下匝道",52.91566,9.6,83,0,121.537105027258,25.061757993861,121.537488045992,25.06147096043,2016-05-18,"17_50"
"34",34,"Z10E2A0","建國快往北 南京東路下匝道",40.47191,12.4,89,0,121.537031988413,25.0497290015224,121.537171960091,25.050782973455,2016-05-18,"17_50"
"35",35,"Z1210E0","建國快往南 濱江民權",42.5283,27.4,280.5,1,121.533418991878,25.0689390112276,121.53435399476,25.0672920027059,2016-05-18,"17_50"
"36",36,"Z1220E0","建國快往南 民權東路",66.69231,15.2,268.5,0,121.53435399476,25.0672920027059,121.536693985588,25.0612780140168,2016-05-18,"17_50"
"37",37,"Z1221E0","建國快往南 民權上匝道",38.025,9.8,80,0,121.536437036293,25.0617689851535,121.536693985588,25.0612780140168,2016-05-18,"17_50"
"38",38,"Z1230E0","建國快往南 民權長春",66.60784,14.6,377.5,0,121.536693985588,25.0612780140168,121.536592989789,25.0533579739567,2016-05-18,"17_50"
"39",39,"Z1231E0","建國快往南 長春路上匝道",39.179775,13.4,89,0,121.536882030345,25.0561880388567,121.536592989789,25.0533579739567,2016-05-18,"17_50"
"40",40,"Z1240E0","建國快往南 長春長安",37.57931,15.466667,437.5,2,121.536592989789,25.0533579739567,121.536352037032,25.0461559817578,2016-05-18,"17_50"
"41",41,"Z1241E0","建國快往南 長安東路上匝道",37.96748,9.1,123.5,0,121.53670903176,25.0483700001353,121.536352037032,25.0461559817578,2016-05-18,"17_50"
"42",42,"Z1250E0","建國快往南 長安忠孝",57.6533,19.4,437,0,121.536352037032,25.0461559817578,121.536372990119,25.0430219911443,2016-05-18,"17_50"
"43",43,"Z1260E0","建國快往南 忠孝仁愛",59.905437,18.6,436.5,1,121.536372990119,25.0430219911443,121.537569973104,25.0395320152659,2016-05-18,"17_50"
"44",44,"Z1270E0","建國快往南 仁愛信義",64.84536,15,392,0,121.537569973104,25.0395320152659,121.537580011017,25.034604994102,2016-05-18,"17_50"
"45",45,"Z1280E0","建國快往南 信義和平",43.907803,29.5,316,1,121.537580011017,25.034604994102,121.537365024448,25.0277679879518,2016-05-18,"17_50"
"46",46,"Z1290E0","建國快往南 和平辛亥",42.39924,28.7,298,1,121.537365024448,25.0277679879518,121.53728803944,25.0240599764049,2016-05-18,"17_50"
"47",47,"Z12B2E0","建國快往南 民權下匝道",32.62857,34.8,108,0,121.53435399476,25.0672920027059,121.535397954012,25.0655879895417,2016-05-18,"17_50"
"48",48,"Z12C2E0","建國快往南 忠孝東路下匝道",29.123287,9.1,149.5,1,121.536372990119,25.0430219911443,121.536485987571,25.0418200366026,2016-05-18,"17_50"
"49",49,"Z12D2E0","建國快往南 仁愛路下匝道",40.632183,15,87,0,121.537569973104,25.0395320152659,121.537391996702,25.0387139928824,2016-05-18,"17_50"
"50",50,"Z12F2E0","建國快往南 和平東路下匝道",47.014286,8,70,0,121.537365024448,25.0277679879518,121.536989035092,25.026846043666,2016-05-18,"17_50"
"51",51,"Z12G2E0","建國快往南 辛亥路下匝道",27.921053,37.5,38,0,121.53728803944,25.0240599764049,121.53759697438,25.0222600110569,2016-05-18,"17_50"
"52",52,"Z2101B0","基隆快往東 水快上匝道",52.79439,12.8,110.5,0,121.534551026926,25.0064900369957,121.530827029155,25.0209600054365,2016-05-18,"17_50"
"53",53,"Z2110C0","基隆快往東 水源辛亥",69.58475,5.2,119,0,121.530827029155,25.0209600054365,121.544666015207,25.0173669632625,2016-05-18,"17_50"
"54",54,"Z2120C0","基隆快往東 辛亥敦化",69.644066,2.4,59,0,121.544666015207,25.0173669632625,121.547078966678,25.0194600254024,2016-05-18,"17_50"
"55",55,"ZEFM0C0","基隆快往東 辛亥下匝道",39.744446,8.9,94.5,0,121.544666015207,25.0173669632625,121.546649048669,25.0191459845886,2016-05-18,"17_50"
"56",56,"ZEWN0C0","基隆快往東 敦化下匝道",35.666668,40.4,70,0,121.547078966678,25.0194600254024,121.548697955585,25.0209529930949,2016-05-18,"17_50"
"57",57,"Z2310G0","基隆快往西 樂業敦化",56.235294,6.2,68,0,121.550230044874,25.022392005194,121.547075954271,25.0194510083942,2016-05-18,"17_50"
"58",58,"Z2311G0","基隆快往西 敦化上匝道",33.38095,3.4,21,0,121.548697955585,25.0209529930949,121.547075954271,25.0194510083942,2016-05-18,"17_50"
"59",59,"Z2320G0","基隆快往西 敦化羅斯福",64.111115,0.625,9,0,121.547075954271,25.0194510083942,121.544658976273,25.0173659959567,2016-05-18,"17_50"
"60",60,"Z2321G0","基隆快往西 羅斯福路上匝道",120,2.6666667,4,0,121.540373965139,25.013833044365,121.544658976273,25.0173659959567,2016-05-18,"17_50"
"61",61,"Z2330G0","基隆快往西 羅斯福水源",67.810814,2.8,74.5,0,121.544658976273,25.0173659959567,121.530824034973,25.0209549603874,2016-05-18,"17_50"
"62",62,"Z3110C0","辛亥高架 汀州路地下道",48.859505,6.555556,121,0,121.530689984473,25.0209799954032,121.533310973508,25.0225279642767,2016-05-18,"17_50"
"63",63,"Z3120C0","辛亥高架 泰順新生",71.5,4.5,118.5,0,121.533310973508,25.0225279642767,121.535352972987,25.0225910440046,2016-05-18,"17_50"
"64",64,"Z3132C0","辛亥高架 辛亥路下匝道",64.21212,1.3,33,0,121.535352972987,25.0225910440046,121.536995038696,25.0228289705983,2016-05-18,"17_50"
"65",65,"Z3310G0","辛亥高架 建高接辛高",60.75238,4.8,106,0,121.535665953559,25.022585041419,121.535348970526,25.0225820303175,2016-05-18,"17_50"
"66",66,"Z4010A0","水源快往北 中正路-景美",57.666668,7.1333327,216.5,0,121.537137968395,24.9900590035432,121.535866990787,24.995892962813,2016-05-18,"17_50"
"67",67,"Z4011A0","水源快往北 景美上匝道",11,21.8,48,2,121.539924954984,24.9996249638555,121.535866990787,24.995892962813,2016-05-18,"17_50"
"68",68,"Z4020A0","水源快往北 景美-基隆快",53.60793,9.916666,230,0,121.535866990787,24.995892962813,121.534551026926,25.0064900369957,2016-05-18,"17_50"
"69",69,"Z4031A0","水源快往北 福和橋上匝道",54.25,1,8,0,121.530617011823,25.0081510342297,121.53337597531,25.008194972905,2016-05-18,"17_50"
"70",70,"Z4040H0","水源快往北 福和橋-師大路",52.841465,8.6,165.5,0,121.53337597531,25.008194972905,121.522921040872,25.0203360131995,2016-05-18,"17_50"
"71",71,"Z4050G0","水源快往北 師大路-泉州街",52.596638,5.9,119,0,121.522921040872,25.0203360131995,121.512387014104,25.0242559571385,2016-05-18,"17_50"
"72",72,"Z4060G0","水源快往北 泉州街-青年路",49.660378,7,53,1,121.512387014104,25.0242559571385,121.504085957724,25.0200459916201,2016-05-18,"17_50"
"73",73,"Z4070G0","水源快往北 青年路-萬大路",43.71028,7.6,107,1,121.504085957724,25.0200459916201,121.496988966074,25.0166209545364,2016-05-18,"17_50"
"74",74,"Z4080G0","水源快往北 華中橋",62.75,2.6666667,44,0,121.496988966074,25.0166209545364,121.493546960585,25.0188819622546,2016-05-18,"17_50"
"75",75,"Z4081G0","水源快往北 萬大路上匝道",60.583332,0.25,12.5,0,121.495850997188,25.0170060123111,121.493546960585,25.0188819622546,2016-05-18,"17_50"
"76",76,"Z40A2G0","水源快往北 萬大路下匝道",23.6,7.8,21.5,1,121.496988966074,25.0166209545364,121.495850997188,25.0170060123111,2016-05-18,"17_50"
"77",77,"Z2PK0E0","水源快往南 景美下匝道",55.79221,7,77,0,121.535291969736,24.9960160097742,121.535838037846,24.996001043551,2016-05-18,"17_50"
"78",78,"Z4210D0","水源快往南 西園路-華中橋",69.81507,4.4000006,146,0,121.490670975297,25.0240550372173,121.494897959806,25.0165149868655,2016-05-18,"17_50"
"79",79,"Z4220D0","水源快往南 華中橋",61.703705,3.3,81,1,121.494897959806,25.0165149868655,121.49758002879,25.0160439753475,2016-05-18,"17_50"
"80",80,"Z4221E0","水源快往南 萬大路上匝道",44,0.33333334,4,0,121.495850997188,25.0170060123111,121.49758002879,25.0160439753475,2016-05-18,"17_50"
"81",81,"Z4231C0","水源快往南 富民街上匝道",25.304348,5,23,1,121.500347043131,25.0180069774255,121.500586041983,25.0174489562607,2016-05-18,"17_50"
"82",82,"Z4250B0","水源快往南 富民街-泉州街",61.333332,4.5333333,147,0,121.500586041983,25.0174489562607,121.508575958881,25.0223029895734,2016-05-18,"17_50"
"83",83,"Z4261E0","水源快往南 泉州街上匝道",28.586206,17,59.5,0,121.512416020795,25.0242259740788,121.513597015627,25.0238910179486,2016-05-18,"17_50"
"84",84,"Z4270C0","水源快往南 泉州街-中正橋",56.65263,9.8,190.5,0,121.513597015627,25.0238910179486,121.517301026601,25.0212440410053,2016-05-18,"17_50"
"85",85,"Z4271C0","水源快往南 中正橋上匝道",32.0625,7.6,48,0,121.516420014929,25.0218210214711,121.517301026601,25.0212440410053,2016-05-18,"17_50"
"86",86,"Z4280C0","水源快往南 中正橋-師大路",54.55612,10.2,196,0,121.517301026601,25.0212440410053,121.519818971223,25.0206189990961,2016-05-18,"17_50"
"87",87,"Z4290C0","水源快往南 師大路",36.891304,3.2,93.5,0,121.519818971223,25.0206189990961,121.52318904069,25.0190460360213,2016-05-18,"17_50"
"88",88,"Z42A0D0","水源快往南 師大路-永福橋",54.860928,7.1333327,158.5,0,121.52318904069,25.0190460360213,121.526604004471,25.0136400414621,2016-05-18,"17_50"
"89",89,"Z42B0D0","水源快往南 永福橋-基隆路",54.248062,5.1,129,1,121.526604004471,25.0136400414621,121.533012969887,25.0077350276523,2016-05-18,"17_50"
"90",90,"Z42B1D0","水源快往南 福和橋上匝道",40.8,1.3333334,5,0,121.530617011823,25.0081510342297,121.533012969887,25.0077350276523,2016-05-18,"17_50"
"91",91,"Z42B1E0","水源快往南 基高上匝道",51.822033,12.4,119,0,121.530824034973,25.0209549603874,121.533012969887,25.0077350276523,2016-05-18,"17_50"
"92",92,"Z42C0E0","水源快往南 基隆路-景美",64.14762,6.133333,211.5,0,121.533012969887,25.0077350276523,121.535291969736,24.9960160097742,2016-05-18,"17_50"
"93",93,"Z42F2E0","水源快往南 泉州街下匝道",54.615383,1.4,13,0,121.508575958881,25.0223029895734,121.512416020795,25.0242259740788,2016-05-18,"17_50"
"94",94,"Z42I2E0","水源快往南 永福橋下匝道",54.333332,1.75,15,0,121.526604004471,25.0136400414621,121.527920044784,25.0117400117055,2016-05-18,"17_50"
"95",95,"Z42K2C0","水源快往南 華中橋下匝道",79.59259,3,29.5,0,121.494897959806,25.0165149868655,121.495752005932,25.0165099750557,2016-05-18,"17_50"
"96",96,"Z0112A0","環河快往北 市民下匝道",28.261906,12.4,88,0,121.505632045463,25.0479460104869,121.507057986923,25.0504089798186,2016-05-18,"17_50"
"97",97,"Z5050A0","環河快往北 西園華江",71.53488,2.4,87.5,0,121.4909020335,25.0247749907051,121.491948992589,25.0363589545033,2016-05-18,"17_50"
"98",98,"Z5051A0","環河快往北 華江橋上匝道",39.76033,17.6,121,0,121.489444030584,25.0354040152171,121.491948992589,25.0363589545033,2016-05-18,"17_50"
"99",99,"Z5060B0","環河快往北 華江貴陽",60.54404,8.9,195.5,0,121.491948992589,25.0363589545033,121.497868957546,25.0400649616175,2016-05-18,"17_50"
"100",100,"Z5070A0","環河快往北 貴陽市民",72.921684,6.133333,167,0,121.497868957546,25.0400649616175,121.505632045463,25.0479460104869,2016-05-18,"17_50"
"101",101,"Z5070A1","環河快往北  貴陽市民",62.894737,8.9,211,0,121.497868957546,25.0400649616175,121.505632045463,25.0479460104869,2016-05-18,"17_50"
"102",102,"Z5080A0","環河快往北 市民民生",58.20652,3.7,93,0,121.505632045463,25.0479460104869,121.508492028217,25.0570309650365,2016-05-18,"17_50"
"103",103,"Z50B0A0","環河快往北 酒泉敦煌",45.368958,23.066668,297.75,0,121.509256996901,25.0721649933788,121.508641013476,25.0767900150083,2016-05-18,"17_50"
"104",104,"Z50C2A0","環河快往北 貴陽街下匝道",62.92857,1.2,14,0,121.497868957546,25.0400649616175,121.497707968591,25.0394379567263,2016-05-18,"17_50"
"105",105,"Z5250E0","環河快往南 民生西-忠孝橋",58.28421,4.5,96,0,121.508490045987,25.0570549865263,121.506820022925,25.0520699678275,2016-05-18,"17_50"
"106",106,"Z5260E0","環河快往南 忠孝橋",67.27723,8.5,202,0,121.506820022925,25.0520699678275,121.503459020046,25.0468649631992,2016-05-18,"17_50"
"107",107,"Z5261E0","環河快往南 忠孝橋上匝道",61.375,1.8,16,0,121.504301011176,25.0499669605124,121.503459020046,25.0468649631992,2016-05-18,"17_50"
"108",108,"Z5261F0","環河快往南 市民上匝道",32.523365,12.8,107,0,121.507228991091,25.0510220354424,121.503459020046,25.0468649631992,2016-05-18,"17_50"
"109",109,"Z5270E0","環河快往南 忠孝橋-中興橋",45.555557,0.2,9,0,121.503459020046,25.0468649631992,121.501675036559,25.0454489818402,2016-05-18,"17_50"
"110",110,"Z5280E0","環河快往南 中興橋",36.243244,4.8,37,0,121.501675036559,25.0454489818402,121.500127997034,25.0428969866014,2016-05-18,"17_50"
"111",111,"Z5290E0","環河快往南 中興橋-桂林路",62.5,1.6,20,0,121.500127997034,25.0428969866014,121.495768980163,25.0390590284779,2016-05-18,"17_50"
"112",112,"Z52A0E0","環河快往南 桂林路-華江橋",49.585938,13.4,128,0,121.495768980163,25.0390590284779,121.491098012531,25.0361979990397,2016-05-18,"17_50"
"113",113,"Z52B0E0","環河快往南 華江橋",58.465572,13.9,306.5,0,121.491098012531,25.0361979990397,121.488941968621,25.0336170151409,2016-05-18,"17_50"
"114",114,"Z52B1E0","環河快往南 華江橋上匝道",50.142857,3,15.5,0,121.489444030584,25.0354040152171,121.488941968621,25.0336170151409,2016-05-18,"17_50"
"115",115,"Z52C0E0","環河快往南 華江橋-西藏路",69.419846,4.8,132,0,121.488941968621,25.0336170151409,121.488264038685,25.0296530048539,2016-05-18,"17_50"
"116",116,"Z52C2E0","環河快往南 西藏路下匝道",31.153847,8.8,40,0,121.490064014881,25.0304020134316,121.488264038685,25.0296530048539,2016-05-18,"17_50"
"117",117,"Z52D0E0","環河快往南 西藏路-西園路",54.42105,1.8,19,0,121.488264038685,25.0296530048539,121.490514011287,25.0244009718354,2016-05-18,"17_50"
"118",118,"Z6120C0","環東出城　正氣橋",42.808643,7.6,165.5,2,121.568370994278,25.0472350435512,121.570605021905,25.0510110311818,2016-05-18,"17_50"
"119",119,"Z6130C0","環東出城　麥帥一橋",63.494736,9.1,190,0,121.570605021905,25.0510110311818,121.574926995873,25.0534200156251,2016-05-18,"17_50"
"120",120,"Z6140C0","環東出城　堤頂舊宗",48.464287,3.5,30.5,1,121.574926995873,25.0534200156251,121.57748301202,25.0549450438494,2016-05-18,"17_50"
"121",121,"Z6150C0","環東出城　堤頂舊宗",75.81595,6.7,163,0,121.57748301202,25.0549450438494,121.584862988947,25.0586160247397,2016-05-18,"17_50"
"122",122,"Z6150C1","環東出城  堤頂舊宗",72.18012,5.8,161,0,121.57748301202,25.0549450438494,121.584862988947,25.0586160247397,2016-05-18,"17_50"
"123",123,"Z6151C0","環東出城　舊宗匝道",39.954544,18.8,44.5,1,121.56613702014,25.051338962847,121.584862988947,25.0586160247397,2016-05-18,"17_50"
"124",124,"Z6160C1","環東出城  彩虹經貿1",49.208122,7,198.5,1,121.584862988947,25.0586160247397,121.616541008175,25.0625849622717,2016-05-18,"17_50"
"125",125,"Z6160C2","環東出城  彩虹經貿2",68.79612,8.6,206,0,121.584862988947,25.0586160247397,121.616541008175,25.0625849622717,2016-05-18,"17_50"
"126",126,"Z6160C3","環東出城  彩虹經貿3",86.94444,5.4,162,0,121.584862988947,25.0586160247397,121.616541008175,25.0625849622717,2016-05-18,"17_50"
"127",127,"Z6160C4","環東出城  彩虹經貿4",74.62745,1.375,154.5,0,121.584862988947,25.0586160247397,121.616541008175,25.0625849622717,2016-05-18,"17_50"
"128",128,"Z6160C5","環東出城  彩虹經貿5",78.99422,6.9,173,0,121.584862988947,25.0586160247397,121.616541008175,25.0625849622717,2016-05-18,"17_50"
"129",129,"Z6160C6","環東出城  彩虹經貿6",54.46977,9.3,215,1,121.584862988947,25.0586160247397,121.616541008175,25.0625849622717,2016-05-18,"17_50"
"130",130,"Z6160C7","環東出城  彩虹經貿7",48.975,7,160,1,121.584862988947,25.0586160247397,121.616541008175,25.0625849622717,2016-05-18,"17_50"
"131",131,"Z6170C1","環東出城　南湖橋段1",66.84615,6.75,130,0,121.616541008175,25.0625849622717,121.617806017444,25.0621700152228,2016-05-18,"17_50"
"132",132,"Z6171C0","環東出城　園區匝道",57.67105,3.6,76,1,121.506686988079,25.0504710048466,121.617806017444,25.0621700152228,2016-05-18,"17_50"
"133",133,"Z6180A0","環東出城　往國道三號",72.58947,3.3,95,0,121.617806017444,25.0621700152228,121.619272988714,25.0611980022906,2016-05-18,"17_50"
"134",134,"Z6310G0","環東進城　前方",64.36036,4.1666665,111.5,0,121.619543975639,25.0614559745982,121.616821033512,25.0628670066886,2016-05-18,"17_50"
"135",135,"Z6320G0","環東進城　經貿園區",76.121216,2.8,66.5,0,121.616821033512,25.0628670066886,121.616641022636,25.0629230055203,2016-05-18,"17_50"
"136",136,"Z6330G2","環東出城  經貿彩虹2",69.748505,6.7,167,0,121.616641022636,25.0629230055203,121.584602985496,25.0590689905561,2016-05-18,"17_50"
"137",137,"Z6330G3","環東出城  經貿彩虹3",73.84615,6.2,169,0,121.616641022636,25.0629230055203,121.584602985496,25.0590689905561,2016-05-18,"17_50"
"138",138,"Z6330G4","環東出城  經貿彩虹4",76.58479,6.2,171.5,0,121.616641022636,25.0629230055203,121.584602985496,25.0590689905561,2016-05-18,"17_50"
"139",139,"Z6330G5","環東出城  經貿彩虹5",75.78161,6.1,174,0,121.616641022636,25.0629230055203,121.584602985496,25.0590689905561,2016-05-18,"17_50"
"140",140,"Z6330G6","環東出城  經貿彩虹6",66.789154,6.5,166,0,121.616641022636,25.0629230055203,121.584602985496,25.0590689905561,2016-05-18,"17_50"
"141",141,"Z6330G7","環東出城  經貿彩虹7",57.802197,8.8,182,1,121.616641022636,25.0629230055203,121.584602985496,25.0590689905561,2016-05-18,"17_50"
"142",142,"Z6330G8","環東出城  經貿彩虹8",59.17647,8.6,187,0,121.616641022636,25.0629230055203,121.584602985496,25.0590689905561,2016-05-18,"17_50"
"143",143,"Z6340G0","環東進城　舊宗新明",71.304344,7.7,139.5,0,121.584602985496,25.0590689905561,121.577017014874,25.055012037314,2016-05-18,"17_50"
"144",144,"Z6350G0","環東進城  堤頂麥一",76.104164,3.5,96,0,121.577017014874,25.055012037314,121.574868993047,25.0538609882666,2016-05-18,"17_50"
"145",145,"Z6360G0","環東進城　麥帥一橋",63.386364,9.4,176,0,121.574868993047,25.0538609882666,121.570337952539,25.0515299950425,2016-05-18,"17_50"
"146",146,"Z6360G1","環東進城　麥帥一橋",52.05128,10.875,120,1,121.574868993047,25.0538609882666,121.570337952539,25.0515299950425,2016-05-18,"17_50"
"147",147,"Z6380E0","環東進城　永吉匝道",35.426666,15.875,151.5,1,121.568211967079,25.0479089629847,121.566930011803,25.0458089733302,2016-05-18,"17_50"
"148",148,"Z7010A0","正氣橋出城接麥二橋",49.858208,9.5,134,1,121.572381048053,25.0517659831681,121.572381048053,25.0517659831681,2016-05-18,"17_50"
"149",149,"Z7230E0","麥二正氣",52.888325,11.6,197,0,121.572381048053,25.0517659831681,121.536157036992,25.0443180284222,2016-05-18,"17_50"
"150",150,"Z8001H0","洲美往北　中正社中",51.345455,15.333334,300,0,121.501322045006,25.0905279940405,121.506718964987,25.0840970372638,2016-05-18,"17_50"
"151",151,"Z8001H1","洲美往北  中正社中1",63.369564,7.2,245,0,121.501322045006,25.0905279940405,121.506718964987,25.0840970372638,2016-05-18,"17_50"
"152",152,"Z8010A0","洲美往北　社中通河",68.55905,3.2,134.5,0,121.506718964987,25.0840970372638,121.498530964268,25.0990859660389,2016-05-18,"17_50"
"153",153,"Z8010A2","洲美往北　跨河橋段",47.441177,8.333334,117.5,0,121.506718964987,25.0840970372638,121.498530964268,25.0990859660389,2016-05-18,"17_50"
"154",154,"Z8020A0","洲美往北　福國路段",81.08451,4.7999997,213,0,121.498530964268,25.0990859660389,121.499175972166,25.1026189964555,2016-05-18,"17_50"
"155",155,"Z8030A0","洲美往北　焚化廠南",78.06061,6.0666666,231.5,0,121.499175972166,25.1026189964555,121.499039991332,25.1065160441939,2016-05-18,"17_50"
"156",156,"Z8040A0","洲美往北　焚化廠北",87.22951,2.6666665,122,0,121.499039991332,25.1065160441939,121.493663023759,25.1217349827357,2016-05-18,"17_50"
"157",157,"Z8040A1","洲美往北   往大度",83.72727,1.1333334,110.5,0,121.499039991332,25.1065160441939,121.493663023759,25.1217349827357,2016-05-18,"17_50"
"158",158,"Z8050A0","洲美往北　大業匝道",79.765625,2.1,64,0,121.493663023759,25.1217349827357,121.498706994097,25.1257360159759,2016-05-18,"17_50"
"159",159,"ZLGGYA0","洲美往北　北投匝道",56.590908,0.8,22,0,121.499039991332,25.1065160441939,121.518394001597,25.0506200193959,2016-05-18,"17_50"
"160",160,"Z8211A0","洲美往南　大度匝道",64.12931,2.3,117,0,121.464409006352,25.12372703342,121.499415011407,25.1164069706791,2016-05-18,"17_50"
"161",161,"Z8220E1","洲美往南  焚化廠北",64.14793,4.4,171,0,121.499415011407,25.1164069706791,121.499410028525,25.1162300382646,2016-05-18,"17_50"
"162",162,"Z8230E0","洲美往南　焚化廠南",73.5,7,244,0,121.499410028525,25.1162300382646,121.498717979057,25.1023440083671,2016-05-18,"17_50"
"163",163,"Z8240E0","洲美往南　福國路段",70.92071,6.4,228,0,121.498717979057,25.1023440083671,121.498122950903,25.0993239617516,2016-05-18,"17_50"
"164",164,"Z8250E0","洲美往南　跨河橋段",22.541502,23.2,317,1,121.498122950903,25.0993239617516,121.505457987033,25.0856429679772,2016-05-18,"17_50"
"165",165,"Z8250E2","洲美往南　通河社中",57.46729,4.2,117.5,0,121.498122950903,25.0993239617516,121.505457987033,25.0856429679772,2016-05-18,"17_50"
"166",166,"Z8260A0","環北往南　社中中正",66.39416,2.8666666,140,0,121.505457987033,25.0856429679772,121.507375025755,25.0814500272669,2016-05-18,"17_50"
"167",167,"Z9010A0","信快往北  木柵入口",66.32653,5,50.5,0,121.576575015947,25.0001809673246,121.581303018416,25.0061379810342,2016-05-18,"17_50"
"168",168,"Z9011A0","E_I-N-EN1",71.5,18.2,78,0,121.582282989818,25.0046809888682,121.581303018416,25.0061379810342,2016-05-18,"17_50"
"169",169,"Z9030A0","信快往北 文山隧道",78.23077,2.9333334,120.5,0,121.581819044289,25.0080029688007,121.58007302298,25.0185520437394,2016-05-18,"17_50"
"170",170,"Z9040A0","信快往北  文山象山間",63.757896,0.6666667,101.5,0,121.58007302298,25.0185520437394,121.576318004777,25.0215079894489,2016-05-18,"17_50"
"171",171,"Z9050A0","信快往北  象山隧道",77.27885,2.8666666,108,0,121.576318004777,25.0215079894489,121.573106996005,25.0306110259661,2016-05-18,"17_50"
"172",172,"Z9060A0","信快往北  象山出口",44.067307,4.4666667,109,1,121.573106996005,25.0306110259661,121.57304703705,25.0323369694062,2016-05-18,"17_50"
"173",173,"ZGYS7A0","E_I-N-EX2",44.295456,10.7,97.5,0,121.57304703705,25.0323369694062,121.568318010097,25.0299530329774,2016-05-18,"17_50"
"174",174,"Z9201A0","E_I-S-EN2",54.833332,7.8,36,1,121.574585031664,25.0329529736002,121.572957964431,25.0328939824679,2016-05-18,"17_50"
"175",175,"Z9211A0","信快往北  松仁匝道",40.171642,4.75,149,1,121.568318010097,25.0299530329774,121.572483004907,25.0327419748003,2016-05-18,"17_50"
"176",176,"Z9230A0","信快往北  象山隧道",85.413795,2.8,121.5,0,121.572327042517,25.0308000093377,121.57589398737,25.0210529932084,2016-05-18,"17_50"
"177",177,"Z9240A0","信快往北  象山文山間",58.808,2.6666665,131.5,0,121.57589398737,25.0210529932084,121.579738003233,25.0181450112202,2016-05-18,"17_50"
"178",178,"Z9250A0","信快往北  文山隧道",71.94203,3.6666667,141,0,121.579738003233,25.0181450112202,121.58125897475,25.0081889703121,2016-05-18,"17_50"
"179",179,"Z9260A0","信快往北  萬芳出口",56.409092,3.1333332,137.5,1,121.58125897475,25.0081889703121,121.580423983686,25.0049820284797,2016-05-18,"17_50"
"180",180,"ZJTJ960","八德路    松江路-忠孝東路",29.434782,13.6,49.5,0,121.532877004208,25.0443479756871,121.530008998433,25.0436089944644,2016-05-18,"17_50"
"181",181,"ZK5JW60","八德路    建國北路-新生北路",20.76923,4.6,13,1,121.535606954197,25.045648042121,121.532877004208,25.0443479756871,2016-05-18,"17_50"
"182",182,"ZK7K820","八德路    新生南路-建國北路",34.117645,5.5,19,0,121.532877004208,25.0443479756871,121.533978046748,25.0446509770139,2016-05-18,"17_50"
"183",183,"ZKLLH20","八德路    建國北路-復興北路",35.42623,6,63,0,121.536660023401,25.0460589913958,121.540507984494,25.0467130279066,2016-05-18,"17_50"
"184",184,"ZKRM820","八德路    敦化北路-復興北路",44.567165,5.7,67.5,0,121.542154998418,25.0471219561995,121.543931037249,25.0475489915048,2016-05-18,"17_50"
"185",185,"ZKWN820","八德路    復興北路-敦化南路",39.346153,6,28.5,0,121.54684699938,25.0481800005474,121.548917990989,25.0481810293354,2016-05-18,"17_50"
"186",186,"ZKWN860","八德路    光復南路-敦化北路",31.666666,61,15,0,121.552615002533,25.048185017375,121.548917990989,25.0481810293354,2016-05-18,"17_50"
"187",187,"ZKWNV20","八德路    敦化南路-光復南路",29.306667,13.7,88,0,121.548917990989,25.0481810293354,121.552615002533,25.048185017375,2016-05-18,"17_50"
"188",188,"ZKWPX60","八德路    東興街?-光復北路",36.232143,8,56,0,121.558442020541,25.0482450205768,121.557817980928,25.0481839882944,2016-05-18,"17_50"
"189",189,"ZKZQW20","八德路    光復南路-東興街",35.54054,3.2,37.5,0,121.560881987113,25.0484879813674,121.562665970558,25.048661976267,2016-05-18,"17_50"
"190",190,"ZL6RM20","八德路    基隆路-東興街",38.117645,6.3333335,18.5,0,121.565481960656,25.0489490280874,121.566246026065,25.0490280018431,2016-05-18,"17_50"
"191",191,"ZL9SB20","八德路    東興街-基隆路",39.916668,5,26,0,121.566246026065,25.0490280018431,121.569388952581,25.049394985048,2016-05-18,"17_50"
"192",192,"ZLDTB20","八德路    基隆路-東新街",29.807692,3.625,27,0,121.572285964123,25.0500069670554,121.574505013287,25.0499799840799,2016-05-18,"17_50"
"193",193,"ZLDTB60","八德路    東新街-基隆路",28.857143,4,30,0,121.575991993912,25.0500010388504,121.574505013287,25.0499799840799,2016-05-18,"17_50"
"194",194,"ZLNUW60","南港路    向陽路-東新街",34.907406,4.5333333,58.5,0,121.584267978293,25.0522529863072,121.582729010121,25.0516809679925,2016-05-18,"17_50"
"195",195,"ZMAR840","三民路    民生東路-南京東路",50.13158,10.2,47,0,121.563595975985,25.0568559981804,121.563871020332,25.0541290298898,2016-05-18,"17_50"
"196",196,"ZMTR600","三民路    南京東路-民生東路",70,5.4,32,0,121.563871020332,25.0541290298898,121.563595975985,25.0568559981804,2016-05-18,"17_50"
"197",197,"ZNQQE40","三民路    民權東路-民生東路",36.076923,2.2,14,0,121.563142983751,25.0618319799925,121.563236955513,25.060902007694,2016-05-18,"17_50"
"198",198,"ZP8QY00","三民路    民生東路-民權東路",42.65625,5.8,34.5,0,121.563142983751,25.0618319799925,121.56305804233,25.0628079608207,2016-05-18,"17_50"
"199",199,"ZMQ4C40","三重路    重陽路-南港路",41.5,6.4,31.5,0,121.57778395346,25.0474489884482,121.613990028591,25.0561510020384,2016-05-18,"17_50"
"200",200,"Z4ZD520","大度路    立德路-大業路",67.80132,3.8666663,159.5,0,121.493554980993,25.1214749744342,121.499800962679,25.1210930165618,2016-05-18,"17_50"
"201",201,"Z58AH60","大度路    模構溪-立德路",49.309784,23.4,201.5,1,121.481430047917,25.1222009787626,121.471406959474,25.122847008826,2016-05-18,"17_50"
"202",202,"Z5AAF60","大度路    大業路-貴子坑溪",60.067875,7.2,230.5,0,121.486079991891,25.121852037788,121.466876988914,25.1232139811149,2016-05-18,"17_50"
"203",203,"Z5AAF61","大度路 貴水二溪-聖景路",61.2517,6.2666664,150,0,121.486079991891,25.121852037788,121.466876988914,25.1232139811149,2016-05-18,"17_50"
"204",204,"Z5B2R60","大度路    貴子坑溪-模構溪",59.64423,6.533334,210,0,121.466876988914,25.1232139811149,121.481430047917,25.1222009787626,2016-05-18,"17_50"
"205",205,"Z7JCE40","大業路    中央北路-承德路",52.988766,2.2666667,90,0,121.497173973346,25.1360519600889,121.496304977611,25.1345019669943,2016-05-18,"17_50"
"206",206,"Z3AIL00","中山北路  德行東路-士東路",41,3.125,35,0,121.525253015121,25.1087089734359,121.526529012548,25.112758021431,2016-05-18,"17_50"
"207",207,"Z4NJD00","中山北路  士東路-天母東路",49.16,4.8,26,0,121.528577048448,25.1163439672642,121.530083045652,25.1182429548424,2016-05-18,"17_50"
"208",208,"ZHWGD40","中山南路  仁愛路-愛國西路",35.032257,8.9,66.5,0,121.517742001752,25.0392739842801,121.516464971111,25.0348820142513,2016-05-18,"17_50"
"209",209,"ZIVGU00","中山南路  愛國東路-信義路",42.42,6.625,54,0,121.516464971111,25.0348820142513,121.517742001752,25.0392739842801,2016-05-18,"17_50"
"210",210,"ZIVGU40","中山南路  忠孝西路-仁愛路",38.95714,9.5,73,0,121.518155021069,25.0407080117975,121.517742001752,25.0392739842801,2016-05-18,"17_50"
"211",211,"ZKEHB00","中山南路  仁愛路-忠孝東路",27.80597,10.1,71,0,121.519250950846,25.0444959843402,121.519582972501,25.0456320015231,2016-05-18,"17_50"
"212",212,"ZKEHB40","中山北路  長安西路-忠孝西路",29.822784,16.3,84,0,121.5203119583,25.0471550161381,121.519582972501,25.0456320015231,2016-05-18,"17_50"
"213",213,"ZLBHN00","中山北路  忠孝東路-長安東路",27.939024,21,90.5,0,121.519250950846,25.0444959843402,121.521621966763,25.0498139771949,2016-05-18,"17_50"
"214",214,"ZLBHN40","中山北路  南京西路-長安西路",52.625,3.5,50.5,0,121.52257401473,25.0522299753826,121.521621966763,25.0498139771949,2016-05-18,"17_50"
"215",215,"ZLRHT00","中山北路  長安西路-南京東路",51.717392,2.7,47,0,121.521621966763,25.0498139771949,121.52257401473,25.0522299753826,2016-05-18,"17_50"
"216",216,"ZLRHT40","中山北路　南京往南",51.35484,6.5,94.5,0,121.522713974682,25.0549919835593,121.52257401473,25.0522299753826,2016-05-18,"17_50"
"217",217,"ZN5HV00","民生東　中山北(往北)",44.96154,4.8,54,0,121.522713974682,25.0549919835593,121.522845004353,25.0578899846763,2016-05-18,"17_50"
"218",218,"ZNLHV00","中山北路  民權東路-錦州街",32.439026,3.3,41,1,121.522845004353,25.0578899846763,121.522954993974,25.0603360232939,2016-05-18,"17_50"
"219",219,"ZP7HI40","中山北路  民族東路-民權東路",63.15,1.3,21,0,121.522241006668,25.0648800135277,121.522608016415,25.0627480091243,2016-05-18,"17_50"
"220",220,"ZQFHV00","中山北路  民權東路-民族東路",47.75,18.166666,13,0,121.522456963987,25.0668379817813,121.522870035759,25.0684350355759,2016-05-18,"17_50"
"221",221,"ZSVI900","中山北三段 北安路-中山北四段1巷",39.547825,14.2,118.5,0,121.526876997522,25.0759860132315,121.524396034032,25.0797770077648,2016-05-18,"17_50"
"222",222,"ZSVI940","通河街　中山北(往南)",49.523586,11,216.5,0,121.525484975308,25.0841879571588,121.524396034032,25.0797770077648,2016-05-18,"17_50"
"223",223,"ZTTIF00","中山北路　劍潭往北",61.365078,2.6666667,130,0,121.524396034032,25.0797770077648,121.525484975308,25.0841879571588,2016-05-18,"17_50"
"224",224,"ZTTIF40","中山北路  小北街-基河路",26.586206,43.75,126,1,121.525650020016,25.0857400139857,121.525484975308,25.0841879571588,2016-05-18,"17_50"
"225",225,"ZU5IF00","中山北路  基河路-小北街",31.204725,17.6,141.5,0,121.525484975308,25.0841879571588,121.52718495366,25.0876670187764,2016-05-18,"17_50"
"226",226,"ZVYIV00","中山北路  小北街-中正路",16.617977,16.4,89,2,121.527473957656,25.0902389796397,121.528014004153,25.0937130284284,2016-05-18,"17_50"
"227",227,"ZYBIB00","中山北路  德行東路-忠誠路",35.8125,6.8,50,0,121.525543043736,25.1024700426213,121.52484602371,25.1040249679002,2016-05-18,"17_50"
"228",228,"ZYSIB00","中山北路  忠誠路-德行東路",43.008476,5.8,123.5,0,121.52484602371,25.1040249679002,121.524896032415,25.1064259709129,2016-05-18,"17_50"
"229",229,"ZZLIE40","中山北路  天母東路-士東路",57.14706,3.6,34,0,121.525253015121,25.1087089734359,121.525950049097,25.1116950429302,2016-05-18,"17_50"
"230",230,"ZZYII40","中山北路  士東路-德行東路",29.327587,17.9,64.5,0,121.526529012548,25.112758021431,121.525253015121,25.1087089734359,2016-05-18,"17_50"
"231",231,"ZU8EF20","重陽大橋 重陽橋 -延平北路六段",61.521214,8.533334,184.5,0,121.499370989401,25.084592036831,121.505624988292,25.0856570244771,2016-05-18,"17_50"
"232",232,"ZVEGK60","中正路    文林路-承德路",43.762886,8.1,99,0,121.517704994726,25.0918079730647,121.516491996487,25.0910000387343,2016-05-18,"17_50"
"233",233,"ZW7HN20","中正路    承德路-文林路",35.053097,13.1,115.5,0,121.52003199482,25.0933530172806,121.52189001497,25.0943849867539,2016-05-18,"17_50"
"234",234,"ZWGIV60","中正路    雨農路-文林路",26.511627,27.1,48,1,121.530285031655,25.0961960292212,121.527914004661,25.0957539877762,2016-05-18,"17_50"
"235",235,"ZG7EQ00","中華路    和平西路-水源路",25.829786,15.8,54,0,121.508164027194,25.0258549787553,121.507077029818,25.0267439883943,2016-05-18,"17_50"
"236",236,"ZI9EM00","中華路    和平西路-愛國西路",22.157408,3.95,120.5,1,121.505301004035,25.03340303799,121.506630000043,25.0359989709198,2016-05-18,"17_50"
"237",237,"ZIKPW60","仁愛路光復往西",55.474136,5.4,123.5,0,121.56042603886,25.0375930247427,121.557582024175,25.0376670102663,2016-05-18,"17_50"
"238",238,"ZIKQP20","仁愛路   逸仙路-光復南路",58.933334,3.25,33,0,121.56042603886,25.0375930247427,121.561506001618,25.0375530161359,2016-05-18,"17_50"
"239",239,"ZILPI20","仁愛路   光復南路-敦化南路",44.849056,4.166667,54.5,0,121.552935023966,25.0377569602288,121.555442046408,25.0377109564045,2016-05-18,"17_50"
"240",240,"ZIMNN60","仁愛路安和路往西",54.72,4.4,102.5,0,121.552935023966,25.0377569602288,121.551775004519,25.0377789671945,2016-05-18,"17_50"
"241",241,"ZINKW20","仁愛路    建國南路-新生南路",34.11111,13.8,163,0,121.53278995384,25.0381459966656,121.537882966645,25.0380649934768,2016-05-18,"17_50"
"242",242,"ZINLD60","仁愛路    復興南路-建國南路",34.10294,4.9333334,72,0,121.543679972316,25.0379439557612,121.539974007135,25.0380210265144,2016-05-18,"17_50"
"243",243,"ZINM760","仁愛路    敦化南路-復興北路",45.381817,11,61,0,121.546048040929,25.0378910351051,121.543679972316,25.0379439557612,2016-05-18,"17_50"
"244",244,"ZIPIZ60","金山南路  信義路-仁愛路",45.022987,5.666667,93.5,0,121.52941104638,25.0382129641192,121.528340969147,25.0382519822543,2016-05-18,"17_50"
"245",245,"ZIPJA20","仁愛路    新生南路-金山南路",38.29348,10.533334,112.5,0,121.528340969147,25.0382519822543,121.52941104638,25.0382129641192,2016-05-18,"17_50"
"246",246,"ZIRHZ20","仁愛路    杭州南路-中山南路",46.96875,1.8333334,69,0,121.521595040537,25.0387639638472,121.523417010188,25.0385230073086,2016-05-18,"17_50"
"247",247,"ZV9IP40","文林路    中正路-基河路",49.57143,4.4,22,0,121.525956002142,25.0923389607966,121.527037041757,25.0902129967989,2016-05-18,"17_50"
"248",248,"ZY9H840","文林北路  承德路-德行西路",54.705883,7.1333337,150,0,121.520752973895,25.1022339731109,121.519637009102,25.1032309691362,2016-05-18,"17_50"
"249",249,"ZYRGM00","文林北路  德行西路-承德路",34.271427,8.533334,76.5,0,121.520752973895,25.1022339731109,121.516615012448,25.1061029568463,2016-05-18,"17_50"
"250",250,"Z1NMM20","木柵路    興隆路-和興路",49.545456,2.9,37.5,0,121.544016982749,24.9884689866207,121.545971014879,24.986728970597,2016-05-18,"17_50"
"251",251,"Z27SN20","木新路    興隆路-木柵路",36.94737,4.8,38,0,121.568615035016,24.988909958163,121.570930960222,24.9907069825126,2016-05-18,"17_50"
"252",252,"Z2LSS20","木柵路    秀明路-萬芳路",31.528301,13.8,57,0,121.569046007132,24.9987579698985,121.571743015186,24.9948559781927,2016-05-18,"17_50"
"253",253,"ZACTV20","木柵路    萬芳路-北二高",38.641975,18.8,87.5,0,121.574570982811,24.9981499979952,121.575677996718,24.9995900320669,2016-05-18,"17_50"
"254",254,"ZAWVC20","木柵路    北二高-新光路",54.68,5.75,27.5,0,121.581921996822,25.0023919784946,121.583964992877,25.0029429905388,2016-05-18,"17_50"
"255",255,"Z1CRT60","木新路    木柵路-興隆路",25.849056,15.2,55,1,121.56875002671,24.9839530093009,121.566735961769,24.9832559576,2016-05-18,"17_50"
"256",256,"ZSBID60","北安路    明水路-中山北路",40.908165,18.6,105.5,0,121.537560952393,25.0777889720838,121.526876997522,25.0759860132315,2016-05-18,"17_50"
"257",257,"ZSJJX20","北安路    中山北路-明水路",37.38095,13.4,42.5,0,121.529015999351,25.0777479915008,121.533200981536,25.0780399695584,2016-05-18,"17_50"
"258",258,"ZSWMR40","北安路    大直街-通北街",42.16981,4,53.5,0,121.548179978795,25.0805040395406,121.547413975489,25.079874995817,2016-05-18,"17_50"
"259",259,"ZJGPQ20","市民大道  復興北路-敦化北路",30.042253,40.3,158,0,121.546218997063,25.0450760260571,121.548883040402,25.0448050256844,2016-05-18,"17_50"
"260",260,"ZK6L860","市民大道  敦化北路-建國北路",38.012657,13.5,81.5,0,121.542381983637,25.0446300134924,121.539486992585,25.0444869867107,2016-05-18,"17_50"
"261",261,"ZK6NY60","市民大道  敦化北路-復興北路",31.110237,15.5,134,0,121.556752972869,25.044929037857,121.553044027324,25.0445180305677,2016-05-18,"17_50"
"262",262,"ZK6P820","市民大道  敦化北路-光復北路",31.959677,29.5,130,0,121.548883040402,25.0448050256844,121.553785987587,25.0441180322778,2016-05-18,"17_50"
"263",263,"ZK8LT20","市民大道  建國北路-復興北路",39.451614,4.1,62,0,121.539486992585,25.0444869867107,121.542381983637,25.0446300134924,2016-05-18,"17_50"
"264",264,"ZK9KC60","市民大道  建國北路-金山北路",35.307693,14,108.5,1,121.536654952605,25.044894027352,121.53478201032,25.0450279866061,2016-05-18,"17_50"
"265",265,"ZKJJP20","市民大道  金山北路-建國北路",42.049297,13,143.5,0,121.615421998675,25.045238998741,121.532890983601,25.0454499827697,2016-05-18,"17_50"
"266",266,"ZKNIV20","市民大道  中山北路-金山北路",35.403507,4.9,57.5,0,121.526052005025,25.047513980359,121.527754976858,25.0470660157481,2016-05-18,"17_50"
"267",267,"ZKQQY20","市民大道  光復南路-基隆路",46.7193,3,57.5,0,121.55778403127,25.045105009154,121.562977017142,25.0473070427485,2016-05-18,"17_50"
"268",268,"ZKSIE60","市民大道  金山北路-中山北路",38.959015,8.6,122.5,0,121.527754976858,25.0470660157481,121.526052005025,25.047513980359,2016-05-18,"17_50"
"269",269,"ZKVHI20","市民大道  重慶北路-中山北路",34.145454,5.1,55.5,0,121.516775988975,25.0499119871932,121.520761957648,25.0480390041157,2016-05-18,"17_50"
"270",270,"ZL5GL60","市民大道  中山北路-重慶北路",43.06349,17.9,203.5,0,121.514850033308,25.0490519785949,121.516423961792,25.0487760337543,2016-05-18,"17_50"
"271",271,"ZLAFP60","市民大道  重慶北路-環河北路",38.488636,8.6,90,0,121.513314967253,25.0494279843331,121.511989016427,25.0499020209939,2016-05-18,"17_50"
"272",272,"ZLXFX20","市民大道  環河北路-重慶北路",34.936935,40.9,126.5,0,121.511989016427,25.0499020209939,121.513314967253,25.0494279843331,2016-05-18,"17_50"
"273",273,"ZMSEX60","民生西路  重慶北路-環河北路",23.422222,6.6,45,1,121.509004974381,25.0568730220494,121.50827197583,25.0568570248746,2016-05-18,"17_50"
"274",274,"ZMTG520","民生西路  環河北路-重慶北路",23.62963,7,27.5,1,121.511602029279,25.0569270241787,121.513792994809,25.0569739901897,2016-05-18,"17_50"
"275",275,"ZMTG560","民生西路  承德路-重慶北路",32.28205,12.8,53.5,0,121.515556954,25.0570130175921,121.513792994809,25.0569739901897,2016-05-18,"17_50"
"276",276,"ZMTHB20","民生西路  承德路-雙連站",45.53769,24.7,235,0,121.519185998666,25.0574509664278,121.519722000221,25.0575220384742,2016-05-18,"17_50"
"277",277,"ZMTHB60","民生西路  中山北路-雙連站",30.407408,14.8,57,0,121.522845004353,25.0578899846763,121.519722000221,25.0575220384742,2016-05-18,"17_50"
"278",278,"ZMUGG20","民生西路  重慶北路-承德路",40.04,11.666667,37.5,0,121.513792994809,25.0569739901897,121.515556954,25.0570130175921,2016-05-18,"17_50"
"279",279,"ZMXH820","民生西路  雙連站-承德路",37.59322,16.6,69.5,0,121.51817497086,25.0573370422045,121.519185998666,25.0574509664278,2016-05-18,"17_50"
"280",280,"ZMYN820","民生東路  復興北路-敦化北路",38.755394,9.6,141.5,0,121.54621504649,25.0577149568673,121.549010024689,25.0576959838419,2016-05-18,"17_50"
"281",281,"ZMYN860","民生東路  光復北路-敦化北路",30.666666,0.5,3,0,121.552123981625,25.0579729758179,121.549010024689,25.0576959838419,2016-05-18,"17_50"
"282",282,"ZMZL960","民生東路  建國北路-龍江路",44.909092,5.1333327,110,0,121.540695002758,25.057808013133,121.539168991943,25.0578130194978,2016-05-18,"17_50"
"283",283,"ZMZLI20","民生東路  復興北路-龍江路",53.369747,5.6,119.5,0,121.539168991943,25.0578130194978,121.540695002758,25.057808013133,2016-05-18,"17_50"
"284",284,"ZMZM920","民生東路  龍江路-復興北路",42.432835,8.733334,141.5,0,121.542191988586,25.0577839575877,121.544143954275,25.0577500050787,2016-05-18,"17_50"
"285",285,"ZMZM960","民生東路  敦化北路-復興北路",37.172413,6.4,93,0,121.54621504649,25.0577149568673,121.544143954275,25.0577500050787,2016-05-18,"17_50"
"286",286,"ZN5HV20","民生西　中山北(往東)",43.074074,5,27.5,0,121.519722000221,25.0575220384742,121.522845004353,25.0578899846763,2016-05-18,"17_50"
"287",287,"ZN5HV60","民生西路  雙連站-中山北路",35.75926,12,55.5,0,121.525521993862,25.058043041147,121.522845004353,25.0578899846763,2016-05-18,"17_50"
"288",288,"ZN5IG20","民生東路  新生北路-林森北路",35.363636,16.8,68,0,121.522845004353,25.0578899846763,121.525521993862,25.058043041147,2016-05-18,"17_50"
"289",289,"ZN5IG60","民生東路  中山北路-林森北路",34.445946,9.4,79,0,121.527593974766,25.0580270277509,121.525521993862,25.058043041147,2016-05-18,"17_50"
"290",290,"ZN5IU20","民生東路  林森北路-新生北路",44.185184,5.9,81,0,121.525521993862,25.058043041147,121.527593974766,25.0580270277509,2016-05-18,"17_50"
"291",291,"ZN5JX20","民生東路  新生北路-松江路",36.732143,9.9,115.5,0,121.531547994803,25.0579399813517,121.53313299757,25.0579159728731,2016-05-18,"17_50"
"292",292,"ZN5JX60","民生東路  建國北路-松江路",34.00356,25.2,318.5,0,121.536919039933,25.057858005413,121.53313299757,25.0579159728731,2016-05-18,"17_50"
"293",293,"ZN8PG20","民生東路  敦化北路-光復北路",36.92,5.8,28.5,0,121.552123981625,25.0579729758179,121.555236965001,25.0582509892992,2016-05-18,"17_50"
"294",294,"ZN8PT60","民生東路  松江路-新生北路",29.785715,8.2,44,1,121.53313299757,25.0579159728731,121.530199965209,25.0579630368021,2016-05-18,"17_50"
"295",295,"ZN9PZ60","民生東路  三民路-光復北路",36.327587,17.4,69.5,0,121.560520980176,25.0586280119212,121.5582810095,25.0584920009933,2016-05-18,"17_50"
"296",296,"ZNCRE20","民生東路  光復北路-三民路",41.18919,16.8,83,0,121.560520980176,25.0586280119212,121.563407019984,25.0588610281959,2016-05-18,"17_50"
"297",297,"ZQDLJ20","民族東路  松江路-復興北路",47.311474,4.9,61.5,0,121.536280012836,25.0681609592538,121.541008015539,25.0680809705608,2016-05-18,"17_50"
"298",298,"ZQEIH20","民族東路  中山北路-新生北路",35.792683,12.75,87.5,0,121.522870035759,25.0684350355759,121.525754004841,25.068351994266,2016-05-18,"17_50"
"299",299,"ZQEIV20","民族東路  松江路-新生北路",54.044945,6.6,89.5,0,121.525754004841,25.068351994266,121.527845966731,25.0683090008077,2016-05-18,"17_50"
"300",300,"ZQEJF20","民族東路  新生北路-松江路",40.90141,6.2,72,0,121.527845966731,25.0683090008077,121.53046196583,25.0682630230775,2016-05-18,"17_50"
"301",301,"ZQEJY20","民族東路  復興北路-松江路",38.521126,7.6,74.5,0,121.53046196583,25.0682630230775,121.533306991068,25.0682079612344,2016-05-18,"17_50"
"302",302,"ZQFHC20","民族西路  中山北路-承德路",46.660378,4.6,54.5,0,121.51841003728,25.0684950038011,121.519570012124,25.0685090049757,2016-05-18,"17_50"
"303",303,"ZQFHV20","民族西路  承德路-中山北路",39.94375,10.266666,164,0,121.519570012124,25.0685090049757,121.522870035759,25.0684350355759,2016-05-18,"17_50"
"304",304,"ZQFHV60","民族東路  新生北路-中山北路",45.375,5,24.5,0,121.525754004841,25.068351994266,121.522870035759,25.0684350355759,2016-05-18,"17_50"
"305",305,"ZQGFY60","民族西路  承德路-環河北路",46.425533,8.8,51.5,0,121.515922954464,25.0685580163344,121.51373200123,25.0686110250405,2016-05-18,"17_50"
"306",306,"ZQGGJ20","民族西路  環河北路-承德路",41.333332,10.8,56,0,121.51373200123,25.0686110250405,121.515922954464,25.0685580163344,2016-05-18,"17_50"
"307",307,"ZNUNJ20","民權東路  復興北路-敦化北路",31.979021,9.533334,143,0,121.547949042975,25.0618890047209,121.550771020132,25.0614809697749,2016-05-18,"17_50"
"308",308,"ZNUNJ60","民權東路 光復北路-敦化北路",65.37755,3.8,105,0,121.554579045723,25.0618819961467,121.550771020132,25.0614809697749,2016-05-18,"17_50"
"309",309,"ZNXPC20","民權東路  敦化北路-光復北路",45.410526,5.6,193.5,0,121.550771020132,25.0614809697749,121.554579045723,25.0618819961467,2016-05-18,"17_50"
"310",310,"ZNXPC60","民權東路  撫遠街-光復北路",59.51282,9.066667,160,0,121.559160048094,25.0622719808216,121.554579045723,25.0618819961467,2016-05-18,"17_50"
"311",311,"ZNZM920","民權東路  建國北路-復興北路",41.446156,7.8,68,0,121.540832956369,25.0621860248392,121.544232992862,25.062200957326,2016-05-18,"17_50"
"312",312,"ZNZM960","民權東路  光復北路-敦化北路",47.039684,6,127.5,0,121.54665001827,25.0619299949912,121.544232992862,25.062200957326,2016-05-18,"17_50"
"313",313,"ZP5KR20","民權東路  松江路-建國北路",37.876404,12.9,102,0,121.533203037377,25.062466042796,121.537017999938,25.0623710424569,2016-05-18,"17_50"
"314",314,"ZP5KR60","民權東路  松江路-建國北路",53.8,0.5,10,0,121.540832956369,25.0621860248392,121.537017999938,25.0623710424569,2016-05-18,"17_50"
"315",315,"ZP5QG20","民權東路  光復北路-撫遠街",44.05224,6.75,134.5,0,121.559160048094,25.0622719808216,121.560171962386,25.0624119833773,2016-05-18,"17_50"
"316",316,"ZP6IG60","民權東路  中山北路-新生北路",62.434345,6.7,107,0,121.527752013645,25.0626210276048,121.525630951348,25.0626739621405,2016-05-18,"17_50"
"317",317,"ZP6IV60","民權東路  松江路-新生北路",37.25,9.4,84.5,0,121.53029899333,25.0625490279007,121.527752013645,25.0626210276048,2016-05-18,"17_50"
"318",318,"ZP6JY20","民權東路  新生北路-松江路",47.555557,9.7,117.5,0,121.53029899333,25.0625490279007,121.533203037377,25.062466042796,2016-05-18,"17_50"
"319",319,"ZP6JY60","民權東路  建國北路-松江路",39.254387,16.7,128.5,0,121.537017999938,25.0623710424569,121.533203037377,25.062466042796,2016-05-18,"17_50"
"320",320,"ZP8GI20","民權西路        　大龍街(往東)",44.513157,1.9333334,78,0,121.516163984285,25.0598450024429,121.515958038642,25.0629250128546,2016-05-18,"17_50"
"321",321,"ZQEUU60","民權東路  瑞光路-撫遠街",28.108109,21.4,78.5,1,121.584317046042,25.0687650163875,121.582500003105,25.0682489842762,2016-05-18,"17_50"
"322",322,"ZQKVX60","民權東往西　成功路-瑞光路",43.45,8.9,40.5,0,121.590899033537,25.0689469699906,121.5878369866,25.0690490446365,2016-05-18,"17_50"
"323",323,"ZQKWL20","民權東往東  瑞光路-成功路",70,0.5,3,0,121.5878369866,25.0690490446365,121.590899033537,25.0689469699906,2016-05-18,"17_50"
"324",324,"ZQKWL60","民權東路  民權隧道-成功路",29.738094,4.5,44,1,121.578835034172,25.0561200135216,121.590899033537,25.0689469699906,2016-05-18,"17_50"
"325",325,"ZQUWI20","民權東路  成功路-民權隧道",60.75258,5.7,99,0,121.590899033537,25.0689469699906,121.595239042545,25.0685590338722,2016-05-18,"17_50"
"326",326,"ZKDTY20","永吉路    基隆路-松山路",37.86598,22,107,1,121.577000980946,25.0454469963599,121.57779395367,25.045417010901,2016-05-18,"17_50"
"327",327,"ZKESJ10","永吉路    松山路-基隆路",39.322033,11.2,62,1,121.569048972781,25.0445750447065,121.57034304881,25.0456269949513,2016-05-18,"17_50"
"328",328,"Z3UNW00","仰德大道三段    陽明山國小(往北)",67.4,5.8,45,0,121.548889955492,25.1106999832386,121.551666997229,25.1175510283918,2016-05-18,"17_50"
"329",329,"Z7HMH00","仰德大道四段　格致中學(往北)",42.875,4.6,24,0,121.552832971224,25.1189279642201,121.545848991172,25.1338050273114,2016-05-18,"17_50"
"330",330,"ZXSLB20","仰德大道二段　2巷(嶺頭山莊)(往東)",47.91892,4,37,0,121.537158956528,25.1060750183634,121.539758042194,25.1018589858249,2016-05-18,"17_50"
"331",331,"ZHEPV00","光復南路 基隆路-信義路",38.157894,4,39,0,121.557395974638,25.0293889718943,121.557448026394,25.0321149827166,2016-05-18,"17_50"
"332",332,"ZHEPV40","舊宗路一段南京六行善(往北)",39.155556,3.125,62.5,0,121.557472029698,25.0330630202679,121.557448026394,25.0321149827166,2016-05-18,"17_50"
"333",333,"ZHKPV40","光復南路 仁愛路-信義路",33.826923,5.2,53.5,0,121.557521953655,25.0353829553836,121.557472029698,25.0330630202679,2016-05-18,"17_50"
"334",334,"ZIKPW00","仁愛路　光復南(往北)",36.028168,9.3,88.5,0,121.557521953655,25.0353829553836,121.557582024175,25.0376670102663,2016-05-18,"17_50"
"335",335,"ZJFPW00","光復南路 仁愛路-忠孝東路",41.264366,3.4,94,0,121.557619023949,25.0393190063412,121.557657972539,25.0413139705787,2016-05-18,"17_50"
"336",336,"ZJFPW40","光復南路   市民大道-忠孝東路",36.23077,8.3,78.5,0,121.557817980928,25.0481839882944,121.557657972539,25.0413139705787,2016-05-18,"17_50"
"337",337,"ZKAPX00","光復南路  忠孝東路-市民大道",47.75,1.9,24.5,0,121.557657972539,25.0413139705787,121.55778403127,25.045105009154,2016-05-18,"17_50"
"338",338,"ZKAPX40","光復南路  八德路-市民大道",42.816093,13,130.5,0,121.557800985264,25.0466399849394,121.55778403127,25.045105009154,2016-05-18,"17_50"
"339",339,"ZKLPX00","光復南路  市民大道-八德路",48.59155,9.8,106.5,0,121.55778403127,25.045105009154,121.557800985264,25.0466399849394,2016-05-18,"17_50"
"340",340,"ZKWPX40","光復北路  南京東路-八德路",26.788462,6.7,53.5,1,121.557308017462,25.0515439744428,121.557817980928,25.0481839882944,2016-05-18,"17_50"
"341",341,"ZL7PX00","光復北路  八德路-南京東路",40.15625,6.3,66,0,121.557817980928,25.0481839882944,121.557842010172,25.0491139674837,2016-05-18,"17_50"
"342",342,"ZLNPU40","光復北路  健康路-南京東路",21.772728,14,45,0,121.556594046076,25.0536500051492,121.557308017462,25.0515439744428,2016-05-18,"17_50"
"343",343,"ZM7PP00","光復北路  南京東路-健康路",35.466667,7,30.5,0,121.557308017462,25.0515439744428,121.556594046076,25.0536500051492,2016-05-18,"17_50"
"344",344,"ZM7PP40","光復北路  民生東路-健康路",28.321428,8.6,31.5,0,121.555604029826,25.0562180368435,121.556594046076,25.0536500051492,2016-05-18,"17_50"
"345",345,"ZN8PG00","光復北路  健康路-民生東路",28.18919,11.2,41.5,0,121.555604029826,25.0562180368435,121.555236965001,25.0582509892992,2016-05-18,"17_50"
"346",346,"ZN8PG40","光復北路  民權東路-民生東路",36.1875,8.2,36,0,121.554579045723,25.0618819961467,121.555236965001,25.0582509892992,2016-05-18,"17_50"
"347",347,"ZNXPC00","光復北路  民生東路-民權東路",41.45,7.2,40.5,0,121.555236965001,25.0582509892992,121.554579045723,25.0618819961467,2016-05-18,"17_50"
"348",348,"ZLAJE40","吉林路    南京東路-長安東路",32.208332,5.6,24.5,1,121.530049017891,25.0504970028238,121.530034960641,25.0496940059509,2016-05-18,"17_50"
"349",349,"ZLRJE00","吉林路    長安東路-南京東路",40.5,3,16,0,121.52960297329,25.048152016889,121.530084993618,25.0520410356862,2016-05-18,"17_50"
"350",350,"ZLRJE40","吉林路  民生東路-南京東路",32.29787,14.4,48.5,0,121.530112024283,25.0536480257702,121.530084993618,25.0520410356862,2016-05-18,"17_50"
"351",351,"ZMEJE00","吉林路    南京東路-民生東路",39.095238,4.5,21,0,121.530112024283,25.0536480257702,121.53013697346,25.0548400027191,2016-05-18,"17_50"
"352",352,"ZP6JF40","吉林路    民族東路-民生東路",29,4.8,19,0,121.530367981607,25.0648059759803,121.53029899333,25.0625490279007,2016-05-18,"17_50"
"353",353,"ZPLJF00","吉林路    民生東路-民族東路",25.285715,6.2,22,0,121.53029899333,25.0625490279007,121.530367981607,25.0648059759803,2016-05-18,"17_50"
"354",354,"ZMDXF00","向陽路    忠孝西路-南港路",42,0.5,1,0,121.595162952223,25.0527879741906,121.594851975867,25.0541070376211,2016-05-18,"17_50"
"355",355,"ZMLXB00","向陽路    重陽路-新明路",55.97619,6.5,88,0,121.594905003222,25.0548470311376,121.594135048916,25.0555719922456,2016-05-18,"17_50"
"356",356,"ZFNNH40","安和路    樂利路-和平東路",36.949368,21,89.5,0,121.549828991591,25.0280270129986,121.550318964963,25.0244679550359,2016-05-18,"17_50"
"357",357,"ZGNNK40","安和路    信義路-樂利街",32.25,4.5,16.5,0,121.551611046257,25.0297450439059,121.550794959106,25.0290159835927,2016-05-18,"17_50"
"358",358,"ZHLNV00","安和路    樂利街-信義路",35.384617,7.75,28.5,0,121.552432042233,25.0317009965039,121.552467960776,25.0331719873244,2016-05-18,"17_50"
"359",359,"ZHLNV40","安和路    仁愛路-信義路",35.884617,5.8,27.5,0,121.552527965838,25.035330014608,121.552467960776,25.0331719873244,2016-05-18,"17_50"
"360",360,"ZIMNN00","安和路    信義路-仁愛路",43.18182,2.6666667,11,0,121.552501995633,25.0361689992417,121.551775004519,25.0377789671945,2016-05-18,"17_50"
"361",361,"ZJGMT00","安和路    仁愛路-敦化南路",36.466667,1.6,15,0,121.546144043555,25.0415559881941,121.54718403224,25.0415430434721,2016-05-18,"17_50"
"362",362,"ZQ6WK40","成功路    民權東路-南京東路",40.310608,14.6,146.5,0,121.590703951387,25.067539018744,121.590850032986,25.0628439710575,2016-05-18,"17_50"
"363",363,"ZQKWL00","成功路    南京東路-民權東路",40.74,10.3,107,0,121.590518979189,25.0660680113132,121.590899033537,25.0689469699906,2016-05-18,"17_50"
"364",364,"ZQKWL40","成功路    民權東路-陽光街",38.67059,9.1,90,1,121.590448033929,25.0699599893922,121.590899033537,25.0689469699906,2016-05-18,"17_50"
"365",365,"ZJPEI60","成都路    中華路-康定路",37.19512,8.1,87.5,0,121.507587971462,25.042359975048,121.505934044635,25.0427360392706,2016-05-18,"17_50"
"366",366,"ZJUDT20","成都　　康定路(往東)",33.385715,8.3,75,0,121.491488965562,25.0486350135639,121.502626999904,25.0435240419137,2016-05-18,"17_50"
"367",367,"Z3ZT820","至善路    中社路-產業道路",63.6,1,5,0,121.56567803258,25.1131100094587,121.573992032337,25.1163199945961,2016-05-18,"17_50"
"368",368,"ZWRLS20","至善路    福林路-故宮路",56.905758,9.733333,204,0,121.539927017509,25.0973710017973,121.542305981721,25.0971909722556,2016-05-18,"17_50"
"369",369,"ZWXMM60","至善路    至善路-故宮路",29,5.2,21.5,0,121.550250990901,25.1002949696846,121.546524026218,25.0981420294763,2016-05-18,"17_50"
"370",370,"ZX9KL60","福林路    雨農路-至善路",59.367348,5,151,0,121.539927017509,25.0973710017973,121.536465021284,25.0992169702622,2016-05-18,"17_50"
"371",371,"ZXWNW20","至善路    故宮路-至善路",44.434784,3.4,23,0,121.550250990901,25.1002949696846,121.552876962193,25.1022530355286,2016-05-18,"17_50"
"372",372,"ZZKPR20","至善路    至善路-中社路",48.272728,2,22,0,121.557462985376,25.1076619562863,121.557154982438,25.1098199874148,2016-05-18,"17_50"
"373",373,"ZFWBS00","光復橋(往北)",47.483334,3.9,61,0,121.49086798313,25.0244600211102,121.492498025584,25.0258449627048,2016-05-18,"17_50"
"374",374,"ZGKCG40","西園路    和平西路-西藏路",27.5,3.5333333,49.5,0,121.49632003092,25.0301110424846,121.495630982185,25.0286869877743,2016-05-18,"17_50"
"375",375,"ZHZD800","西園路    西藏路-和平西路",32.783783,4.1666665,39.5,0,121.496789992364,25.0310400013737,121.499313966025,25.0352559817825,2016-05-18,"17_50"
"376",376,"ZJPEI40","西寧南路  峨嵋街-內江街",40.95,1.5,20,0,121.506196015376,25.0436650415371,121.505934044635,25.0427360392706,2016-05-18,"17_50"
"377",377,"ZKJEP40","西寧北路  忠孝西路-峨嵋街",29.5,0.8,8,0,121.507321980866,25.0475609785168,121.507029990711,25.0465419809687,2016-05-18,"17_50"
"378",378,"ZGKCG20","西藏路    艋舺大道-西園路",26.076923,3.625,27,1,121.495352031791,25.0282639566907,121.495630982185,25.0286869877743,2016-05-18,"17_50"
"379",379,"ZGKCG60","西藏路    萬大路-西園路",50.590908,3.2,44.5,0,121.4991810355,25.0293430084573,121.495630982185,25.0286869877743,2016-05-18,"17_50"
"380",380,"ZGQDF20","西藏路    西園路-萬大路",43.216217,2.7,37.5,0,121.4991810355,25.0293430084573,121.500537976666,25.0293929749052,2016-05-18,"17_50"
"381",381,"ZGUEI60","西藏路    汀洲路-中華路",33.372547,5,51,0,121.507211962894,25.0306430435373,121.504117977474,25.0299949685813,2016-05-18,"17_50"
"382",382,"ZGYER20","西藏路    中華路-汀州路",37.566036,4.6,53.5,0,121.504117977474,25.0299949685813,121.507211962894,25.0306430435373,2016-05-18,"17_50"
"383",383,"Z1CPB00","辛亥路    木新路-光輝路",27.768421,30.2,105,1,121.553863985992,24.979864968356,121.554027961826,24.9832139755255,2016-05-18,"17_50"
"384",384,"Z1CPB40","辛亥路    光輝路-木新路",31.028572,19.4,76.5,1,121.554193981955,24.9848290313096,121.554027961826,24.9832139755255,2016-05-18,"17_50"
"385",385,"Z1HPC00","辛亥路    光輝路-懷恩隧道",43.590908,3.6,22.5,0,121.554027961826,24.9832139755255,121.554193981955,24.9848290313096,2016-05-18,"17_50"
"386",386,"Z1SNV00","辛亥路    懷恩隧道-光輝路",44.754387,9.6,58,0,121.554193981955,24.9848290313096,121.552345039233,24.9877980335106,2016-05-18,"17_50"
"387",387,"ZAGPE40","辛亥路    懷恩隧道-興隆路",54.22222,3.2,36,0,121.556817970959,25.0045190313385,121.554592045127,25.0008260047598,2016-05-18,"17_50"
"388",388,"ZB5PL00","辛亥路    興隆路-萬美街",36.258064,16.6,69,0,121.556817970959,25.0045190313385,121.558152990685,25.0060670412361,2016-05-18,"17_50"
"389",389,"ZB5PL40","辛亥路    萬美街-興隆路",40,6.2,33,0,121.558541952787,25.0066609840938,121.558152990685,25.0060670412361,2016-05-18,"17_50"
"390",390,"ZB5PL60","辛亥路    辛亥隧道-萬美街",32.15493,19.8,77,0,121.558541952787,25.0066609840938,121.558152990685,25.0060670412361,2016-05-18,"17_50"
"391",391,"ZBQP700","辛亥路    萬美街-辛亥隧道",40.096153,9.8,52,0,121.558152990685,25.0060670412361,121.558541952787,25.0066609840938,2016-05-18,"17_50"
"392",392,"ZDYN960","辛亥路    基隆路-辛亥隧道",52.017544,8.1,115.5,0,121.550875961883,25.018326973487,121.549057016913,25.0170070234282,2016-05-18,"17_50"
"393",393,"ZEFMN20","辛亥路    基隆路-復興南路",37.040817,12.6,112.5,0,121.543358978541,25.0212439864241,121.546649048669,25.0191459845886,2016-05-18,"17_50"
"394",394,"ZEFMN60","辛亥路    辛亥隧道-基隆路",42.346153,2.6,83.5,0,121.549057016913,25.0170070234282,121.546649048669,25.0191459845886,2016-05-18,"17_50"
"395",395,"ZEWM520","辛亥路    復興南路-建國南路",46.885715,15.666667,157.5,0,121.541079986254,25.0213150435746,121.543358978541,25.0212439864241,2016-05-18,"17_50"
"396",396,"ZEWM560","辛亥路    復興南路-基隆路",49.737705,9.3,125,0,121.546649048669,25.0191459845886,121.543358978541,25.0212439864241,2016-05-18,"17_50"
"397",397,"ZF9KB20","辛亥路    汀州路-建國南路",39.125,5.6,48,0,121.531857969838,25.0218990356169,121.534426045252,25.0223860105166,2016-05-18,"17_50"
"398",398,"ZF9KB60","辛亥路    建國南路-汀州路",33.632183,7.4000006,92,0,121.537576990046,25.0222670349586,121.534426045252,25.0223860105166,2016-05-18,"17_50"
"399",399,"ZF9KW60","辛亥路    復興南路-建國南路",49.208332,3.733333,74,0,121.543358978541,25.0212439864241,121.537576990046,25.0222670349586,2016-05-18,"17_50"
"400",400,"ZEUPN60","和平東路  臥龍街-基隆路",33.333332,4.6,40,1,121.557560005957,25.0196380340218,121.556513993491,25.0205809639847,2016-05-18,"17_50"
"401",401,"ZEZPT20","和平東路  基隆路-臥龍街",31.32,4.5,28,0,121.55464904923,25.0223849731817,121.555546993352,25.0215150147704,2016-05-18,"17_50"
"402",402,"ZFPMQ20","和平東路  復興南路-基隆路",39.246666,16.5,164.5,0,121.543424023128,25.0248549855301,121.546683031722,25.0246709606404,2016-05-18,"17_50"
"403",403,"ZFQM660","和平東路  基隆路-復興南路",36.206898,15.6,134,0,121.546683031722,25.0246709606404,121.543424023128,25.0248549855301,2016-05-18,"17_50"
"404",404,"ZFTLH60","和平東路  復興南路-新生南路",39.27972,9.6,148.5,0,121.537671024771,25.0256339943513,121.538838961141,25.0254760168588,2016-05-18,"17_50"
"405",405,"ZFYKD20","和平西路  師大路-新生南路",37.369514,35.066666,491,0,121.533620018857,25.0261720409252,121.534867967877,25.0260230159196,2016-05-18,"17_50"
"406",406,"ZFZK620","和平東路  羅斯福路-師大路",41.691357,6.2666674,84.5,0,121.531599953592,25.0263149712506,121.533620018857,25.0261720409252,2016-05-18,"17_50"
"407",407,"ZG6J520","和平西路  新生南路-師大路",34.793564,35.333336,427.5,1,121.525913962462,25.0267859703791,121.528519039679,25.0265699870944,2016-05-18,"17_50"
"408",408,"ZG8IK60","和平西路  重慶南路-羅斯福路",43.833332,0.8333333,6,0,121.528519039679,25.0265699870944,121.525913962462,25.0267859703791,2016-05-18,"17_50"
"409",409,"ZG9HT60","和平東路  師大路-羅斯福路",46.553192,1.7333333,47,0,121.523912978148,25.0269469657233,121.522427026731,25.027032997263,2016-05-18,"17_50"
"410",410,"ZGBGJ60","和平西路  羅斯福路-重慶南路",27.041096,7.75,73,1,121.517986992022,25.0267239754063,121.515957978162,25.0272459956899,2016-05-18,"17_50"
"411",411,"ZGMFQ20","和平西路  南海路-重慶南路",42.4,5,56.5,0,121.509164048097,25.030545997559,121.512031024664,25.0290380232257,2016-05-18,"17_50"
"412",412,"ZGXF860","和平西路  重慶南路-南海路",43.525,2.4,40,0,121.512031024664,25.0290380232257,121.509164048097,25.030545997559,2016-05-18,"17_50"
"413",413,"ZH7EV20","莒光路    中華路-和平西路",42.666668,2,6.5,0,121.505301004035,25.03340303799,121.507889043338,25.0312189821961,2016-05-18,"17_50"
"414",414,"ZHHEF20","和平西路  南海路-中華路",40.484535,12.6,104,0,121.504857003723,25.0337749705175,121.505301004035,25.03340303799,2016-05-18,"17_50"
"415",415,"ZHZC820","和平西路  中華路-水源路",43.211765,9.2,100.5,0,121.491524963513,25.0354639551665,121.494408993903,25.0354079836009,2016-05-18,"17_50"
"416",416,"ZHZDJ20","和平西路  環河南路-中華路",43.216217,4.2,46,0,121.499313966025,25.0352559817825,121.501225987764,25.0352050366073,2016-05-18,"17_50"
"417",417,"ZISCI20","華江橋(往東)",69.818184,1.2,11,0,121.49086798313,25.0244600211102,121.496048048653,25.0388149699351,2016-05-18,"17_50"
"418",418,"ZJCTT20","忠孝東路  松信路-松山路",32,5.5,20,0,121.575325038745,25.0408320443226,121.576929974667,25.0407980148635,2016-05-18,"17_50"
"419",419,"ZJCTT60","忠孝東路  松山路-松信路",42.353657,23.333334,85.5,0,121.577831967601,25.0407769954083,121.576929974667,25.0407980148635,2016-05-18,"17_50"
"420",420,"ZJDST20","忠孝東路 松仁路-松信路",34.344826,7.2666664,94,0,121.570191965881,25.0409869811321,121.571935956922,25.0409349574797,2016-05-18,"17_50"
"421",421,"ZJERC20","忠孝東　基隆路(往東)",36.75,10.8,86,1,121.562730957348,25.0411869587421,121.564464988337,25.041143998202,2016-05-18,"17_50"
"422",422,"ZJERC60","忠孝東路往西 松仁路-基隆路",37,3.3333335,75.5,0,121.568686003029,25.0410379832092,121.564464988337,25.041143998202,2016-05-18,"17_50"
"423",423,"ZJES820","忠孝東路往東 基隆路-松仁路",32.811596,3.4,71.5,0,121.564464988337,25.041143998202,121.568686003029,25.0410379832092,2016-05-18,"17_50"
"424",424,"ZJFQQ60","忠孝東路  基隆路-逸仙路",24.642857,11.6,74.5,2,121.562730957348,25.0411869587421,121.561582048975,25.0412180286531,2016-05-18,"17_50"
"425",425,"ZJGNK60","忠孝四段170往西",47.566265,9.1,261.5,0,121.552971038,25.0414130111333,121.550770978706,25.0414659619593,2016-05-18,"17_50"
"426",426,"ZJGPC20","忠孝東路　延吉往東",47.47059,2.6,72.5,0,121.552971038,25.0414130111333,121.554487045962,25.0413890343382,2016-05-18,"17_50"
"427",427,"ZJHKR20","忠孝東路  復興北路-建國南路",60.25714,2.6,72,0,121.532867951087,25.0422989956186,121.537077016111,25.0417060435019,2016-05-18,"17_50"
"428",428,"ZJHM720","忠孝東路  建國南路-復興北路",21.39924,36.2,280,1,121.541634979028,25.0416349682104,121.543765995297,25.0416090380889,2016-05-18,"17_50"
"429",429,"ZJHML20","忠孝東路  復興南路-大安路",48.509434,7.6,159.5,0,121.543765995297,25.0416090380889,121.546144043555,25.0415559881941,2016-05-18,"17_50"
"430",430,"ZJHML60","忠孝東路  敦化南路-大安路",45.56081,8.6,153,0,121.54718403224,25.0415430434721,121.546144043555,25.0415559881941,2016-05-18,"17_50"
"431",431,"ZJLJW20","忠孝東路  新生北路-建國南路",70,0.8333334,17,0,121.529867965964,25.0431219811591,121.532867951087,25.0422989956186,2016-05-18,"17_50"
"432",576,"ZFVGM00","中正橋(往北)",66.07273,1.4,55.5,0,121.516834996122,25.02388403899,121.516376978859,25.025673016978,2016-05-18,"17_50"
"433",432,"ZJQJI20","忠孝東路  建國南路-中山北路",31.243698,21.866665,126,1,121.529867965964,25.0431219811591,121.530730009031,25.0428839936556,2016-05-18,"17_50"
"434",433,"ZJTJ820","忠孝東路  杭州北路-中山北路",41.934067,9.333334,184,0,121.526849011636,25.0439449738104,121.529006971227,25.0433510221623,2016-05-18,"17_50"
"435",434,"ZJXIQ20","忠孝東路  林森北路-杭州北路",45.537037,2.5333333,56.5,0,121.525107021695,25.0443669744632,121.526849011636,25.0439449738104,2016-05-18,"17_50"
"436",435,"ZK5IE20","忠孝東路  八德路-林森北路",39.44628,6,125.5,1,121.523344996927,25.044788032304,121.525107021695,25.0443669744632,2016-05-18,"17_50"
"437",436,"ZK8HY20","忠孝東路  館前路-林森北路",30.142857,6.3333335,37.5,0,121.521632042379,25.0451920145688,121.523344996927,25.044788032304,2016-05-18,"17_50"
"438",437,"ZKAHN20","忠孝東路  林森北路-館前路",20,8.333333,12.5,2,121.519582972501,25.0456320015231,121.521632042379,25.0451920145688,2016-05-18,"17_50"
"439",438,"ZKCUX20","忠孝東路  東新街-中坡南路",33.044777,12.2,79,1,121.581931038571,25.0441729612756,121.582718974582,25.0452810424302,2016-05-18,"17_50"
"440",439,"ZKLGD20","忠孝西路  中華路-館前路",43.05983,7.1333327,120.5,0,121.511009976667,25.0479730195554,121.515008984925,25.0467950373473,2016-05-18,"17_50"
"441",440,"ZKVVH20","忠孝東路  中坡南路-東新街",49.472973,12.1,87,0,121.582718974582,25.0452810424302,121.585100032729,25.0479620345473,2016-05-18,"17_50"
"442",441,"ZKXET20","忠孝西路  環河北路-塔城街",34.086613,14.666667,130,0,121.506503986656,25.0488909901789,121.507623047764,25.048616959465,2016-05-18,"17_50"
"443",442,"ZKXET60","忠孝西路  中華路-環河北路",36.783783,10.6,113.5,0,121.506758999056,25.0506060000321,121.507623047764,25.048616959465,2016-05-18,"17_50"
"444",443,"ZLEWS20","忠孝東路  東新街-向陽路",43.160713,9.4,116.5,0,121.589050998969,25.0492460032113,121.591322049175,25.0497339722126,2016-05-18,"17_50"
"445",444,"ZLEWS60","忠孝東路  向陽路-東新街",37.07619,13.3,115,0,121.575325038745,25.0408320443226,121.591322049175,25.0497339722126,2016-05-18,"17_50"
"446",445,"ZM64J20","忠孝東路  向陽路-研究院路",61.416668,4.5,70,1,121.61261503992,25.0527349841585,121.615243008538,25.0530400109657,2016-05-18,"17_50"
"447",446,"ZM64J60","忠孝東路  研究院路-向陽路",63.135136,6,85.5,0,121.61629396121,25.053161955416,121.615243008538,25.0530400109657,2016-05-18,"17_50"
"448",447,"Z37JI40","忠誠路    天母東路-德行東路",50.772728,4.8,92,0,121.532934016338,25.1149020373679,121.531068977338,25.1124079749547,2016-05-18,"17_50"
"449",448,"Z4FKA00","忠誠路    德行東路-天母東路",47.641304,5.6666665,100,0,121.532934016338,25.1149020373679,121.53466299808,25.1180829630573,2016-05-18,"17_50"
"450",449,"ZYBIB60","忠誠路    忠義街-中山北路",46.23077,5.8666663,107,0,121.528898012559,25.1055090420039,121.52484602371,25.1040249679002,2016-05-18,"17_50"
"451",450,"ZYLJ600","忠誠路  中山北路-忠義街",35.310345,9.4,126.5,0,121.52484602371,25.1040249679002,121.528898012559,25.1055090420039,2016-05-18,"17_50"
"452",451,"ZZAJE00","忠誠路  忠義街-德行東路",52.733334,7.777778,63,0,121.528898012559,25.1055090420039,121.530318019165,25.1083749664506,2016-05-18,"17_50"
"453",452,"ZZAJE60","忠誠路    中山北路-忠義街",23.333334,13.8,43.5,1,121.535907038271,25.1100249627925,121.530318019165,25.1083749664506,2016-05-18,"17_50"
"454",453,"Z3MER00","承德路    文林北路-吉利街",37.244446,5.4666667,92.5,1,121.50923497412,25.1124480055163,121.507130965865,25.1143699686909,2016-05-18,"17_50"
"455",454,"Z4VDD40","承德路    文林北路-基河路",56.364704,5.4,174.5,0,121.51136898907,25.1105090269283,121.511873979864,25.105577986075,2016-05-18,"17_50"
"456",455,"ZLIGO40","承德路    南京西路-市民大道",44.172413,4,65.5,0,121.517691970298,25.0532490075265,121.517028000562,25.050877024964,2016-05-18,"17_50"
"457",456,"ZLYGU00","承德路    市民大道-南京西路",47.88679,2.3333335,53,0,121.517028000562,25.050877024964,121.517691970298,25.0532490075265,2016-05-18,"17_50"
"458",457,"ZMQGX40","承德路    民生西路-南京西路",70.942856,1.1333333,38,0,121.51817497086,25.0573370422045,121.518144022001,25.0547379670373,2016-05-18,"17_50"
"459",458,"ZMWGW00","承德路    南京西路-民生西路",43.677418,3.266667,66.5,1,121.518144022001,25.0547379670373,121.51817497086,25.0573370422045,2016-05-18,"17_50"
"460",459,"ZMWGW40","承德路民生西路往南",45.19388,4.0666666,102.5,0,121.518217038202,25.0601989750841,121.51817497086,25.0573370422045,2016-05-18,"17_50"
"461",460,"ZP8GX00","承德路    民生西路-民權西路",38.638554,6.583333,90,0,121.518217038202,25.0601989750841,121.518278034,25.0628709805022,2016-05-18,"17_50"
"462",461,"ZP8GX40","承德路    民族西路-民權西路",70,2.266667,70,0,121.518329979386,25.0658410329101,121.518278034,25.0628709805022,2016-05-18,"17_50"
"463",462,"ZQFGY00","承德路    民權西路-民族西路",53.4321,5.333333,93.5,0,121.518329979386,25.0658410329101,121.51841003728,25.0684950038011,2016-05-18,"17_50"
"464",463,"ZR8GZ40","承德路    劍潭路-民族西路",48.38889,3.75,55.5,0,121.519132992345,25.0730250139216,121.51860298358,25.0718979983684,2016-05-18,"17_50"
"465",464,"ZRTHD00","承德路    民族東路-劍潭路",44.473682,4.9333334,57.5,0,121.519132992345,25.0730250139216,121.520142954438,25.075179002518,2016-05-18,"17_50"
"466",465,"ZV7GX00","承德路    中正路-劍潭路",39.36232,4.266667,71.5,0,121.521558963159,25.0888150438412,121.518350989573,25.0897839795481,2016-05-18,"17_50"
"467",466,"ZVCGQ40","承德路    大業路-吉利街",54.346775,5.666667,133,0,121.5014999737,25.1194989799831,121.503336993095,25.1178130018371,2016-05-18,"17_50"
"468",467,"ZVEGK00","承德路    劍潭路-中正路",45.067963,5.4166665,104.5,0,121.518350989573,25.0897839795481,121.516491996487,25.0910000387343,2016-05-18,"17_50"
"469",468,"ZVVGB40","承德路    基河路-中正路",49.463917,6.6875,197,1,121.514055017166,25.0959740116679,121.515635003385,25.092103988547,2016-05-18,"17_50"
"470",469,"ZJQEB00","昆明街    成都路-忠孝西路",40.63889,2.5,36,0,121.504532045206,25.041495018513,121.504825008811,25.0430019877903,2016-05-18,"17_50"
"471",470,"ZSEMV60","明水路    樂群一路-大直橋",51.84756,11.9,165.5,0,121.549573022597,25.0772759751444,121.547689985538,25.0774089666611,2016-05-18,"17_50"
"472",471,"ZSGLN60","明水路    大直橋-北安路",54.975,5.6,40,0,121.544389033262,25.0773219827372,121.541635006388,25.0776029893899,2016-05-18,"17_50"
"473",472,"ZT9NN00","明水路    北安路-樂群一路",49.133335,4.3,48,0,121.552044033409,25.0799839674544,121.551448019389,25.0818549822257,2016-05-18,"17_50"
"474",473,"ZI6I900","杭州南路  愛國東路-信義路",44.0375,4.8,83,0,121.52675898022,25.0342589664573,121.524326005961,25.035441042185,2016-05-18,"17_50"
"475",474,"ZIPIF00","杭州南路  信義路-仁愛路",40.88095,5.75,45.5,0,121.524326005961,25.035441042185,121.525200027068,25.0382819856299,2016-05-18,"17_50"
"476",475,"ZJGIK00","杭州南路  仁愛路-忠孝東路",36.612904,6.6,64.5,0,121.525743009547,25.0401489702973,121.52615501421,25.0415549907144,2016-05-18,"17_50"
"477",476,"ZIGHK40","信義路　林森南(往南)",32.25424,21.6,184.5,0,121.521595040537,25.0387639638472,121.521081991794,25.0370229803464,2016-05-18,"17_50"
"478",477,"ZJCHS40","林森南路  忠孝東路-仁愛路",46,3.1666665,59,0,121.522650962936,25.0423980324317,121.522239033265,25.0410010298098,2016-05-18,"17_50"
"479",478,"ZJMHU00","林森南路  仁愛路-忠孝東路",26.736841,8.3,59,1,121.522239033265,25.0410010298098,121.522650962936,25.0423980324317,2016-05-18,"17_50"
"480",479,"ZK8HY40","林森北路  長安東路-忠孝東路",29.458334,3.2,25,0,121.523806986935,25.0463219909129,121.523344996927,25.044788032304,2016-05-18,"17_50"
"481",480,"ZKII640","林森北路  忠孝東路-長安東路",29.857143,0.6,7,0,121.524572008387,25.0491270245344,121.523806986935,25.0463219909129,2016-05-18,"17_50"
"482",481,"ZLRIF40","林森北路  長春路-長安東路",30.517857,3.2,69,0,121.525458978715,25.0549099825207,121.525377993726,25.0520939617721,2016-05-18,"17_50"
"483",482,"ZMFIG00","林森北路  長安東路-長春路",28.326086,4.5,105.5,0,121.525377993726,25.0520939617721,121.525458978715,25.0549099825207,2016-05-18,"17_50"
"484",483,"ZN5IG00","林森北路  長春路-民生東路",26,16.4,55,0,121.525458978715,25.0549099825207,121.525521993862,25.058043041147,2016-05-18,"17_50"
"485",484,"ZNKIG00","林森北路  民生東路-民權東路",37.914288,11,51.5,0,121.525521993862,25.058043041147,121.52557102941,25.0602910365096,2016-05-18,"17_50"
"486",485,"ZNKIG40","林森北路  民權東路-民生東路",25.581396,8.4,44,0,121.525606990661,25.0616809601453,121.52557102941,25.0602910365096,2016-05-18,"17_50"
"487",486,"ZPYIH00","林森北路  民權東路-民族東路",36.3,9.8,42.5,0,121.525690048067,25.0648859887343,121.525707967089,25.0666460353804,2016-05-18,"17_50"
"488",487,"ZPYIH40","林森北路  民族東路-民權東路",39.636364,8.6,68,0,121.525754004841,25.068351994266,121.525707967089,25.0666460353804,2016-05-18,"17_50"
"489",488,"ZMEJW40","松江路    民生東路-南京東路",39.11111,2.4,39,0,121.53313299757,25.0579159728731,121.533070031058,25.0547930311624,2016-05-18,"17_50"
"490",489,"ZN5JX00","松江路    南京東路-民生東路",37.2,9.3,87.5,0,121.533070031058,25.0547930311624,121.53313299757,25.0579159728731,2016-05-18,"17_50"
"491",490,"ZN5JX40","松江路  民權東路-民生東路",41.38961,7.3,92,0,121.533173047141,25.0602999587837,121.53313299757,25.0579159728731,2016-05-18,"17_50"
"492",491,"ZNLJX20","松江路    民生東路-民權東路",39.564518,8.2,72.5,0,121.534847955769,25.0602940260267,121.533173047141,25.0602999587837,2016-05-18,"17_50"
"493",492,"ZP6JY40","松江路    民生東路-民權東路",41.51852,5.533334,57,0,121.533241968318,25.0647050407117,121.533203037377,25.062466042796,2016-05-18,"17_50"
"494",493,"ZQEJY00","松江路    民權東路-民族東路",36.962963,3.4666665,55.5,0,121.537017999938,25.0623710424569,121.533306991068,25.0682079612344,2016-05-18,"17_50"
"495",494,"ZDYJC00","金山南路  愛國東路-信義路",44.884617,2.8,27,0,121.526847003873,25.0316669589232,121.527272972601,25.0340489558628,2016-05-18,"17_50"
"496",495,"ZDYJC40","金山南路  仁愛路-信義路",42.714287,7.5,92.5,0,121.528340969147,25.0382519822543,121.527272972601,25.0340489558628,2016-05-18,"17_50"
"497",496,"ZG8IK40","金山南路  愛國東路-和平東路",36.166668,3.2,43.5,0,121.526308995626,25.0288699736331,121.525913962462,25.0267859703791,2016-05-18,"17_50"
"498",497,"ZHAIQ00","金山南路  和平東路-愛國東路",37.567566,13.7,114.5,0,121.526582976893,25.0301700427729,121.526847003873,25.0316669589232,2016-05-18,"17_50"
"499",498,"ZHAIQ40","金山南路  信義路-愛國東路",37.92157,7,51.5,0,121.527272972601,25.0340489558628,121.526847003873,25.0316669589232,2016-05-18,"17_50"
"500",499,"ZIXJ740","金山南路  忠孝東路-仁愛路",22.042105,51.2,98.5,1,121.529195013205,25.0408220379251,121.528753043802,25.0394610024343,2016-05-18,"17_50"
"501",500,"ZJBJ900","金山南路  仁愛路-忠孝東路",28.408451,40.6,72.5,0,121.528753043802,25.0394610024343,121.529195013205,25.0408220379251,2016-05-18,"17_50"
"502",501,"ZSQYA00","金湖路    民權東路-康寧路",32.627274,19.6,111.5,0,121.60152301582,25.0745739629973,121.599591004498,25.078978040163,2016-05-18,"17_50"
"503",502,"ZKVJB60","長安東路  林森北路-新生北路",47.459015,9.2,62,0,121.5314569682,25.0484610170838,121.52960297329,25.048152016889,2016-05-18,"17_50"
"504",503,"ZL6IA60","長安東路  中山北路-林森北路",38.755554,11,47,0,121.528453029474,25.048237003662,121.524572008387,25.0491270245344,2016-05-18,"17_50"
"505",504,"ZLBHN20","長安西路  承德路-中山北路",35.765957,6.6,47,0,121.517028000562,25.050877024964,121.521621966763,25.0498139771949,2016-05-18,"17_50"
"506",505,"ZLBHN60","長安東路  林森北路-中山北路",44.225807,4.8,31.5,0,121.522839965486,25.0495300052462,121.521621966763,25.0498139771949,2016-05-18,"17_50"
"507",506,"ZLGGY60","長安西路  中山北路-承德路",42.53846,3.4,27,0,121.519977995024,25.0501899826042,121.518394001597,25.0506200193959,2016-05-18,"17_50"
"508",507,"ZLKGF40","長安西路  承德路-重慶北路",25.842106,8,38,1,121.516127982904,25.0536160251129,121.515453993572,25.0512350420078,2016-05-18,"17_50"
"509",508,"ZLMG620","長安西路  環河北路-重慶北路",23.44,5.2,26,1,121.511868965836,25.0520420013174,121.513928993666,25.0515830323019,2016-05-18,"17_50"
"510",509,"ZLTEQ40","長安西路  重慶北路-環河北路",29.3,3.2,20.5,1,121.507476028548,25.0537090347304,121.507242000006,25.0524010319773,2016-05-18,"17_50"
"511",510,"ZMDL800","長春路    復興北路-建國北路",25.5,7.8,34,0,121.539122001065,25.0561339717854,121.539075961259,25.0546719547361,2016-05-18,"17_50"
"512",511,"ZMDL820","長春路    新生北路-松江路",25.292683,8.25,43,1,121.536845962901,25.0547340197055,121.539075961259,25.0546719547361,2016-05-18,"17_50"
"513",512,"ZMDLH20","長春路    建國北路-復興北路",27.229166,19.4,49,0,121.539075961259,25.0546719547361,121.540503002328,25.0546399550223,2016-05-18,"17_50"
"514",513,"ZMEJE20","長春路    松江路-新生北路",31.652174,9.8,49.5,0,121.527560028847,25.0548669637719,121.53013697346,25.0548400027191,2016-05-18,"17_50"
"515",514,"ZMEKD00","長春路    建國北路-松江路",39.441177,6.8,36,0,121.534792956807,25.0520060131358,121.534823975309,25.0547690306678,2016-05-18,"17_50"
"516",515,"ZMFHU60","長春路    新生北路-中山北路",52.2,2.2,20.5,0,121.525458978715,25.0549099825207,121.522713974682,25.0549919835593,2016-05-18,"17_50"
"517",516,"ZMFIG20","長春路    中山北路-新生北路",26.904762,18.75,49,0,121.522713974682,25.0549919835593,121.525458978715,25.0549099825207,2016-05-18,"17_50"
"518",517,"ZGYS640","松仁路往南   信義路-松平路",39.567165,4.1,67.5,0,121.56829704186,25.0318759992408,121.568310021885,25.0304130431246,2016-05-18,"17_50"
"519",518,"ZHXS600","信義路   松仁路-松德路",35.415928,19.066668,246.5,0,121.568291995067,25.0328239644553,121.56833098802,25.034792021521,2016-05-18,"17_50"
"520",519,"ZI9S600","松仁路住北   信義路-松壽路",36.197803,8.533333,107.5,0,121.568291995067,25.0328239644553,121.568354969459,25.0358029814327,2016-05-18,"17_50"
"521",520,"ZI9S640","松仁路往南 松高路-松壽路",37.67619,9.2,108.5,0,121.568439012417,25.0390520357679,121.568354969459,25.0358029814327,2016-05-18,"17_50"
"522",521,"ZJES800","松仁路往北 松高路-忠孝東路",50.424244,1.8,67.5,0,121.570191965881,25.0409869811321,121.568686003029,25.0410379832092,2016-05-18,"17_50"
"523",522,"ZI9R760","松壽路   松智路-市府路",36.898304,3.266667,62,0,121.565462026286,25.0358500395745,121.563529047497,25.0358840150263,2016-05-18,"17_50"
"524",523,"ZI9RI20","松壽路往東 市府路-松智路",34.405796,6.8,72.5,0,121.561339958224,25.0359290444265,121.565462026286,25.0358500395745,2016-05-18,"17_50"
"525",524,"ZI9RW20","松壽路   松智路-松仁路",25.783783,3.6666667,38,0,121.563529047497,25.0358840150263,121.567571981239,25.0358150020425,2016-05-18,"17_50"
"526",525,"ZIWR760","松高路往西   松仁路-市府路",26.475,5.3333335,42,1,121.565526037298,25.0390909572895,121.563604049021,25.0391340109023,2016-05-18,"17_50"
"527",526,"ZI9RI40","松智路往南 松高路-松壽路",40.123287,4.6,81,0,121.565526037298,25.0390909572895,121.565462026286,25.0358500395745,2016-05-18,"17_50"
"528",527,"ZIWRJ00","松智路往北   松高路-松壽路",36.682926,2.4666667,48,0,121.565462026286,25.0358500395745,121.565526037298,25.0390909572895,2016-05-18,"17_50"
"529",528,"ZSM4D60","康湖路  康樂隧道住西",64.26923,1,16,0,121.62328997197,25.0782929587753,121.614297041317,25.0783040001469,2016-05-18,"17_50"
"530",529,"ZTEZS60","康湖路  成功隧道往西",54.933334,2,31,0,121.614297041317,25.0783040001469,121.606728971073,25.0815539591478,2016-05-18,"17_50"
"531",530,"ZM010A0","復北地下道往北",55.916668,1.4,24,0,121.543293010912,25.0526770071354,121.543604042915,25.0502569816267,2016-05-18,"17_50"
"532",531,"ZM210E0","復北地下道往南",60.63793,2.9,60.5,0,121.543685015519,25.0507070048541,121.543639996839,25.0478700113867,2016-05-18,"17_50"
"533",532,"ZHJRJ60","信義路往西 松仁路-松智路",44.626667,4,83.5,1,121.568291995067,25.0328239644553,121.565399005848,25.0328889864399,2016-05-18,"17_50"
"534",533,"ZHJS620","信義路   松智路-松仁路",44.833332,0.5,12,0,121.565399005848,25.0328889864399,121.568291995067,25.0328239644553,2016-05-18,"17_50"
"535",534,"ZHKPV60","信義路   光復南路-基隆路",25.480263,9.666666,168.5,1,121.559572982138,25.0330190123501,121.557472029698,25.0330630202679,2016-05-18,"17_50"
"536",535,"ZHKQD60","信義路往西 松智路-基隆路",34.38889,5,18,0,121.561346000281,25.0329670051349,121.559572982138,25.0330190123501,2016-05-18,"17_50"
"537",536,"ZHKQP20","信義路   基隆路-松智路",40.892857,4.1,56.5,0,121.559572982138,25.0330190123501,121.561346000281,25.0329670051349,2016-05-18,"17_50"
"538",537,"ZHMML20","信義路四段  復興南路-大安路一段",39.666668,4,47,0,121.543589997887,25.0333580219207,121.545959009029,25.0333140381647,2016-05-18,"17_50"
"539",538,"ZHNJV20","信義路二段 金山南路一段-新生南路一段",38.127907,6.9,87.5,0,121.529966998193,25.0336970279168,121.532731042103,25.0335689678089,2016-05-18,"17_50"
"540",539,"ZIBHV20","信義路　紹興南(往東)",51.135136,1.2666667,37,0,121.521081991794,25.0370229803464,121.522743967498,25.0362140038064,2016-05-18,"17_50"
"541",577,"ZFVGM40","中正橋(往南)",38.320755,1.4,63,1,121.515957978162,25.0272459956899,121.516376978859,25.025673016978,2016-05-18,"17_50"
"542",540,"ZIGHK20","信義路　林森南(往東)",37,2.5333333,38.5,0,121.517742001752,25.0392739842801,121.521081991794,25.0370229803464,2016-05-18,"17_50"
"543",541,"ZLMR820","南京東　三民路(往東)",3.7509024,5.4,283.5,2,121.560826031736,25.0514589603378,121.563808990757,25.0514019858846,2016-05-18,"17_50"
"544",542,"ZLRHT61","南京東路二段 林森北路- 中山北路一段",37.29787,35.933334,210,0,121.525377993726,25.0520939617721,121.52257401473,25.0522299753826,2016-05-18,"17_50"
"545",543,"ZM6GJ00","南京西路  重慶北路-承德路",30.625,7.7,66.5,0,121.515453993572,25.0512350420078,121.516127982904,25.0536160251129,2016-05-18,"17_50"
"546",544,"ZM7FI60","南京西路  西寧北路-重慶北路",39.45,3.4,20.5,0,121.511757968972,25.0538570290277,121.511044004189,25.0538139857533,2016-05-18,"17_50"
"547",545,"ZM7FN60","南京西路  重慶北路-西寧北路",40.933334,2,15,0,121.514345042521,25.0540280223188,121.511757968972,25.0538570290277,2016-05-18,"17_50"
"548",546,"ZM9QH20","健康路    光復北路-三民路",39.54054,3.5,39.5,0,121.558071018075,25.0537710361299,121.560480029864,25.0539610333122,2016-05-18,"17_50"
"549",547,"ZMBWS20","南港路    東新街-向陽路",50.42857,1,7,0,121.589773975213,25.0533690260495,121.591869039514,25.0540739950209,2016-05-18,"17_50"
"550",548,"ZMH3J60","南港路惠民街往西",40.55,11.2,89.5,0,121.613222967702,25.055304999313,121.610307022877,25.0549559812064,2016-05-18,"17_50"
"551",549,"ZFVKW40","建國南路  和平東路-信義路",36.2907,8.5,88.5,0,121.537804008446,25.0334790135061,121.537671024771,25.0256339943513,2016-05-18,"17_50"
"552",550,"ZGLKW40","建國北路  忠孝東路-長安東路",16.954546,1.2,23,1,121.537804008446,25.0334790135061,121.537703955123,25.02875696332,2016-05-18,"17_50"
"553",551,"ZHMKW40","建國南路  信義路-和平東路",43.945206,3.2,73,0,121.537882966645,25.0380649934768,121.537804008446,25.0334790135061,2016-05-18,"17_50"
"554",552,"ZINKW00","建國南路  信義路-仁愛路",36.833332,0.625,6,0,121.537804008446,25.0334790135061,121.537882966645,25.0380649934768,2016-05-18,"17_50"
"555",553,"ZINKW40","建國南路  仁愛路-信義路",69.82353,2.6,108.5,0,121.537077016111,25.0417060435019,121.537882966645,25.0380649934768,2016-05-18,"17_50"
"556",554,"ZJ7KV40","建國南路  仁愛路-忠孝東路",31.255814,4.5,44,0,121.537077016111,25.0417060435019,121.537714045008,25.0401419725629,2016-05-18,"17_50"
"557",555,"ZJHKR40","建國南路  忠孝東路-仁愛路",41.307693,3.4666667,65.5,0,121.53670903176,25.0483700001353,121.537077016111,25.0417060435019,2016-05-18,"17_50"
"558",556,"ZK7KP40","建國北路  長安東路-忠孝東路",28.096775,14.4,32.5,1,121.536660023401,25.0460589913958,121.536654952605,25.044894027352,2016-05-18,"17_50"
"559",557,"ZLAKQ20","建國北路  長安東路-南京東路",26.650793,8.583333,65,1,121.53670903176,25.0483700001353,121.536755027745,25.0496699659117,2016-05-18,"17_50"
"560",558,"ZLRKQ40","建國北路  南京東路-長安東路",42.23256,2.2,43,0,121.536845962901,25.0547340197055,121.536785012301,25.0519810422149,2016-05-18,"17_50"
"561",559,"ZMEKQ40","建國北路  民生東路-南京東路",32.925926,16,112.5,0,121.537017999938,25.0623710424569,121.536845962901,25.0547340197055,2016-05-18,"17_50"
"562",560,"ZN5KR40","建國北路  民權東路-民生東路",69.29412,1.125,34,0,121.536969049226,25.0602590163787,121.536919039933,25.057858005413,2016-05-18,"17_50"
"563",561,"ZNLKR60","建國北路  民生東路-民權東路",30.932774,17.2,120,0,121.536919039933,25.057858005413,121.536969049226,25.0602590163787,2016-05-18,"17_50"
"564",562,"ZP5KR40","建國北路  民權東路-民生東路",43.641026,2.9,40.5,0,121.533306991068,25.0682079612344,121.537017999938,25.0623710424569,2016-05-18,"17_50"
"565",563,"ZPLKP40","建國北路  民權東路-民族東路",39.714287,3.9,50.5,0,121.533306991068,25.0682079612344,121.536731988135,25.0648819646366,2016-05-18,"17_50"
"566",564,"ZDKJT00","思源街    永福橋-汀州路",59.686275,3.6,58,0,121.536298988058,25.0109500438487,121.532225011006,25.0150820419637,2016-05-18,"17_50"
"567",565,"Z0UVS20","指南路三段      永興橋(往東)",27,1,3,1,121.58002702861,24.9850200340848,121.586386007339,24.9764449627281,2016-05-18,"17_50"
"568",566,"ZHM3N40","研究院路  四段-三段",16.59091,8,24,1,121.613304013734,25.0338629974488,121.610802951982,25.0330880416036,2016-05-18,"17_50"
"569",567,"ZHX4E40","研究院路  舊莊路-研究院路",62.5,1,7,0,121.616912004968,25.0360509867224,121.614367956927,25.0346169553628,2016-05-18,"17_50"
"570",568,"ZJM4U00","研究院路  研究院路-舊莊路",37,4.2,24,0,121.617002994333,25.0383530195968,121.616088990815,25.0438190201437,2016-05-18,"17_50"
"571",569,"ZJT4T00","胡適國小　研究(往北)",59.07143,2.375,30,0,121.620339975442,25.0398560094018,121.616924962474,25.0425240066233,2016-05-18,"17_50"
"572",570,"ZKE4M40","研究院路  忠孝東路-舊莊路",36.763157,5.8,39.5,0,121.615420955902,25.0469359943905,121.615421998675,25.045238998741,2016-05-18,"17_50"
"573",571,"ZKP4L00","研究院路  舊莊路-忠孝東路",35.52,4.8,25.5,0,121.616924962474,25.0425240066233,121.615420955902,25.0469359943905,2016-05-18,"17_50"
"574",572,"ZMZZC20","重陽路    向陽路-興華路",65.68,2.6,25.5,0,121.604423028307,25.0576889819246,121.605365969207,25.0578289570684,2016-05-18,"17_50"
"575",573,"ZMZZC60","重陽路    三重路-興華路",52.12,4.2,26.5,0,121.606674957763,25.0580949967257,121.605365969207,25.0578289570684,2016-05-18,"17_50"
"576",574,"ZND3C20","重陽路    興華路-向陽路",53.366665,3.4,31,0,121.606674957763,25.0580949967257,121.609147045383,25.0588249913166,2016-05-18,"17_50"
"577",575,"ZFDGP01","中正橋 還河東路-重慶路三段",47.97015,4.7,138,0,121.515554967994,25.0176109602662,121.516851988793,25.0230440039356,2016-05-18,"17_50"
"578",578,"ZGBGJ40","重慶南路  寧波西路-和平西路",55.17647,2.875,52.5,0,121.515285034627,25.0297760208443,121.515957978162,25.0272459956899,2016-05-18,"17_50"
"579",579,"ZGSGF00","重慶南路  和平西路-寧波西路",42.05,7.25,81,0,121.515957978162,25.0272459956899,121.515285034627,25.0297760208443,2016-05-18,"17_50"
"580",580,"ZGSGF40","重慶南路  南海路-寧波西路",52.022728,2.5,44.5,0,121.514411951374,25.0318909909112,121.515285034627,25.0297760208443,2016-05-18,"17_50"
"581",581,"ZHBGA00","重慶南路  寧波西街-南海路",45.432835,5.5,68,0,121.515285034627,25.0297760208443,121.514411951374,25.0318909909112,2016-05-18,"17_50"
"582",582,"ZHBGA40","重慶南路  愛國西路-南海路",46.490566,3.3,53,0,121.512464029297,25.0352839832108,121.514411951374,25.0318909909112,2016-05-18,"17_50"
"583",583,"ZHYFT00","重慶南路  南海路-愛國西路",49.814816,2.3,54,0,121.514411951374,25.0318909909112,121.512464029297,25.0352839832108,2016-05-18,"17_50"
"584",584,"ZHYFT40","重慶南路  凱達格蘭-愛國西路",41.557693,5.25,52,0,121.512825007056,25.0387580163315,121.512464029297,25.0352839832108,2016-05-18,"17_50"
"585",585,"ZISFV00","重慶南路  愛國西路-凱達格蘭",45.130436,1.625,23,0,121.512464029297,25.0352839832108,121.512825007056,25.0387580163315,2016-05-18,"17_50"
"586",586,"ZJLFX40","重慶南路  忠孝西路-貴陽街",32.484848,9.25,33.5,0,121.513200976881,25.043423974533,121.513185975727,25.0422959656717,2016-05-18,"17_50"
"587",587,"ZJTFX00","重慶南路  凱達格蘭-忠孝西路",33.391304,6,46.5,0,121.513185975727,25.0422959656717,121.513200976881,25.043423974533,2016-05-18,"17_50"
"588",588,"ZLMG600","重慶北路  南京西路-忠孝西路",41.857143,7,22,0,121.513657022645,25.0506269959056,121.513928993666,25.0515830323019,2016-05-18,"17_50"
"589",589,"ZM8GA00","重慶北路  忠孝西路-南京西路",41.42857,5.3333335,21,0,121.513928993666,25.0515830323019,121.514345042521,25.0540280223188,2016-05-18,"17_50"
"590",590,"ZNNFY00","重慶北路  民權西路-南京西路",40.383335,3.8,64,0,121.513642993311,25.0592219587576,121.513560982172,25.0607570152558,2016-05-18,"17_50"
"591",591,"ZP8FZ00","重慶北路  南京西路-民權西路",52.24,3.8,106,0,121.513560982172,25.0607570152558,121.513579991329,25.0629869739192,2016-05-18,"17_50"
"592",592,"ZP8FZ40","重慶北路  民族西路-民權西路",43.065216,6.4,94.5,0,121.513655977625,25.0646660225622,121.513579991329,25.0629869739192,2016-05-18,"17_50"
"593",593,"ZQGFY00","重慶北路  民權西路-民族西路",45.755814,4.533334,87,0,121.513725959187,25.0672099803909,121.51373200123,25.0686110250405,2016-05-18,"17_50"
"594",594,"ZQGFY40","重慶北路　民族往南",53.636364,2.7999997,81,0,121.513739992576,25.0705030087528,121.51373200123,25.0686110250405,2016-05-18,"17_50"
"595",595,"ZT9FV00","重慶北路  酒泉街-後港街",40.094593,9.4,150.5,0,121.513790034659,25.0728989733292,121.513119963143,25.0810360205121,2016-05-18,"17_50"
"596",596,"ZTGFS00","重慶北路  後港街-中正路",43.44865,10.733333,187.5,1,121.513119963143,25.0810360205121,121.511903039504,25.0839469842273,2016-05-18,"17_50"
"597",597,"ZN0A0E0","新生高   濟南-八德路",55.911392,14.5,172.5,0,121.529611986266,25.0417600146039,121.530451043206,25.0445199751198,2016-05-18,"17_50"
"598",598,"ZN0B0E0","新生高    八德路-長安東路",42.609756,6.7,82,0,121.530451043206,25.0445199751198,121.529929035464,25.0482229884047,2016-05-18,"17_50"
"599",599,"ZN0C0E0","新生高    長安東路-民生東路",61.658066,8.4,155,0,121.529929035464,25.0482229884047,121.527834991006,25.0580210253257,2016-05-18,"17_50"
"600",600,"ZN0D0E0","新生高    民生東路-民權東路",73.46199,8.9,175,0,121.527834991006,25.0580210253257,121.527920015602,25.0626209720921,2016-05-18,"17_50"
"601",601,"ZN0E0E0","新生高    民權東路-民族東路",59.99225,7.1,129,0,121.527920015602,25.0626209720921,121.528063040076,25.0683780157201,2016-05-18,"17_50"
"602",602,"ZN0F0E0","新生高    民族東路-中山北路",36.596226,11.666666,265,1,121.528063040076,25.0683780157201,121.526515048147,25.0744939685962,2016-05-18,"17_50"
"603",603,"ZN2B0E0","新生高    民族東路-常春路",53.113335,9.2,151,1,121.527500962848,25.0684099869996,121.527275983599,25.05486797244,2016-05-18,"17_50"
"604",604,"ZN2C0E0","新生高    常春路-長安東路",62.885906,3.8,149,0,121.527275983599,25.05486797244,121.529315048607,25.0481229795987,2016-05-18,"17_50"
"605",605,"ZN2D0E0","新生高    長安東路-八德路",49.01173,15.266667,342,0,121.529315048607,25.0481229795987,121.530055043211,25.0443380281949,2016-05-18,"17_50"
"606",606,"ZN2E0E0","新生高    八德路-濟南路",54.585106,5.8,94,0,121.530055043211,25.0443380281949,121.529345963312,25.0418200062659,2016-05-18,"17_50"
"607",607,"ZIME520","桂林路    康定路-中華路",53.863636,6,50.5,0,121.501794036448,25.0383079783981,121.503843963401,25.0379939957712,2016-05-18,"17_50"
"608",608,"ZIME560","桂林路    中華路-康定路",32.10811,6.7,55.5,0,121.505160971467,25.0377549740791,121.503843963401,25.0379939957712,2016-05-18,"17_50"
"609",609,"ZIQDB00","桂林路    環河南路-康定路",30.04651,5.5,44,0,121.499359007,25.0366640361962,121.499801972417,25.0384510166092,2016-05-18,"17_50"
"610",610,"ZM7PP60","健康路    三民路-光復北路",37.08108,3.7,39.5,0,121.558071018075,25.0537710361299,121.556594046076,25.0536500051492,2016-05-18,"17_50"
"611",611,"ZM8PX60","健康路    塔悠路-三民路",53.450703,5.8,79.5,0,121.560480029864,25.0539610333122,121.558071018075,25.0537710361299,2016-05-18,"17_50"
"612",612,"ZMCSE20","健康路    三民路-塔悠路",49.287235,9.4,109,0,121.567261022773,25.0542959595979,121.569838992141,25.0544760409088,2016-05-18,"17_50"
"613",613,"ZRKQZ40","基湖路    堤頂大道-樂群一路",38.918365,11.4,55,0,121.56434000264,25.0786830098929,121.563198032993,25.0760600169591,2016-05-18,"17_50"
"614",614,"ZSPRA00","基湖路    樂群一路-堤頂大道",29,4.2,17.5,1,121.563198032993,25.0760600169591,121.56434000264,25.0786830098929,2016-05-18,"17_50"
"615",615,"ZSPRA40","基湖路    內湖路-堤頂大道",32.869564,5.9,49,0,121.565014032304,25.0808109638181,121.56434000264,25.0786830098929,2016-05-18,"17_50"
"616",616,"ZCNKM20","福和橋(往東)",33.83051,4.5,62,0,121.527191965573,25.0058279992405,121.536298988058,25.0109500438487,2016-05-18,"17_50"
"617",617,"ZEFMN40","基隆路    台科大-辛亥路",43.933334,2.5,31.5,0,121.548697955585,25.0209529930949,121.546649048669,25.0191459845886,2016-05-18,"17_50"
"618",618,"ZF9NH00","基隆路    和平東路-辛亥路",50.14706,1.2,36.5,0,121.548697955585,25.0209529930949,121.550270031923,25.0223379595141,2016-05-18,"17_50"
"619",619,"ZFMNV00","基隆路    辛亥路-樂業街",32.9011,7.6,96.5,0,121.550270031923,25.0223379595141,121.552538018027,25.024342990434,2016-05-18,"17_50"
"620",620,"ZG7PG50","基隆路   光復南路-和平東路",39.75926,5.75,57,0,121.556058975459,25.0274349782037,121.555025031734,25.0265179787745,2016-05-18,"17_50"
"621",621,"ZGTPW00","基隆路往北 和平-光復",38.63107,10.8,107.5,0,121.557256035227,25.0291639754068,121.557395974638,25.0293889718943,2016-05-18,"17_50"
"622",622,"ZGTPW50","基隆路往南   信義路-光復南路",36.474453,12.133333,139.5,0,121.558972965305,25.0320100367059,121.557395974638,25.0293889718943,2016-05-18,"17_50"
"623",623,"ZI9QP10","基隆路   信義路-松壽路",64.575,5.5,120.5,0,121.559572982138,25.0330190123501,121.561339958224,25.0359290444265,2016-05-18,"17_50"
"624",624,"ZI9QP12","基隆路地下道 松高路-忠孝東路",23.461538,16,55.5,1,121.559572982138,25.0330190123501,121.561339958224,25.0359290444265,2016-05-18,"17_50"
"625",625,"ZIKQU50","基隆路   忠孝東路-松高路",32.28788,7.6,67,0,121.564464988337,25.041143998202,121.562308045387,25.0375229893969,2016-05-18,"17_50"
"626",626,"ZJERC40","基隆路    松隆路-忠孝東路",35.13793,34.2,185,0,121.565833015229,25.0434050150789,121.564464988337,25.041143998202,2016-05-18,"17_50"
"627",627,"ZJERC50","基隆路地下道 松隆路-忠孝東路",50.991524,6.2,118,0,121.565833015229,25.0434050150789,121.564464988337,25.041143998202,2016-05-18,"17_50"
"628",628,"ZJERC51","基隆路地下道 忠孝東路-仁愛路",62.92683,32.1,41,0,121.565833015229,25.0434050150789,121.564464988337,25.041143998202,2016-05-18,"17_50"
"629",629,"ZJERC52","基隆路地下道 仁愛路-莊敬路",61.816093,4.4,87.5,0,121.565833015229,25.0434050150789,121.564464988337,25.041143998202,2016-05-18,"17_50"
"630",630,"ZJVRL10","基隆路地下道 忠孝東路-松隆路",44.127453,7.6,103,0,121.564464988337,25.041143998202,121.565833015229,25.0434050150789,2016-05-18,"17_50"
"631",631,"ZJVRL11","基隆路地下道 莊敬路-仁愛路",56.797752,4.1,89.5,0,121.564464988337,25.041143998202,121.565833015229,25.0434050150789,2016-05-18,"17_50"
"632",632,"ZL9SB00","基隆路    永吉路-南京東路",33.275,5.3,89.5,1,121.568668999219,25.0481160326374,121.569388952581,25.049394985048,2016-05-18,"17_50"
"633",633,"ZIDDL00","康定路    艋舺大道-桂林路",44.8125,3,16,0,121.501225987764,25.0352050366073,121.501469028516,25.0365849766857,2016-05-18,"17_50"
"634",634,"ZH6CN60","莒光路    萬大路-西園路",49.666668,0,3,0,121.499128048313,25.0311129696554,121.496789992364,25.0310400013737,2016-05-18,"17_50"
"635",635,"ZH6DG20","莒光路    西園路-萬大路",57.18182,0.75,11,0,121.499128048313,25.0311129696554,121.500584951897,25.0311530298818,2016-05-18,"17_50"
"636",636,"ZH6DG60","莒光路    中華路-萬大路",50,0.6,13,0,121.502260029259,25.0312110268967,121.500584951897,25.0311530298818,2016-05-18,"17_50"
"637",637,"ZH7E720","莒光路    萬大路-中華路",42.133335,2.5,16,0,121.502260029259,25.0312110268967,121.504123006686,25.0312500407107,2016-05-18,"17_50"
"638",638,"ZH7E760","莒光路    和平西路-中華路",43,1,2,0,121.506758960352,25.0312319580554,121.504123006686,25.0312500407107,2016-05-18,"17_50"
"639",639,"ZPMSV40","堤頂大道  舊宗路-民權東路",55.091835,3.0666668,98,0,121.574644036603,25.0689740335339,121.572434000748,25.0648929728907,2016-05-18,"17_50"
"640",640,"ZPMSV41","堤頂大道  港墘路-舊宗路",34.94737,9.066668,136.5,1,121.574644036603,25.0689740335339,121.572434000748,25.0648929728907,2016-05-18,"17_50"
"641",641,"ZRPSV00","堤頂大道  舊宗路-港墘路",38.133003,12.733333,205.5,1,121.576456997579,25.0689400113753,121.573104990119,25.0727450219422,2016-05-18,"17_50"
"642",642,"ZRPSV01","堤頂大道  民權東路-高速公路",55.23256,3.6666667,129,0,121.576456997579,25.0689400113753,121.573104990119,25.0727450219422,2016-05-18,"17_50"
"643",643,"ZRRST60","港墘路    瑞光路-堤頂大道",23.863636,43.2,140,1,121.574925973856,25.0763489994483,121.572251018319,25.0745540072367,2016-05-18,"17_50"
"644",644,"ZSGRX60","堤頂大道  港墘路-樂群一路",40.676258,12.5,141.5,0,121.568615951823,25.0773579907238,121.569426041674,25.0788620194116,2016-05-18,"17_50"
"645",645,"ZSPRA20","堤頂大道  樂群二路-基湖路",53.83871,1.8,32.5,0,121.562681985922,25.0802690253066,121.56434000264,25.0786830098929,2016-05-18,"17_50"
"646",646,"ZSPRA60","堤頂大道  樂群一路-基湖路",56.31915,6.75,94,0,121.569426041674,25.0788620194116,121.56434000264,25.0786830098929,2016-05-18,"17_50"
"647",647,"ZT5QV00","堤頂大道  基湖路-樂群二路",44.106667,6.6,79,1,121.56434000264,25.0786830098929,121.559675991089,25.0798829786784,2016-05-18,"17_50"
"648",648,"ZTXQL00","堤頂大道  樂群二路-內湖路",56.28358,4.75,67,0,121.559675991089,25.0798829786784,121.560798025759,25.0844919629128,2016-05-18,"17_50"
"649",649,"ZEWM500","復興南路  和平東路-辛亥路",39.736843,2.375,19,0,121.546649048669,25.0191459845886,121.543358978541,25.0212439864241,2016-05-18,"17_50"
"650",650,"ZFQM600","復興南路  辛亥路-和平東路",37.122448,5,49.5,0,121.543358978541,25.0212439864241,121.543424023128,25.0248549855301,2016-05-18,"17_50"
"651",651,"ZHLM800","復興南路  信義路-和平東路",45.657894,4.733333,78.5,0,121.543450996578,25.0265249930903,121.543514975026,25.029802044624,2016-05-18,"17_50"
"652",652,"ZHMM600","復興南路  和平東路-信義路",43.134148,5.0666666,85,0,121.543514975026,25.029802044624,121.543589997887,25.0333580219207,2016-05-18,"17_50"
"653",653,"ZIAM700","復興南路  仁愛路-信義路",37.36,5.8666663,82.5,0,121.543589997887,25.0333580219207,121.543641970198,25.0360669774207,2016-05-18,"17_50"
"654",654,"ZJHM700","復興南路  八德路-仁愛路",34.183674,8.466667,108,0,121.543679972316,25.0379439557612,121.543765995297,25.0416090380889,2016-05-18,"17_50"
"655",655,"ZK8M700","復興南路  仁愛路-八德路",39.986843,6.5833335,78.5,0,121.543765995297,25.0416090380889,121.543858974563,25.0448049947736,2016-05-18,"17_50"
"656",656,"ZLZM900","復興北路  民生東路-八德路",42.266666,7.2666674,114,0,121.543979964999,25.0498779617246,121.544039016678,25.0518279865621,2016-05-18,"17_50"
"657",657,"ZMQMV00","復興北路  長安東路-民生東路",31.20792,9.533334,108.5,0,121.544039016678,25.0518279865621,121.544080009502,25.0545359821337,2016-05-18,"17_50"
"658",658,"ZMZM900","復興北路  民族東路-民生東路",39.377552,4.666667,107,0,121.544127005921,25.0560889961357,121.544143954275,25.0577500050787,2016-05-18,"17_50"
"659",659,"ZPWMA00","復興北路  復興北路479巷-民族東路",32.105263,5.6,20.5,1,121.544261967908,25.0642500363121,121.544311026851,25.0663800226034,2016-05-18,"17_50"
"660",660,"ZFNN700","敦化南路  和平東路-基隆路",43.333332,1.8,36,0,121.548697955585,25.0209529930949,121.54872397733,25.0245550136163,2016-05-18,"17_50"
"661",661,"ZG8N700","敦化南路  基隆路-和平東路",22.794872,8.166667,40,1,121.54872397733,25.0245550136163,121.548777018159,25.0299090120621,2016-05-18,"17_50"
"662",662,"ZGHN840","敦化南路  信義路-和平東路",29.4,7.25,65,1,121.548772023306,25.0309469886371,121.548750040726,25.0281210101874,2016-05-18,"17_50"
"663",663,"ZHLN700","敦化南路  和平東路-信義路",30.5,8.5,75,1,121.548772023306,25.0309469886371,121.548801983011,25.0332490373958,2016-05-18,"17_50"
"664",664,"ZHLN740","敦化南路  仁愛路-信義路",45.12963,8.5,75,0,121.548832990746,25.0378350028179,121.548801983011,25.0332490373958,2016-05-18,"17_50"
"665",665,"ZI6NV00","敦化南路  信義路-仁愛路",56.62069,5.3,86.5,0,121.548801983011,25.0332490373958,121.548841029422,25.0353880048891,2016-05-18,"17_50"
"666",666,"ZIMN840","敦化南路  忠孝東路-仁愛路",45,4,37,0,121.548869022134,25.0414999940247,121.548832990746,25.0378350028179,2016-05-18,"17_50"
"667",667,"ZJGN700","敦化南路  仁愛路-忠孝東路",32.4,8,52.5,1,121.548832990746,25.0378350028179,121.548869022134,25.0414999940247,2016-05-18,"17_50"
"668",668,"ZJGN740","敦化南路  市民大道-忠孝東路",48.861538,5.3,66.5,0,121.548813990848,25.0425840163909,121.548869022134,25.0414999940247,2016-05-18,"17_50"
"669",669,"ZJGPQ00","敦化南路  忠孝東路-市民大道",44.162792,7.3333335,45.5,0,121.548869022134,25.0414999940247,121.548883040402,25.0448050256844,2016-05-18,"17_50"
"670",670,"ZKWN800","敦化南路  市民大道-南京東路",59.50909,3.4,55,0,121.548813990848,25.0425840163909,121.548917990989,25.0481810293354,2016-05-18,"17_50"
"671",671,"ZLPN800","敦化北路  南京東路-民生東路",50.542435,31.1,342.5,0,121.548917990989,25.0481810293354,121.548953968455,25.0517199839821,2016-05-18,"17_50"
"672",672,"ZLPN840","敦化北路　南京往南",60.32,1.5,26,0,121.548975960019,25.054409990941,121.548953968455,25.0517199839821,2016-05-18,"17_50"
"673",673,"ZMYN840","敦化北路　民生往南",46,0.5,8,0,121.550771020132,25.0614809697749,121.549010024689,25.0576959838419,2016-05-18,"17_50"
"674",674,"ZNUNJ00","敦化北路  民生東路-民權東路",42.666668,1.625,31,0,121.549010024689,25.0576959838419,121.550771020132,25.0614809697749,2016-05-18,"17_50"
"675",675,"ZRRST40","堤頂大道  樂群一路-港墘路",42.546154,9.9,131,0,121.568615951823,25.0773579907238,121.572251018319,25.0745540072367,2016-05-18,"17_50"
"676",676,"ZS9TE00","港墘路    堤頂大道-瑞光路",20.657143,31,37,2,121.572251018319,25.0745540072367,121.574925973856,25.0763489994483,2016-05-18,"17_50"
"677",677,"ZSKTL00","港墘路    瑞光路-內湖路",47.75,10.3,119,0,121.574925973856,25.0763489994483,121.576463957465,25.0787899816642,2016-05-18,"17_50"
"678",678,"ZN7ST40","塔悠路    民生東路-南京東路",38.411766,6.583333,86.5,0,121.569336036624,25.0573130410427,121.569219980236,25.0579359682357,2016-05-18,"17_50"
"679",679,"ZPDS600","塔悠路    民生東路-民權東路",61.62,3.9,100,0,121.568987952517,25.0592009613265,121.568254989216,25.0635370375905,2016-05-18,"17_50"
"680",680,"ZHWGD60","愛國東路  杭州南路-中山南路",36.642857,5.8,60.5,0,121.518562980948,25.0341250146345,121.516464971111,25.0348820142513,2016-05-18,"17_50"
"681",681,"ZDTJW60","新生南路 辛亥路-羅斯福路",36.1794,27.8,347,0,121.533757971868,25.0191209592005,121.532676048938,25.0163530294391,2016-05-18,"17_50"
"682",682,"ZF9KB00","新生南路  羅斯福路-辛亥路",33.841003,23.466667,277,0,121.534021047706,25.0203840395118,121.534426045252,25.0223860105166,2016-05-18,"17_50"
"683",683,"ZF9KB40","新生南路  和平東路-辛亥路",46.107143,8.666667,135.5,0,121.534621959602,25.0239930302186,121.534426045252,25.0223860105166,2016-05-18,"17_50"
"684",684,"ZFYKD00","新生南路  和平東路-信義路",49.46087,7.533334,125,0,121.534621959602,25.0239930302186,121.534867967877,25.0260230159196,2016-05-18,"17_50"
"685",685,"ZFYKD40","新生南路  信義路-和平東路",32.447918,21.95,333.5,1,121.534501041606,25.0282630326504,121.534867967877,25.0260230159196,2016-05-18,"17_50"
"686",686,"ZHNJV00","新生南路  和平東路-信義路",57.231403,6.375,136.5,0,121.533668995557,25.0306229867882,121.532731042103,25.0335689678089,2016-05-18,"17_50"
"687",687,"ZHNJV40","新生南路  仁愛路-信義路",53.545456,0.73333335,44,0,121.532745998436,25.0370089766945,121.532731042103,25.0335689678089,2016-05-18,"17_50"
"688",688,"ZINJW00","新生南路  信義路-仁愛路",49.487804,1.1333333,41,0,121.532745998436,25.0370089766945,121.53278995384,25.0381459966656,2016-05-18,"17_50"
"689",689,"ZJWJ700","濟南路　新生南(往北)",46.205883,2,35,0,121.53278995384,25.0381459966656,121.532799029026,25.0401319618055,2016-05-18,"17_50"
"690",690,"ZJWJ740","濟南路　新生南(往南)",35.711113,2.875,47.5,0,121.532867951087,25.0422989956186,121.532799029026,25.0401319618055,2016-05-18,"17_50"
"691",691,"Z1TT960","新光路    秀明路-指南路",22.244444,8.2,48.5,1,121.57369500163,24.9908399886069,121.573683016811,24.9880870052629,2016-05-18,"17_50"
"692",692,"Z2AT940","新光路    動物園-秀明路",49.454544,2.7,35,0,121.574766985995,24.991260984932,121.573668989484,24.9916169569256,2016-05-18,"17_50"
"693",693,"Z2RTQ20","新光路    秀明路-動物園",46.68889,4.3,48,0,121.573668989484,24.9916169569256,121.576326038864,24.9963739744138,2016-05-18,"17_50"
"694",694,"Z2WUA20","新光路    動物園-木柵路",50.804348,4.6,69,0,121.57731999534,24.9970019967358,121.578691028804,24.9978269832943,2016-05-18,"17_50"
"695",695,"Z2ZUI60","新光路    木柵路-動物園",51.25714,2.7,35.5,0,121.556305979647,24.9833049682009,121.580062038462,24.9986430191561,2016-05-18,"17_50"
"696",696,"ZRGUF00","瑞光路    民權東路-陽光街",29.527779,6.4,36,1,121.583348953413,25.0696270248052,121.580784016705,25.0721549896682,2016-05-18,"17_50"
"697",697,"ZRLUA20","瑞光路    港墘路-陽光街",16.126984,26.2,69,1,121.575419950873,25.076058008818,121.579185993159,25.0737239793243,2016-05-18,"17_50"
"698",698,"ZS6TI00","瑞光路    陽光街-港墘路",33.36,7.6,28.5,0,121.576941978354,25.0751140015776,121.575419950873,25.076058008818,2016-05-18,"17_50"
"699",699,"ZS9TE20","瑞光路    基湖路-港墘路",33.173077,10.4,54.5,0,121.572759036003,25.0773240048015,121.574925973856,25.0763489994483,2016-05-18,"17_50"
"700",700,"ZSNRE00","瑞光路    港墘路-基湖路",40.76923,7.8,42,0,121.572759036003,25.0773240048015,121.567487043713,25.079736043713,2016-05-18,"17_50"
"701",701,"ZGQDF40","萬大路    莒光路-西藏路",28.37931,9.5,30,1,121.500521983662,25.0302869935773,121.500537976666,25.0293929749052,2016-05-18,"17_50"
"702",702,"ZH6DG00","萬大路    西藏路-莒光路",41.42857,5.8,30,0,121.500521983662,25.0302869935773,121.500584951897,25.0311530298818,2016-05-18,"17_50"
"703",703,"ZWLJQ20","中正路    文林路-雨農路",49.612904,9.6,162,0,121.527914004661,25.0957539877762,121.532081004957,25.0965149679756,2016-05-18,"17_50"
"704",704,"ZWLJQ60","福林路    至善路-雨農路",46.625,3.7,49,0,121.536465021284,25.0992169702622,121.532081004957,25.0965149679756,2016-05-18,"17_50"
"705",705,"ZX9KL00","福林路  雨農路-至善路",32.267242,13.9,120,0,121.532081004957,25.0965149679756,121.536465021284,25.0992169702622,2016-05-18,"17_50"
"706",706,"ZGBBW60","艋舺大道  西園路-西藏路",33.96748,8.533334,125,0,121.491412989636,25.0320320121273,121.493567010528,25.0304360140662,2016-05-18,"17_50"
"707",707,"ZH9H820","艋舺大道  西藏路-西園路",36.22222,9.8,154,0,121.517577958089,25.0307160052516,121.519077965172,25.0316040148366,2016-05-18,"17_50"
"708",708,"ZHPEB20","艋舺大道  西園路-和平西路",68.05882,0.9,17,0,121.502278002316,25.0331429837056,121.504857003723,25.0337749705175,2016-05-18,"17_50"
"709",709,"ZZLKH60","德行東路  忠誠路-東山路",27.571428,5.8,21,1,121.537643994892,25.1102899663973,121.535907038271,25.1100249627925,2016-05-18,"17_50"
"710",710,"ZRKQZ20","樂群一路  敬業三路-堤頂大道",44.27451,6.4,51,0,121.556333008992,25.0770699600733,121.563198032993,25.0760600169591,2016-05-18,"17_50"
"711",711,"ZSDPM60","樂群一路  堤頂大道-敬業三路",70,1,17,0,121.563198032993,25.0760600169591,121.556333008992,25.0770699600733,2016-05-18,"17_50"
"712",712,"Z1NQM40","興隆路    木柵路-木新路",51.46154,1.4,13,0,121.56015395749,24.9887250125052,121.560907970987,24.9866280101785,2016-05-18,"17_50"
"713",713,"Z1VQH00","興隆路    木新路-木柵路",69.15385,1,13,0,121.560907970987,24.9866280101785,121.56015395749,24.9887250125052,2016-05-18,"17_50"
"714",714,"ZKLLH40","龍江路    南京東路-八德路",30.340425,20.6,49.5,0,121.540416005287,25.0482930031654,121.540507984494,25.0467130279066,2016-05-18,"17_50"
"715",715,"ZLQLI00","龍江路    八德路-南京東路",32.785713,23.4,29.5,0,121.540416005287,25.0482930031654,121.540450964514,25.0519040106691,2016-05-18,"17_50"
"716",716,"ZLQLI40","龍江路    民生東路-南京東路",26.678572,4.8,28.5,0,121.540503002328,25.0546399550223,121.540450964514,25.0519040106691,2016-05-18,"17_50"
"717",717,"ZMZLI00","龍江路    南京東路-民生東路",29.589743,6.6,39.5,0,121.540548959927,25.0561019717132,121.540695002758,25.057808013133,2016-05-18,"17_50"
"718",718,"ZNZLJ40","龍江路    民族東路-民權東路",37.89394,14.2,70,0,121.540932009273,25.064270962134,121.540832956369,25.0621860248392,2016-05-18,"17_50"
"719",719,"ZQDLJ00","龍江路    民權東路-民族東路",39.08,6.2,28.5,0,121.540968999086,25.0659680093312,121.541008015539,25.0680809705608,2016-05-18,"17_50"
"720",720,"ZJJIA20","濟南路    中山北路-杭州南路",43.6875,3.8,17,0,121.522650962936,25.0423980324317,121.524412994634,25.0419860111556,2016-05-18,"17_50"
"721",721,"ZJMHU60","濟南路    杭州南路-中山南路",40.136364,4.4,22.5,0,121.524412994634,25.0419860111556,121.522650962936,25.0423980324317,2016-05-18,"17_50"
"722",722,"ZHPBV00","環河南路  雙園街-和平西路",39.18182,3.4,22,0,121.492139966366,25.0328610069458,121.493064999479,25.0338780288592,2016-05-18,"17_50"
"723",723,"ZQGF700","環河北路  民權西路-民族西路",51.83978,7.9333334,182,0,121.508455007197,25.0604770203252,121.509152959755,25.0686990238915,2016-05-18,"17_50"
"724",724,"ZR9F600","環河北路  民族西路-敦煌路",65.24,2.5333333,76.5,0,121.509152959755,25.0686990238915,121.509138014824,25.0721570054014,2016-05-18,"17_50"
"725",725,"ZU8EF00","環河北路  敦煌路-葫蘆街",42.91623,13.333334,194,0,121.508831954395,25.0750200412149,121.505624988292,25.0856570244771,2016-05-18,"17_50"
"726",726,"ZU8EF40","環河北路  葫蘆街-敦煌路",58.9863,5.3125,146,1,121.544695970665,24.9963479680919,121.505624988292,25.0856570244771,2016-05-18,"17_50"
"727",727,"ZPRT940","舊宗路    陽光街-民權東路",42.875,4.6,44,0,121.574644036603,25.0689740335339,121.575064013549,25.0657049909227,2016-05-18,"17_50"
"728",728,"ZQRTE00","舊宗路    民權東路-陽光街",35.288136,24.7,125,0,121.578439034048,25.0666849612812,121.57402397479,25.0722359933133,2016-05-18,"17_50"
"729",729,"ZRPSV70","舊宗路    陽光街-港墘路",31.89394,13.4,71.5,0,121.573532983041,25.0730589879242,121.573104990119,25.0727450219422,2016-05-18,"17_50"
"730",730,"Z1XLD00","羅斯福六段　　338巷(往北)",47.704544,23.866667,223.5,0,121.539627994258,24.9884039846149,121.539593023896,24.9893789696449,2016-05-18,"17_50"
"731",731,"Z2KLN40","羅斯福路  景隆街-景中路",29.988636,6.7333336,90.5,0,121.540895038682,24.9971659705988,121.541157029211,24.9959370121235,2016-05-18,"17_50"
"732",732,"Z2TLL00","羅斯福路  景中街-景隆街",42.583332,5.333333,88.5,0,121.541157029211,24.9959370121235,121.540895038682,24.9971659705988,2016-05-18,"17_50"
"733",733,"Z2WKS40","羅斯福路  興隆路-景隆街",40.59542,14.866667,141,0,121.539572010853,25.0004930345653,121.539924954984,24.9996249638555,2016-05-18,"17_50"
"734",734,"ZB9L800","羅斯福路  景隆街-興隆路",34.2193,10.583334,119.5,0,121.538875976488,25.0021749689403,121.538777027579,25.0043600422202,2016-05-18,"17_50"
"735",735,"ZCPKT00","基隆路    羅斯福路-台科大",30.280254,25.1,173,1,121.538218048803,25.0079910080027,121.537151963996,25.0111190411723,2016-05-18,"17_50"
"736",736,"ZCPKT40","羅斯福路  新生南路-舟山路",33.261192,5.35,144.5,0,121.615421998675,25.045238998741,121.537151963996,25.0111190411723,2016-05-18,"17_50"
"737",737,"ZDTJW00","羅斯福路  舟山路-新生南路",36.292683,6.533334,92,0,121.615421998675,25.045238998741,121.532676048938,25.0163530294391,2016-05-18,"17_50"
"738",738,"ZELJA00","羅斯福路  新生南路-辛亥路",39.93651,4.0666666,66.5,0,121.530653955262,25.0182920047246,121.529263036135,25.0196959585062,2016-05-18,"17_50"
"739",739,"ZEVIV40","羅斯福路  和平東路-辛亥路",29.798246,14.8,132,1,121.526321019366,25.0222799558399,121.528019016897,25.0208199577727,2016-05-18,"17_50"
"740",740,"ZG9HT00","羅斯福路  辛亥路-和平東路",41.133335,5.666667,93.5,0,121.524447024164,25.0243270217011,121.522427026731,25.027032997263,2016-05-18,"17_50"
"741",741,"ZG9HT40","羅斯福路  愛國西路-和平東路",35.975727,23.999998,235.5,0,121.521698026325,25.0280380386735,121.522427026731,25.027032997263,2016-05-18,"17_50"
"742",742,"ZGTHG00","羅斯福路  和平東路-愛國東路",38.17857,6.416667,85,0,121.521698026325,25.0280380386735,121.520388040963,25.0298390434143,2016-05-18,"17_50"
"743",743,"Z1VJK40","環河路   二號疏散門-秀朗大橋(往南)",61.59406,8.533333,205.5,0,121.535720023976,24.9956970399229,121.530923048693,24.9888780366807,2016-05-18,"17_50"
"744",744,"Z2ASP40","木柵路    萬芳路-秀明路",42.363636,5.8,35,0,121.571743015186,24.9948559781927,121.571124042016,24.9916540118031,2016-05-18,"17_50"
"745",745,"Z2XTE40","木柵路    北二高-萬芳路",44.28125,5,34,0,121.575677996718,24.9995900320669,121.574570982811,24.9981499979952,2016-05-18,"17_50"
"746",746,"Z56BU20","大度路    模構溪-貴子坑溪",49.08597,4.5333333,221.5,0,121.471406959474,25.122847008826,121.486079991891,25.121852037788,2016-05-18,"17_50"
"747",747,"Z56BU21","大度路    立德路-模構溪",55.135136,5.4,267,0,121.471406959474,25.122847008826,121.486079991891,25.121852037788,2016-05-18,"17_50"
"748",748,"Z9FKW40","竹子湖路 頂湖路口-湖田國小",39,1.6666666,4,0,121.538266991863,25.1739609595096,121.538424992067,25.1704069966872,2016-05-18,"17_50"
"749",749,"Z9FLB00","陽金公路　　　第二停車場-竹子湖派出所",56.6,1.3333334,5,0,121.545945950784,25.1554710113384,121.540059043383,25.1702439582841,2016-05-18,"17_50"
"750",750,"ZAAPB40","辛亥路    興隆路-懷恩隧道",44.491524,6.2,59.5,0,121.554592045127,25.0008260047598,121.554082978219,24.9998619843972,2016-05-18,"17_50"
"751",751,"ZCCKW00","羅斯福路五段 興隆路一段-汀洲路四段",42.554947,7.85,192,0,121.538777027579,25.0043600422202,121.538218048803,25.0079910080027,2016-05-18,"17_50"
"752",752,"ZD9JF40","思源街    汀州路-永福橋",64.6,3,33,0,121.532225011006,25.0150820419637,121.530037960063,25.013373970355,2016-05-18,"17_50"
"753",753,"ZDTJT00","水源快 永春300巷-水源33巷",56.944443,2.4,36,0,121.525982952687,25.0150499941485,121.523984392375,25.0181323884863,2016-05-18,"17_50"
"754",754,"ZE7GH40","水源快 泉州街-中正橋",48.652172,3.4,23.5,0,121.512337036562,25.024008036655,121.515554967994,25.0176109602662,2016-05-18,"17_50"
"755",755,"ZEGCQ40","華中橋(往南)",38.74576,3.7,66.5,0,121.497297962507,25.0193920120634,121.495672046971,25.0167069648863,2016-05-18,"17_50"
"756",756,"ZGIA660","萬板橋入城",51.4,1.875,31,0,121.491765969925,25.0287539942334,121.48351202909,25.0284549768819,2016-05-18,"17_50"
"757",757,"ZGKBM20","萬板橋出城",65.23189,5.3,72.5,0,121.48351202909,25.0284549768819,121.491765969925,25.0287539942334,2016-05-18,"17_50"
"758",758,"ZGNEB00","中華路    泉州街-和平西路",25.666666,10.6,43,0,121.505894026742,25.0280020254308,121.504797970319,25.0291800395642,2016-05-18,"17_50"
"759",759,"ZHHDF40","康定路    桂林路-艋舺大道",45.1,2.3333333,10,0,121.501225987764,25.0352050366073,121.500523024255,25.0328149544301,2016-05-18,"17_50"
"760",760,"ZHHDF60","艋舺大道  和平西路-西園路",42.478874,8.25,71,0,121.502278002316,25.0331429837056,121.500523024255,25.0328149544301,2016-05-18,"17_50"
"761",761,"ZHMKV20","信義路三段 新生-建國",34.68,0.9333334,28.5,0,121.532731042103,25.0335689678089,121.537689951598,25.0334560434664,2016-05-18,"17_50"
"762",762,"ZHSIP20","信義路二段 杭州南路一段-金山南路一段",49.44578,4,83.5,0,121.532731042103,25.0335689678089,121.52675898022,25.0342589664573,2016-05-18,"17_50"
"763",763,"ZIPIZ00","金山南路  信義路-仁愛路",28.209877,26.4,88.5,0,121.527272972601,25.0340489558628,121.528340969147,25.0382519822543,2016-05-18,"17_50"
"764",764,"ZJFQQ00","忠孝東　逸仙路(往北)",36.27481,17.3,155,0,121.561506001618,25.0375530161359,121.561582048975,25.0412180286531,2016-05-18,"17_50"
"765",765,"ZJGPQ40","敦化南路  南京東路-市民大道",52.625,3.125,34,0,121.548917990989,25.0481810293354,121.548883040402,25.0448050256844,2016-05-18,"17_50"
"766",766,"ZKGKP60","八德路    復興北路-建國北路",32.57143,6.6,42,0,121.540507984494,25.0467130279066,121.536660023401,25.0460589913958,2016-05-18,"17_50"
"767",767,"ZLKSH00","環東大道 南京東-永吉(往市民大道)",62.20767,11.133333,319.5,0,121.569388952581,25.049394985048,121.570635997613,25.0510870184925,2016-05-18,"17_50"
"768",768,"ZLKSH01","環東大道 南京東-永吉(下基隆路車道)",55.244755,22,148,0,121.569388952581,25.049394985048,121.570635997613,25.0510870184925,2016-05-18,"17_50"
"769",769,"ZMEKQ20","長春路    松江路-建國北路",49,1,4.5,0,121.534823975309,25.0547690306678,121.536845962901,25.0547340197055,2016-05-18,"17_50"
"770",770,"ZMGXG40","向陽路    南京東路-重陽路",52.37838,10.1,124,0,121.5927380079,25.0617350311717,121.594905003222,25.0548470311376,2016-05-18,"17_50"
"771",771,"ZMGXG60","重陽路    興華路-向陽路",34.8,5.8,27,0,121.598270998839,25.0562240026668,121.594905003222,25.0548470311376,2016-05-18,"17_50"
"772",772,"ZN5KR00","建國北路  南京東路-民生東路",29.016949,17.8,128,0,121.536882030345,25.0561880388567,121.536919039933,25.057858005413,2016-05-18,"17_50"
"773",773,"ZN5KR20","民生東路  松江路-建國北路",34.820374,33.26667,417,0,121.53313299757,25.0579159728731,121.536919039933,25.057858005413,2016-05-18,"17_50"
"774",774,"ZN5KR60","民生東路  龍江路-建國北路",44.87838,3.2,74,0,121.539168991943,25.0578130194978,121.536919039933,25.057858005413,2016-05-18,"17_50"
"775",775,"ZNE4D00","三重路    南港路-重陽路",45.3,1.4,10,0,121.613990028591,25.0561510020384,121.614202995377,25.0590299560764,2016-05-18,"17_50"
"776",776,"ZNES640","塔悠路    民權東路-民生東路",56.09756,3.1,42.5,0,121.566393042917,25.0617389986567,121.56842301712,25.0592030345056,2016-05-18,"17_50"
"777",777,"ZNES900","塔悠路    南京東路-民生東路",39.61111,3.9333336,72.5,0,121.569336036624,25.0573130410427,121.568987952517,25.0592009613265,2016-05-18,"17_50"
"778",778,"ZPBEX40","環河北路  民族西路-民權西路",47.23256,6.7,129.5,0,121.509152959755,25.0686990238915,121.508408030157,25.06338404172,2016-05-18,"17_50"
"779",779,"ZPBTD70","舊宗一路 新湖三路-新湖二路",45.51852,4.3,110,0,121.578010563984,25.0617465942066,121.57673898964,25.0634769719204,2016-05-18,"17_50"
"780",780,"ZRCM940","北安路　　大直橋(往南)",56.219513,4.5999994,123,0,121.544439045382,25.0797320109504,121.54394103146,25.0723759943564,2016-05-18,"17_50"
"781",781,"ZRNIF00","中山北路三段 酒泉街-新生北路三段",53.990475,3.2,107,0,121.523484986936,25.0706980075331,121.52537896751,25.0742620007958,2016-05-18,"17_50"
"782",782,"ZRNIF40","中山北   圓山隧道(往南)",49.15238,8.75,218,0,121.524396034032,25.0797770077648,121.52537896751,25.0742620007958,2016-05-18,"17_50"
"783",783,"ZS7SN60","堤頂大道二段 基湖路-堤頂大道二段246巷",62.397728,5.5,91,0,121.56434000264,25.0786830098929,121.568615951823,25.0773579907238,2016-05-18,"17_50"
"784",784,"ZSHZU60","康寧路至康湖路",44.475,2.2,45,0,121.606728971073,25.0815539591478,121.60709802556,25.0775119867938,2016-05-18,"17_50"
"785",785,"ZSMQQ40","堤頂大道  內湖路-樂群二路",53.153847,1.7,26,0,121.560798025759,25.0844919629128,121.562681985922,25.0802690253066,2016-05-18,"17_50"
"786",786,"ZSNVA60","內湖路二段66巷至文德路(往西)",35.23256,12.25,48.5,0,121.581201016291,25.0784730419353,121.578872007996,25.0785819934189,2016-05-18,"17_50"
"787",787,"ZSQVZ20","文德路101巷至220巷(往東)",50.123077,4.1,66.5,0,121.583618987703,25.0785000267399,121.588001994132,25.0787989772924,2016-05-18,"17_50"
"788",788,"ZSSWC60","文德路　成功路(往西)",38.753624,6.4,74.5,0,121.590956045347,25.0807640102294,121.588795956516,25.0789939938149,2016-05-18,"17_50"
"789",789,"ZSVMA00","濱江街　　大直橋(往北)",57.48,1.4,50,0,121.54394103146,25.0723759943564,121.544439045382,25.0797320109504,2016-05-18,"17_50"
"790",790,"ZSXTK20","內湖路一段629巷至港墘路(往東)",37.4,6,81,0,121.574458952193,25.0803140070887,121.575813981766,25.0798309947066,2016-05-18,"17_50"
"791",791,"ZT6HS40","後港街 承德路(往南)",49.52174,1.4166667,23.5,0,121.5231270065,25.0821649794345,121.522416987497,25.0807320219209,2016-05-18,"17_50"
"792",792,"ZT8SZ60","內湖路一段洲子街至591巷(往西)",34.783783,7.2,77.5,0,121.574141993349,25.080432958623,121.573151968088,25.080771001613,2016-05-18,"17_50"
"793",793,"ZTHRR20","內湖一段二八五(往東)",43.34884,6.4,88.5,0,121.565517009718,25.0823620446203,121.566873977606,25.0821579806827,2016-05-18,"17_50"
"794",794,"ZTWD760","重陽大橋 延平北路六段-重陽橋 ",61.18182,7.5,144.5,0,121.505624988292,25.0856570244771,121.499370989401,25.084592036831,2016-05-18,"17_50"
"795",795,"ZTXQJ20","內湖路一段文湖路至91巷(往東)",37.66013,9.533334,158.5,0,121.559698043141,25.0849069801418,121.560812033407,25.0845420153818,2016-05-18,"17_50"
"796",796,"ZTYXQ60","成功路五段324巷至420巷(往西)",38.34694,4.2,51,0,121.598776038888,25.0846779763565,121.596515044747,25.0844610221507,2016-05-18,"17_50"
"797",797,"ZTZY920","成功四段三二四(往東)",24.547619,13.8,46.5,0,121.595224987996,25.0841869673208,121.598776038888,25.0846779763565,2016-05-18,"17_50"
"798",798,"ZU5QC60","內湖路一段91巷至文湖路(往西)",29.130434,0.45,23.5,0,121.560812033407,25.0845420153818,121.559698043141,25.0849069801418,2016-05-18,"17_50"
"799",799,"ZU8P760","北安路 劍南路-敬業三路",48.97826,7.95,186.5,0,121.556317982132,25.0846900178608,121.553911974051,25.0853220410784,2016-05-18,"17_50"
"800",800,"ZUIFC60","百齡橋 通河東街一段-重陽橋",47.49291,15,299,0,121.515487974394,25.090281016709,121.510577042701,25.0870570201792,2016-05-18,"17_50"
"801",801,"ZV9GE20","百齡橋 重陽橋-通河東街一段",33.045113,20.05,278.5,0,121.510577042701,25.0870570201792,121.515487974394,25.090281016709,2016-05-18,"17_50"
"802",802,"ZV9IT40","中山北路  中正路-小北街",25.042553,9.5,94,1,121.528014004153,25.0937130284284,121.527473957656,25.0902389796397,2016-05-18,"17_50"
"803",803,"ZWVFW00","承德路    中正路-洲美路",52.45238,6.25,84.5,0,121.514055017166,25.0959740116679,121.513357991724,25.0976729730527,2016-05-18,"17_50"
"804",804,"ZYQKQ70","仰德大道二段　2巷(嶺頭山莊)(往西)",40.263157,3.2,19,0,121.539758042194,25.1018589858249,121.537158956528,25.1060750183634,2016-05-18,"17_50"
"805",805,"ZZKPR60","至善路    中社路-至善路",46.291668,3.2,24,0,121.5586820184,25.1119720174553,121.557154982438,25.1098199874148,2016-05-18,"17_50"
