"","_id","SectionId","SectionName","AvgSpd","AvgOcc","TotalVol","MOELevel","StartWgsX","StartWgsY","EndWgsX","EndWgsY","date","time"
"1",1,"Z0111C0","市高往東  環河中華",58.25,3.2,32,0,121.506955002167,25.0499479957493,121.507057986923,25.0504089798186,2016-05-13,"04_15"
"2",2,"Z0120C0","市高往東  中華承德",68.731705,2.6,42.5,1,121.507057986923,25.0504089798186,121.514669994797,25.0488470329132,2016-05-13,"04_15"
"3",3,"Z0130A0","市高往東  承德中山",74.608696,1.3999999,46,0,121.514669994797,25.0488470329132,121.530466977389,25.0458740396192,2016-05-13,"04_15"
"4",4,"Z0130A1","市高往東  中山林森",77.844444,1.1333333,45,0,121.514669994797,25.0488470329132,121.530466977389,25.0458740396192,2016-05-13,"04_15"
"5",5,"Z0140C0","市高往東  新生建國",78.96774,1.2,31,0,121.530466977389,25.0458740396192,121.536157036992,25.0443180284222,2016-05-13,"04_15"
"6",6,"Z0140C1","市高往東  建國復興",70.62857,1.4,35,0,121.530466977389,25.0458740396192,121.536157036992,25.0443180284222,2016-05-13,"04_15"
"7",7,"Z0150C0","市高往東  復興敦化",76.26087,1.4,46,0,121.536157036992,25.0443180284222,121.557631047561,25.0447609827095,2016-05-13,"04_15"
"8",8,"Z0150C1","市高往東  敦化上方",67.02564,0.4,45.5,0,121.536157036992,25.0443180284222,121.557631047561,25.0447609827095,2016-05-13,"04_15"
"9",9,"Z0150C2","市高往東  敦化延吉",71.88571,1.2666667,35,0,121.536157036992,25.0443180284222,121.557631047561,25.0447609827095,2016-05-13,"04_15"
"10",10,"Z0160C0","市高往東  延吉永吉",77,1,23,0,121.557631047561,25.0447609827095,121.569229955283,25.0455460393449,2016-05-13,"04_15"
"11",11,"Z0380F0","正氣橋  麥一市民",72.333336,0.5,3,0,121.569772042499,25.0461890146634,121.569771009262,25.0459439976653,2016-05-13,"04_15"
"12",12,"Z0390G0","市高往西  永吉光復",72.911766,1.3,34,0,121.569771009262,25.0459439976653,121.567512021271,25.0458909827904,2016-05-13,"04_15"
"13",13,"Z03A0G1","市高往西  光復延吉",76.5,1.6,42,0,121.567512021271,25.0458909827904,121.557667048171,25.0454680148637,2016-05-13,"04_15"
"14",14,"Z03B0G0","市高往西  延吉復興",86.854164,0.8,48,0,121.557667048171,25.0454680148637,121.536126020332,25.0450250384754,2016-05-13,"04_15"
"15",15,"Z03C0G0","市高往西  復興建國",67.638885,1.8,38.5,0,121.536126020332,25.0450250384754,121.530571036066,25.0465189949323,2016-05-13,"04_15"
"16",16,"Z03C0G1","市高往西  建國新生",78.29412,1.3,34,0,121.536126020332,25.0450250384754,121.530571036066,25.0465189949323,2016-05-13,"04_15"
"17",17,"Z03D0G0","市高往西  新生林森",62.60606,0.2,34,1,121.530571036066,25.0465189949323,121.515177951736,25.0495210244858,2016-05-13,"04_15"
"18",18,"Z03D0G1","市高往西  林森中山",73.5,1.3333334,46,1,121.530571036066,25.0465189949323,121.515177951736,25.0495210244858,2016-05-13,"04_15"
"19",19,"Z03E0G0","市高往西  承德重慶",74.16,1.7,50,1,121.515177951736,25.0495210244858,121.507228991091,25.0510220354424,2016-05-13,"04_15"
"20",20,"Z03E0G1","市高往西  重慶中華",70.541664,1.6,48,0,121.515177951736,25.0495210244858,121.507228991091,25.0510220354424,2016-05-13,"04_15"
"21",21,"Z5062G0","市高往西  中華環河",57,2,20,0,121.507228991091,25.0510220354424,121.497868957546,25.0400649616175,2016-05-13,"04_15"
"22",22,"Z1001B0","建國快往北 辛亥高架接建高",99.052635,0.6,19,0,121.536995038696,25.0228289705983,121.53770600753,25.0229289599307,2016-05-13,"04_15"
"23",23,"Z1010A0","建國快往北 辛亥信義",81.86667,1.1333333,34,0,121.53770600753,25.0229289599307,121.53806600958,25.0355689692847,2016-05-13,"04_15"
"24",24,"Z1010A1","建國快往北 和平信義",88.82143,0.7333333,31.5,0,121.53770600753,25.0229289599307,121.53806600958,25.0355689692847,2016-05-13,"04_15"
"25",25,"Z1011A0","建國快往北 信義路上匝道",57.833332,1,6,0,121.537818032218,25.0344000079271,121.53806600958,25.0355689692847,2016-05-13,"04_15"
"26",26,"Z1020A0","建國快往北 信義仁愛",68.16,1,25,0,121.53806600958,25.0355689692847,121.537962958846,25.0357070206232,2016-05-13,"04_15"
"27",27,"Z1030A0","建國快往北 仁愛忠孝",64.14286,1.2666667,28.5,0,121.537962958846,25.0357070206232,121.53712002298,25.0420240374186,2016-05-13,"04_15"
"28",28,"Z1040A0","建國快往北 忠孝長安",86.02273,1.5999999,56,0,121.53712002298,25.0420240374186,121.536836031321,25.0460820090283,2016-05-13,"04_15"
"29",29,"Z1050A0","建國快往北 南京東路",82.645164,0.26666668,32.5,0,121.537031988413,25.0497290015224,121.536885031022,25.0495280262993,2016-05-13,"04_15"
"30",30,"Z1060A0","建國快往北 南京民權",78.411766,1.2666667,37,0,121.536885031022,25.0495280262993,121.537105027258,25.061757993861,2016-05-13,"04_15"
"31",31,"Z1070A0","建國快往北 民權民族",79.935486,1.7,36,0,121.537105027258,25.061757993861,121.534361045097,25.0672949565866,2016-05-13,"04_15"
"32",32,"Z1080A0","建國快往北 民族濱江",98,0,4,0,121.534361045097,25.0672949565866,121.533422973875,25.0689429692608,2016-05-13,"04_15"
"33",33,"Z10D2A0","建國快往北 民權東路下匝道",60.333332,1.2,9,0,121.537105027258,25.061757993861,121.537488045992,25.06147096043,2016-05-13,"04_15"
"34",34,"Z10E2A0","建國快往北 南京東路下匝道",69.125,0.6,8,0,121.537031988413,25.0497290015224,121.537171960091,25.050782973455,2016-05-13,"04_15"
"35",35,"Z1210E0","建國快往南 濱江民權",65.12,1.7,25.5,0,121.533418991878,25.0689390112276,121.53435399476,25.0672920027059,2016-05-13,"04_15"
"36",36,"Z1220E0","建國快往南 民權東路",70.82609,1.3,23,0,121.53435399476,25.0672920027059,121.536693985588,25.0612780140168,2016-05-13,"04_15"
"37",37,"Z1221E0","建國快往南 民權上匝道",42.285713,1.3333334,7,0,121.536437036293,25.0617689851535,121.536693985588,25.0612780140168,2016-05-13,"04_15"
"38",38,"Z1230E0","建國快往南 民權長春",81.74286,0.9333334,37,0,121.536693985588,25.0612780140168,121.536592989789,25.0533579739567,2016-05-13,"04_15"
"39",39,"Z1231E0","建國快往南 長春路上匝道",64.71429,0.4,7,0,121.536882030345,25.0561880388567,121.536592989789,25.0533579739567,2016-05-13,"04_15"
"40",40,"Z1240E0","建國快往南 長春長安",67.911766,2.2666667,34,0,121.536592989789,25.0533579739567,121.536352037032,25.0461559817578,2016-05-13,"04_15"
"41",41,"Z1241E0","建國快往南 長安東路上匝道",41,1.5,8,0,121.53670903176,25.0483700001353,121.536352037032,25.0461559817578,2016-05-13,"04_15"
"42",42,"Z1250E0","建國快往南 長安忠孝",85.416664,1.1333334,39,0,121.536352037032,25.0461559817578,121.536372990119,25.0430219911443,2016-05-13,"04_15"
"43",43,"Z1260E0","建國快往南 忠孝仁愛",80.21622,1.2,38,0,121.536372990119,25.0430219911443,121.537569973104,25.0395320152659,2016-05-13,"04_15"
"44",44,"Z1270E0","建國快往南 仁愛信義",81.4054,1.2,37.5,0,121.537569973104,25.0395320152659,121.537580011017,25.034604994102,2016-05-13,"04_15"
"45",45,"Z1280E0","建國快往南 信義和平",63.25,3.7,64.5,1,121.537580011017,25.034604994102,121.537365024448,25.0277679879518,2016-05-13,"04_15"
"46",46,"Z1290E0","建國快往南 和平辛亥",65.011765,5.4,95.5,0,121.537365024448,25.0277679879518,121.53728803944,25.0240599764049,2016-05-13,"04_15"
"47",47,"Z12B2E0","建國快往南 民權下匝道",66.57143,1.2,14,0,121.53435399476,25.0672920027059,121.535397954012,25.0655879895417,2016-05-13,"04_15"
"48",48,"Z12C2E0","建國快往南 忠孝東路下匝道",44.615383,0.75,15,0,121.536372990119,25.0430219911443,121.536485987571,25.0418200366026,2016-05-13,"04_15"
"49",49,"Z12D2E0","建國快往南 仁愛路下匝道",55.6,1.5,10,0,121.537569973104,25.0395320152659,121.537391996702,25.0387139928824,2016-05-13,"04_15"
"50",50,"Z12F2E0","建國快往南 和平東路下匝道",51,1,1,0,121.537365024448,25.0277679879518,121.536989035092,25.026846043666,2016-05-13,"04_15"
"51",51,"Z12G2E0","建國快往南 辛亥路下匝道",61,0.25,3,0,121.53728803944,25.0240599764049,121.53759697438,25.0222600110569,2016-05-13,"04_15"
"52",52,"Z2101B0","基隆快往東 水快上匝道",64,0.8,10,0,121.534551026926,25.0064900369957,121.530827029155,25.0209600054365,2016-05-13,"04_15"
"53",53,"Z2110C0","基隆快往東 水源辛亥",72.63636,0.875,11.5,0,121.530827029155,25.0209600054365,121.544666015207,25.0173669632625,2016-05-13,"04_15"
"54",54,"Z2120C0","基隆快往東 辛亥敦化",73.5,0.5,8,0,121.544666015207,25.0173669632625,121.547078966678,25.0194600254024,2016-05-13,"04_15"
"55",55,"Z2130C0","基隆快往東 敦化樂業",61.25,1.5,8,0,121.547078966678,25.0194600254024,121.550236016768,25.0223980319086,2016-05-13,"04_15"
"56",56,"ZEFM0C0","基隆快往東 辛亥下匝道",71.5,0,2,0,121.544666015207,25.0173669632625,121.546649048669,25.0191459845886,2016-05-13,"04_15"
"57",57,"ZEWN0C0","基隆快往東 敦化下匝道",51.25,1,4,0,121.547078966678,25.0194600254024,121.548697955585,25.0209529930949,2016-05-13,"04_15"
"58",58,"Z2310G0","基隆快往西 樂業敦化",69.78571,2,15.5,0,121.550230044874,25.022392005194,121.547075954271,25.0194510083942,2016-05-13,"04_15"
"59",59,"Z2311G0","基隆快往西 敦化上匝道",48,1,2,0,121.548697955585,25.0209529930949,121.547075954271,25.0194510083942,2016-05-13,"04_15"
"60",60,"Z2320G0","基隆快往西 敦化羅斯福",61.333332,1,3,0,121.547075954271,25.0194510083942,121.544658976273,25.0173659959567,2016-05-13,"04_15"
"61",61,"Z2321G0","基隆快往西 羅斯福路上匝道",120,0,1,0,121.540373965139,25.013833044365,121.544658976273,25.0173659959567,2016-05-13,"04_15"
"62",62,"Z2330G0","基隆快往西 羅斯福水源",75.42857,0.125,7,0,121.544658976273,25.0173659959567,121.530824034973,25.0209549603874,2016-05-13,"04_15"
"63",63,"Z3110C0","辛亥高架 汀州路地下道",50.608696,0.79999995,23,0,121.530689984473,25.0209799954032,121.533310973508,25.0225279642767,2016-05-13,"04_15"
"64",64,"Z3120C0","辛亥高架 泰順新生",76.36842,0.5,19.5,0,121.533310973508,25.0225279642767,121.535352972987,25.0225910440046,2016-05-13,"04_15"
"65",65,"Z3132C0","辛亥高架 辛亥路下匝道",68,0,1,0,121.535352972987,25.0225910440046,121.536995038696,25.0228289705983,2016-05-13,"04_15"
"66",66,"Z3310G0","辛亥高架 建高接辛高",67.47369,0.8,19.5,0,121.535665953559,25.022585041419,121.535348970526,25.0225820303175,2016-05-13,"04_15"
"67",67,"Z4010A0","水源快往北 中正路-景美",68.26316,0.75,19,0,121.537137968395,24.9900590035432,121.535866990787,24.995892962813,2016-05-13,"04_15"
"68",68,"Z4011A0","水源快往北 景美上匝道",30,2.75,13,1,121.539924954984,24.9996249638555,121.535866990787,24.995892962813,2016-05-13,"04_15"
"69",69,"Z4020A0","水源快往北 景美-基隆快",66.6,1.8666666,30.5,0,121.535866990787,24.995892962813,121.534551026926,25.0064900369957,2016-05-13,"04_15"
"70",70,"Z4031A0","水源快往北 福和橋上匝道",44,0,1,0,121.530617011823,25.0081510342297,121.53337597531,25.008194972905,2016-05-13,"04_15"
"71",71,"Z4040H0","水源快往北 福和橋-師大路",78.61539,0.7,13,0,121.53337597531,25.008194972905,121.522921040872,25.0203360131995,2016-05-13,"04_15"
"72",72,"Z4050G0","水源快往北 師大路-泉州街",53.95652,1.2,23,0,121.522921040872,25.0203360131995,121.512387014104,25.0242559571385,2016-05-13,"04_15"
"73",73,"Z4060G0","水源快往北 泉州街-青年路",51,1.3,16,1,121.512387014104,25.0242559571385,121.504085957724,25.0200459916201,2016-05-13,"04_15"
"74",74,"Z4070G0","水源快往北 青年路-萬大路",41.333332,1.7,15.5,0,121.504085957724,25.0200459916201,121.496988966074,25.0166209545364,2016-05-13,"04_15"
"75",75,"Z4080G0","水源快往北 華中橋",60,0.8,8.5,0,121.496988966074,25.0166209545364,121.493546960585,25.0188819622546,2016-05-13,"04_15"
"76",76,"Z4081G0","水源快往北 萬大路上匝道",62,0.625,18.5,0,121.495850997188,25.0170060123111,121.493546960585,25.0188819622546,2016-05-13,"04_15"
"77",77,"Z40A2G0","水源快往北 萬大路下匝道",48.88889,2.5,10.5,0,121.496988966074,25.0166209545364,121.495850997188,25.0170060123111,2016-05-13,"04_15"
"78",78,"Z2PK0E0","水源快往南 景美下匝道",63.625,1.25,8.5,0,121.535291969736,24.9960160097742,121.535838037846,24.996001043551,2016-05-13,"04_15"
"79",79,"Z4210D0","水源快往南 西園路-華中橋",80.67857,0.8,28,0,121.490670975297,25.0240550372173,121.494897959806,25.0165149868655,2016-05-13,"04_15"
"80",80,"Z4220D0","水源快往南 華中橋",61.88889,0.5,9,1,121.494897959806,25.0165149868655,121.49758002879,25.0160439753475,2016-05-13,"04_15"
"81",120,"Z6160C1","環東出城  彩虹經貿1",48.692307,1.5,16,1,121.584862988947,25.0586160247397,121.616541008175,25.0625849622717,2016-05-13,"04_15"
"82",81,"Z4250B0","水源快往南 富民街-泉州街",64.14286,0.6666666,21,0,121.500586041983,25.0174489562607,121.508575958881,25.0223029895734,2016-05-13,"04_15"
"83",82,"Z4280C0","水源快往南 中正橋-師大路",26.222221,4.4,21,2,121.517301026601,25.0212440410053,121.519818971223,25.0206189990961,2016-05-13,"04_15"
"84",83,"Z4290C0","水源快往南 師大路",38.733334,0.25,15.5,0,121.519818971223,25.0206189990961,121.52318904069,25.0190460360213,2016-05-13,"04_15"
"85",84,"Z42A0D0","水源快往南 師大路-永福橋",55.92857,1,14,0,121.52318904069,25.0190460360213,121.526604004471,25.0136400414621,2016-05-13,"04_15"
"86",85,"Z42B0D0","水源快往南 永福橋-基隆路",56.454544,0.75,11,1,121.526604004471,25.0136400414621,121.533012969887,25.0077350276523,2016-05-13,"04_15"
"87",86,"Z42B1D0","水源快往南 福和橋上匝道",33,1,1,0,121.530617011823,25.0081510342297,121.533012969887,25.0077350276523,2016-05-13,"04_15"
"88",87,"Z42B1E0","水源快往南 基高上匝道",73.588234,3,19.5,0,121.530824034973,25.0209549603874,121.533012969887,25.0077350276523,2016-05-13,"04_15"
"89",88,"Z42C0E0","水源快往南 基隆路-景美",80.882355,0.6666666,19,0,121.533012969887,25.0077350276523,121.535291969736,24.9960160097742,2016-05-13,"04_15"
"90",89,"Z42F2E0","水源快往南 泉州街下匝道",50.04762,2.8,21.5,0,121.508575958881,25.0223029895734,121.512416020795,25.0242259740788,2016-05-13,"04_15"
"91",90,"Z42I2E0","水源快往南 永福橋下匝道",51,1,2,0,121.526604004471,25.0136400414621,121.527920044784,25.0117400117055,2016-05-13,"04_15"
"92",91,"Z42K2C0","水源快往南 華中橋下匝道",78.22222,3,36.5,0,121.494897959806,25.0165149868655,121.495752005932,25.0165099750557,2016-05-13,"04_15"
"93",92,"Z0112A0","環河快往北 市民下匝道",49.130436,2.4,23,0,121.505632045463,25.0479460104869,121.507057986923,25.0504089798186,2016-05-13,"04_15"
"94",93,"Z5050A0","環河快往北 西園華江",67.541664,0.7333333,24.5,0,121.4909020335,25.0247749907051,121.491948992589,25.0363589545033,2016-05-13,"04_15"
"95",94,"Z5051A0","環河快往北 華江橋上匝道",43.916668,1.8,12,0,121.489444030584,25.0354040152171,121.491948992589,25.0363589545033,2016-05-13,"04_15"
"96",95,"Z5060B0","環河快往北 華江貴陽",72.206894,1.1,29.5,0,121.491948992589,25.0363589545033,121.497868957546,25.0400649616175,2016-05-13,"04_15"
"97",96,"Z5070A0","環河快往北 貴陽市民",82.64,0.73333335,25,0,121.497868957546,25.0400649616175,121.505632045463,25.0479460104869,2016-05-13,"04_15"
"98",97,"Z5070A1","環河快往北  貴陽市民",77.414635,1.5,41,0,121.497868957546,25.0400649616175,121.505632045463,25.0479460104869,2016-05-13,"04_15"
"99",98,"Z5080A0","環河快往北 市民民生",74.52941,0.2,17,0,121.505632045463,25.0479460104869,121.508492028217,25.0570309650365,2016-05-13,"04_15"
"100",99,"Z50B0A0","環河快往北 酒泉敦煌",47.458332,2.0666666,25,0,121.509256996901,25.0721649933788,121.508641013476,25.0767900150083,2016-05-13,"04_15"
"101",121,"Z6160C2","環東出城  彩虹經貿2",68.63636,0.8,11,0,121.584862988947,25.0586160247397,121.616541008175,25.0625849622717,2016-05-13,"04_15"
"102",100,"Z50C2A0","環河快往北 貴陽街下匝道",64.2,1,5,0,121.497868957546,25.0400649616175,121.497707968591,25.0394379567263,2016-05-13,"04_15"
"103",101,"Z5250E0","環河快往南 民生西-忠孝橋",63.785713,0.4,14,0,121.508490045987,25.0570549865263,121.506820022925,25.0520699678275,2016-05-13,"04_15"
"104",102,"Z5260E0","環河快往南 忠孝橋",70.75,1,20,0,121.506820022925,25.0520699678275,121.503459020046,25.0468649631992,2016-05-13,"04_15"
"105",103,"Z5261E0","環河快往南 忠孝橋上匝道",63.090908,1,11,0,121.504301011176,25.0499669605124,121.503459020046,25.0468649631992,2016-05-13,"04_15"
"106",104,"Z5261F0","環河快往南 市民上匝道",36.32143,2.8,28,0,121.507228991091,25.0510220354424,121.503459020046,25.0468649631992,2016-05-13,"04_15"
"107",105,"Z5270E0","環河快往南 忠孝橋-中興橋",57,0,1,0,121.503459020046,25.0468649631992,121.501675036559,25.0454489818402,2016-05-13,"04_15"
"108",106,"Z5280E0","環河快往南 中興橋",36.285713,1.5,7,0,121.501675036559,25.0454489818402,121.500127997034,25.0428969866014,2016-05-13,"04_15"
"109",107,"Z5290E0","環河快往南 中興橋-桂林路",69.71429,0.5,7,0,121.500127997034,25.0428969866014,121.495768980163,25.0390590284779,2016-05-13,"04_15"
"110",108,"Z52A0E0","環河快往南 桂林路-華江橋",55.714287,1.2,14,0,121.495768980163,25.0390590284779,121.491098012531,25.0361979990397,2016-05-13,"04_15"
"111",109,"Z52B0E0","環河快往南 華江橋",83.96722,1.9,61,0,121.491098012531,25.0361979990397,121.488941968621,25.0336170151409,2016-05-13,"04_15"
"112",110,"Z52B1E0","環河快往南 華江橋上匝道",45.1,2,10.5,0,121.489444030584,25.0354040152171,121.488941968621,25.0336170151409,2016-05-13,"04_15"
"113",111,"Z52C0E0","環河快往南 華江橋-西藏路",80.45946,1.1,37,0,121.488941968621,25.0336170151409,121.488264038685,25.0296530048539,2016-05-13,"04_15"
"114",112,"Z52C2E0","環河快往南 西藏路下匝道",37.894737,2.4,19,0,121.490064014881,25.0304020134316,121.488264038685,25.0296530048539,2016-05-13,"04_15"
"115",113,"Z52D0E0","環河快往南 西藏路-西園路",51.833332,1.8,18,0,121.488264038685,25.0296530048539,121.490514011287,25.0244009718354,2016-05-13,"04_15"
"116",114,"Z6120C0","環東出城　正氣橋",41.923077,1.8,33,1,121.568370994278,25.0472350435512,121.570605021905,25.0510110311818,2016-05-13,"04_15"
"117",115,"Z6130C0","環東出城　麥帥一橋",63.52941,1.1,17,0,121.570605021905,25.0510110311818,121.574926995873,25.0534200156251,2016-05-13,"04_15"
"118",116,"Z6140C0","環東出城　堤頂舊宗",51.4,0.6666667,5,1,121.574926995873,25.0534200156251,121.57748301202,25.0549450438494,2016-05-13,"04_15"
"119",117,"Z6150C0","環東出城　堤頂舊宗",80.27273,0.75,11,0,121.57748301202,25.0549450438494,121.584862988947,25.0586160247397,2016-05-13,"04_15"
"120",118,"Z6150C1","環東出城  堤頂舊宗",75,0.6,10,0,121.57748301202,25.0549450438494,121.584862988947,25.0586160247397,2016-05-13,"04_15"
"121",119,"Z6151C0","環東出城　舊宗匝道",38.75,3.5,4,1,121.56613702014,25.051338962847,121.584862988947,25.0586160247397,2016-05-13,"04_15"
"122",122,"Z6160C3","環東出城  彩虹經貿3",87.55556,0.6,9,0,121.584862988947,25.0586160247397,121.616541008175,25.0625849622717,2016-05-13,"04_15"
"123",123,"Z6160C4","環東出城  彩虹經貿4",75.416664,0,12,0,121.584862988947,25.0586160247397,121.616541008175,25.0625849622717,2016-05-13,"04_15"
"124",124,"Z6160C5","環東出城  彩虹經貿5",84,0.8,14,0,121.584862988947,25.0586160247397,121.616541008175,25.0625849622717,2016-05-13,"04_15"
"125",125,"Z6160C6","環東出城  彩虹經貿6",56.916668,0.875,12,1,121.584862988947,25.0586160247397,121.616541008175,25.0625849622717,2016-05-13,"04_15"
"126",126,"Z6160C7","環東出城  彩虹經貿7",51.666668,0.75,9,1,121.584862988947,25.0586160247397,121.616541008175,25.0625849622717,2016-05-13,"04_15"
"127",127,"Z6170C1","環東出城　南湖橋段1",67.875,0.625,8,0,121.616541008175,25.0625849622717,121.617806017444,25.0621700152228,2016-05-13,"04_15"
"128",128,"Z6171C0","環東出城　園區匝道",44.666668,1,3,1,121.506686988079,25.0504710048466,121.617806017444,25.0621700152228,2016-05-13,"04_15"
"129",129,"Z6180A0","環東出城　往國道三號",71,1,4,0,121.617806017444,25.0621700152228,121.619272988714,25.0611980022906,2016-05-13,"04_15"
"130",130,"Z6310G0","環東進城　前方",63.75,0.4166667,8,0,121.619543975639,25.0614559745982,121.616821033512,25.0628670066886,2016-05-13,"04_15"
"131",131,"Z6320G0","環東進城　經貿園區",73.333336,0.5,3,0,121.616821033512,25.0628670066886,121.616641022636,25.0629230055203,2016-05-13,"04_15"
"132",132,"Z6330G2","環東出城  經貿彩虹2",70.42857,0.625,7,0,121.616641022636,25.0629230055203,121.584602985496,25.0590689905561,2016-05-13,"04_15"
"133",133,"Z6330G3","環東出城  經貿彩虹3",77.42857,0.75,7,0,121.616641022636,25.0629230055203,121.584602985496,25.0590689905561,2016-05-13,"04_15"
"134",134,"Z6330G4","環東出城  經貿彩虹4",76.14286,0.6,7,0,121.616641022636,25.0629230055203,121.584602985496,25.0590689905561,2016-05-13,"04_15"
"135",135,"Z6330G5","環東出城  經貿彩虹5",76,0.625,7,0,121.616641022636,25.0629230055203,121.584602985496,25.0590689905561,2016-05-13,"04_15"
"136",136,"Z6330G6","環東出城  經貿彩虹6",68,0.8333333,7,0,121.616641022636,25.0629230055203,121.584602985496,25.0590689905561,2016-05-13,"04_15"
"137",137,"Z6330G7","環東出城  經貿彩虹7",60.333332,0.6666667,6,1,121.616641022636,25.0629230055203,121.584602985496,25.0590689905561,2016-05-13,"04_15"
"138",138,"Z6330G8","環東出城  經貿彩虹8",61,0.6,10,0,121.616641022636,25.0629230055203,121.584602985496,25.0590689905561,2016-05-13,"04_15"
"139",139,"Z6340G0","環東進城　舊宗新明",70.4,0.16666667,5,0,121.584602985496,25.0590689905561,121.577017014874,25.055012037314,2016-05-13,"04_15"
"140",140,"Z6350G0","環東進城  堤頂麥一",77.25,0.5,4,0,121.577017014874,25.055012037314,121.574868993047,25.0538609882666,2016-05-13,"04_15"
"141",141,"Z6360G0","環東進城　麥帥一橋",69.6,0.875,15,0,121.574868993047,25.0538609882666,121.570337952539,25.0515299950425,2016-05-13,"04_15"
"142",142,"Z6360G1","環東進城　麥帥一橋",58.53846,0.8,13,1,121.574868993047,25.0538609882666,121.570337952539,25.0515299950425,2016-05-13,"04_15"
"143",143,"Z6380E0","環東進城　永吉匝道",54.5,1,8,0,121.568211967079,25.0479089629847,121.566930011803,25.0458089733302,2016-05-13,"04_15"
"144",144,"Z7010A0","正氣橋出城接麥二橋",58.2,1,20,0,121.572381048053,25.0517659831681,121.572381048053,25.0517659831681,2016-05-13,"04_15"
"145",145,"Z7230E0","麥二正氣",60.666668,0.6666667,6,0,121.572381048053,25.0517659831681,121.536157036992,25.0443180284222,2016-05-13,"04_15"
"146",146,"Z8001H0","洲美往北　中正社中",71.46667,1.4666666,52,0,121.501322045006,25.0905279940405,121.506718964987,25.0840970372638,2016-05-13,"04_15"
"147",147,"Z8001H1","洲美往北  中正社中1",64.333336,1.2,41.5,0,121.501322045006,25.0905279940405,121.506718964987,25.0840970372638,2016-05-13,"04_15"
"148",148,"Z8010A0","洲美往北　社中通河",67.74074,1.2500001,30,0,121.506718964987,25.0840970372638,121.498530964268,25.0990859660389,2016-05-13,"04_15"
"149",149,"Z8010A2","洲美往北　跨河橋段",62.652172,0.4,23.5,0,121.506718964987,25.0840970372638,121.498530964268,25.0990859660389,2016-05-13,"04_15"
"150",150,"Z8020A0","洲美往北　福國路段",78.789474,0.8,19,0,121.498530964268,25.0990859660389,121.499175972166,25.1026189964555,2016-05-13,"04_15"
"151",151,"Z8030A0","洲美往北　焚化廠南",79.5,0.9333333,22,0,121.499175972166,25.1026189964555,121.499039991332,25.1065160441939,2016-05-13,"04_15"
"152",152,"Z8040A0","洲美往北　焚化廠北",90.333336,0.6,25,0,121.499039991332,25.1065160441939,121.493663023759,25.1217349827357,2016-05-13,"04_15"
"153",153,"Z8040A1","洲美往北   往大度",79.64286,0.2,15,0,121.499039991332,25.1065160441939,121.493663023759,25.1217349827357,2016-05-13,"04_15"
"154",154,"Z8050A0","洲美往北　大業匝道",79,0.5,3,0,121.493663023759,25.1217349827357,121.498706994097,25.1257360159759,2016-05-13,"04_15"
"155",155,"Z8211A0","洲美往南　大度匝道",63.07143,0.1,15.5,0,121.464409006352,25.12372703342,121.499415011407,25.1164069706791,2016-05-13,"04_15"
"156",156,"Z8220E1","洲美往南  焚化廠北",63.6,0.33333334,28,1,121.499415011407,25.1164069706791,121.499410028525,25.1162300382646,2016-05-13,"04_15"
"157",157,"Z8230E0","洲美往南　焚化廠南",78.94444,0.53333336,18,0,121.499410028525,25.1162300382646,121.498717979057,25.1023440083671,2016-05-13,"04_15"
"158",158,"Z8240E0","洲美往南　福國路段",74.65,0.8666667,20,0,121.498717979057,25.1023440083671,121.498122950903,25.0993239617516,2016-05-13,"04_15"
"159",159,"Z8250E0","洲美往南　跨河橋段",41.172726,1.5,128,0,121.498122950903,25.0993239617516,121.505457987033,25.0856429679772,2016-05-13,"04_15"
"160",160,"Z8250E2","洲美往南　通河社中",61.809525,0.4,22.5,0,121.498122950903,25.0993239617516,121.505457987033,25.0856429679772,2016-05-13,"04_15"
"161",161,"Z8260A0","環北往南　社中中正",67.2381,0.33333334,22.5,0,121.505457987033,25.0856429679772,121.507375025755,25.0814500272669,2016-05-13,"04_15"
"162",162,"Z9010A0","信快往北  木柵入口",77.5,0,2,0,121.576575015947,25.0001809673246,121.581303018416,25.0061379810342,2016-05-13,"04_15"
"163",163,"Z9011A0","E_I-N-EN1",83.25,1,4.5,0,121.582282989818,25.0046809888682,121.581303018416,25.0061379810342,2016-05-13,"04_15"
"164",164,"Z9030A0","信快往北 文山隧道",90.111115,0.13333334,9.5,0,121.581819044289,25.0080029688007,121.58007302298,25.0185520437394,2016-05-13,"04_15"
"165",165,"Z9040A0","信快往北  文山象山間",65.625,0,8,0,121.58007302298,25.0185520437394,121.576318004777,25.0215079894489,2016-05-13,"04_15"
"166",166,"Z9050A0","信快往北  象山隧道",88.22222,0.25,9,0,121.576318004777,25.0215079894489,121.573106996005,25.0306110259661,2016-05-13,"04_15"
"167",167,"Z9060A0","信快往北  象山出口",53.75,0.33333334,4,1,121.573106996005,25.0306110259661,121.57304703705,25.0323369694062,2016-05-13,"04_15"
"168",168,"ZGYS7A0","E_I-N-EX2",49.333332,0.75,3,0,121.57304703705,25.0323369694062,121.568318010097,25.0299530329774,2016-05-13,"04_15"
"169",169,"Z9201A0","E_I-S-EN2",51,1,2,1,121.574585031664,25.0329529736002,121.572957964431,25.0328939824679,2016-05-13,"04_15"
"170",170,"Z9211A0","信快往北  松仁匝道",40,0.55,16.5,1,121.568318010097,25.0299530329774,121.572483004907,25.0327419748003,2016-05-13,"04_15"
"171",171,"Z9230A0","信快往北  象山隧道",85.181816,0.25,11,0,121.572327042517,25.0308000093377,121.57589398737,25.0210529932084,2016-05-13,"04_15"
"172",172,"Z9240A0","信快往北  象山文山間",58.18182,0.5833334,14,0,121.57589398737,25.0210529932084,121.579738003233,25.0181450112202,2016-05-13,"04_15"
"173",173,"Z9250A0","信快往北  文山隧道",82.72727,0.44444445,11,0,121.579738003233,25.0181450112202,121.58125897475,25.0081889703121,2016-05-13,"04_15"
"174",174,"Z9260A0","信快往北  萬芳出口",51.5,0.8333334,17.5,1,121.58125897475,25.0081889703121,121.580423983686,25.0049820284797,2016-05-13,"04_15"
"175",175,"ZJTJ960","八德路    松江路-忠孝東路",53,1,1,0,121.532877004208,25.0443479756871,121.530008998433,25.0436089944644,2016-05-13,"04_15"
"176",176,"ZK5JW60","八德路    建國北路-新生北路",45,1,1,0,121.535606954197,25.045648042121,121.532877004208,25.0443479756871,2016-05-13,"04_15"
"177",177,"ZK7K820","八德路    新生南路-建國北路",40,1,1,0,121.532877004208,25.0443479756871,121.533978046748,25.0446509770139,2016-05-13,"04_15"
"178",178,"ZKLLH20","八德路    建國北路-復興北路",38.454544,1.125,13.5,0,121.536660023401,25.0460589913958,121.540507984494,25.0467130279066,2016-05-13,"04_15"
"179",179,"ZKRM820","八德路    敦化北路-復興北路",54,0.8333333,6.5,0,121.542154998418,25.0471219561995,121.543931037249,25.0475489915048,2016-05-13,"04_15"
"180",180,"ZKWNV20","八德路    敦化南路-光復南路",52.5,0.8333333,6,0,121.548917990989,25.0481810293354,121.552615002533,25.048185017375,2016-05-13,"04_15"
"181",181,"ZKWPX60","八德路    東興街?-光復北路",38.333332,1,3,0,121.558442020541,25.0482450205768,121.557817980928,25.0481839882944,2016-05-13,"04_15"
"182",182,"ZKZQW20","八德路    光復南路-東興街",41.5,1,2,0,121.560881987113,25.0484879813674,121.562665970558,25.048661976267,2016-05-13,"04_15"
"183",183,"ZL6RM20","八德路    基隆路-東興街",53,1,1,0,121.565481960656,25.0489490280874,121.566246026065,25.0490280018431,2016-05-13,"04_15"
"184",184,"ZL9SB20","八德路    東興街-基隆路",28,1,1,1,121.566246026065,25.0490280018431,121.569388952581,25.049394985048,2016-05-13,"04_15"
"185",185,"ZLDTB20","八德路    基隆路-東新街",36.166668,0.75,12.5,0,121.572285964123,25.0500069670554,121.574505013287,25.0499799840799,2016-05-13,"04_15"
"186",186,"ZLDTB60","八德路    東新街-基隆路",37.22222,0.6,10,0,121.575991993912,25.0500010388504,121.574505013287,25.0499799840799,2016-05-13,"04_15"
"187",187,"ZLNUW60","南港路    向陽路-東新街",58.142857,0.4166667,7,0,121.584267978293,25.0522529863072,121.582729010121,25.0516809679925,2016-05-13,"04_15"
"188",188,"ZMAR840","三民路    民生東路-南京東路",54,1,4,0,121.563595975985,25.0568559981804,121.563871020332,25.0541290298898,2016-05-13,"04_15"
"189",189,"ZMTR600","三民路    南京東路-民生東路",70,1,2,0,121.563871020332,25.0541290298898,121.563595975985,25.0568559981804,2016-05-13,"04_15"
"190",190,"ZP8QY00","三民路    民生東路-民權東路",42.5,1,2,0,121.563142983751,25.0618319799925,121.56305804233,25.0628079608207,2016-05-13,"04_15"
"191",191,"Z4ZD520","大度路    立德路-大業路",69.879036,3,131,0,121.493554980993,25.1214749744342,121.499800962679,25.1210930165618,2016-05-13,"04_15"
"192",192,"Z58AH60","大度路    模構溪-立德路",64.5,0.9333333,20,0,121.481430047917,25.1222009787626,121.471406959474,25.122847008826,2016-05-13,"04_15"
"193",193,"Z5AAF60","大度路    大業路-貴子坑溪",62.416668,7.2,225.5,0,121.486079991891,25.121852037788,121.466876988914,25.1232139811149,2016-05-13,"04_15"
"194",194,"Z5AAF61","大度路 貴水二溪-聖景路",83.22222,1.0666666,20,0,121.486079991891,25.121852037788,121.466876988914,25.1232139811149,2016-05-13,"04_15"
"195",195,"Z5B2R60","大度路    貴子坑溪-模構溪",58.294117,0.8,18.5,0,121.466876988914,25.1232139811149,121.481430047917,25.1222009787626,2016-05-13,"04_15"
"196",196,"Z7JCE40","大業路    中央北路-承德路",52.4,0.13333334,10,0,121.497173973346,25.1360519600889,121.496304977611,25.1345019669943,2016-05-13,"04_15"
"197",197,"Z3AIL00","中山北路  德行東路-士東路",41,0.75,3,0,121.525253015121,25.1087089734359,121.526529012548,25.112758021431,2016-05-13,"04_15"
"198",198,"Z4NJD00","中山北路  士東路-天母東路",59,1,2,0,121.528577048448,25.1163439672642,121.530083045652,25.1182429548424,2016-05-13,"04_15"
"199",199,"ZHWGD40","中山南路  仁愛路-愛國西路",42,0.5,2,0,121.517742001752,25.0392739842801,121.516464971111,25.0348820142513,2016-05-13,"04_15"
"200",200,"ZIVGU00","中山南路  愛國東路-信義路",53,0.8333333,6.5,0,121.516464971111,25.0348820142513,121.517742001752,25.0392739842801,2016-05-13,"04_15"
"201",201,"ZIVGU40","中山南路  忠孝西路-仁愛路",52.2,0.6666667,5,0,121.518155021069,25.0407080117975,121.517742001752,25.0392739842801,2016-05-13,"04_15"
"202",202,"ZKEHB00","中山南路  仁愛路-忠孝東路",37.25,1,4.5,0,121.519250950846,25.0444959843402,121.519582972501,25.0456320015231,2016-05-13,"04_15"
"203",203,"ZKEHB40","中山北路  長安西路-忠孝西路",45.444443,1.1666666,9,0,121.5203119583,25.0471550161381,121.519582972501,25.0456320015231,2016-05-13,"04_15"
"204",204,"ZLBHN00","中山北路  忠孝東路-長安東路",47.875,1.3333334,8.5,0,121.519250950846,25.0444959843402,121.521621966763,25.0498139771949,2016-05-13,"04_15"
"205",205,"ZLBHN40","中山北路  南京西路-長安西路",52.5,0.6666667,4,0,121.52257401473,25.0522299753826,121.521621966763,25.0498139771949,2016-05-13,"04_15"
"206",206,"ZLRHT00","中山北路  長安西路-南京東路",62,0.6666667,4.5,0,121.521621966763,25.0498139771949,121.52257401473,25.0522299753826,2016-05-13,"04_15"
"207",207,"ZLRHT40","中山北路　南京往南",57.53846,1.1,13.5,0,121.522713974682,25.0549919835593,121.52257401473,25.0522299753826,2016-05-13,"04_15"
"208",208,"ZN5HV00","民生東　中山北(往北)",51.666668,1,6,0,121.522713974682,25.0549919835593,121.522845004353,25.0578899846763,2016-05-13,"04_15"
"209",209,"ZNLHV00","中山北路  民權東路-錦州街",30,0.6666667,5,1,121.522845004353,25.0578899846763,121.522954993974,25.0603360232939,2016-05-13,"04_15"
"210",210,"ZP7HI40","中山北路  民族東路-民權東路",59.27778,1.1,18.5,0,121.522241006668,25.0648800135277,121.522608016415,25.0627480091243,2016-05-13,"04_15"
"211",211,"ZSVI900","中山北三段 北安路-中山北四段1巷",49,1,4,0,121.526876997522,25.0759860132315,121.524396034032,25.0797770077648,2016-05-13,"04_15"
"212",212,"ZSVI940","通河街　中山北(往南)",52.0625,1.3333334,16,0,121.525484975308,25.0841879571588,121.524396034032,25.0797770077648,2016-05-13,"04_15"
"213",213,"ZTTIF00","中山北路　劍潭往北",67,0.083333336,11,0,121.524396034032,25.0797770077648,121.525484975308,25.0841879571588,2016-05-13,"04_15"
"214",214,"ZTTIF40","中山北路  小北街-基河路",40.384617,1.25,13,0,121.525650020016,25.0857400139857,121.525484975308,25.0841879571588,2016-05-13,"04_15"
"215",215,"ZU5IF00","中山北路  基河路-小北街",49.125,1.3,17,0,121.525484975308,25.0841879571588,121.52718495366,25.0876670187764,2016-05-13,"04_15"
"216",216,"ZVYIV00","中山北路  小北街-中正路",41.666668,0.5,3,1,121.527473957656,25.0902389796397,121.528014004153,25.0937130284284,2016-05-13,"04_15"
"217",217,"ZYBIB00","中山北路  德行東路-忠誠路",50.666668,0.625,6,0,121.525543043736,25.1024700426213,121.52484602371,25.1040249679002,2016-05-13,"04_15"
"218",218,"ZYSIB00","中山北路  忠誠路-德行東路",59,0.5,2,0,121.52484602371,25.1040249679002,121.524896032415,25.1064259709129,2016-05-13,"04_15"
"219",219,"ZZLIE40","中山北路  天母東路-士東路",59,1,1,0,121.525253015121,25.1087089734359,121.525950049097,25.1116950429302,2016-05-13,"04_15"
"220",220,"ZZYII40","中山北路  士東路-德行東路",41,0.75,7.5,0,121.526529012548,25.112758021431,121.525253015121,25.1087089734359,2016-05-13,"04_15"
"221",221,"ZU8EF20","重陽大橋 重陽橋 -延平北路六段",67.05556,0.8666666,20.5,0,121.499370989401,25.084592036831,121.505624988292,25.0856570244771,2016-05-13,"04_15"
"222",222,"ZVEGK60","中正路    文林路-承德路",41.875,0.7,8,0,121.517704994726,25.0918079730647,121.516491996487,25.0910000387343,2016-05-13,"04_15"
"223",223,"ZW7HN20","中正路    承德路-文林路",41.3,1,10,0,121.52003199482,25.0933530172806,121.52189001497,25.0943849867539,2016-05-13,"04_15"
"224",224,"ZWGIV60","中正路    雨農路-文林路",57.857143,1,7,0,121.530285031655,25.0961960292212,121.527914004661,25.0957539877762,2016-05-13,"04_15"
"225",225,"ZG7EQ00","中華路    和平西路-水源路",42,1,5,0,121.508164027194,25.0258549787553,121.507077029818,25.0267439883943,2016-05-13,"04_15"
"226",226,"ZI9EM00","中華路    和平西路-愛國西路",22.076923,4.3,95.5,1,121.505301004035,25.03340303799,121.506630000043,25.0359989709198,2016-05-13,"04_15"
"227",227,"ZIKPW60","仁愛路光復往西",64.25,0,4,0,121.56042603886,25.0375930247427,121.557582024175,25.0376670102663,2016-05-13,"04_15"
"228",228,"ZIMNN60","仁愛路安和路往西",61.75,0,4,0,121.552935023966,25.0377569602288,121.551775004519,25.0377789671945,2016-05-13,"04_15"
"229",229,"ZINKW20","仁愛路    建國南路-新生南路",77.28571,0.4166667,8,0,121.53278995384,25.0381459966656,121.537882966645,25.0380649934768,2016-05-13,"04_15"
"230",230,"ZINLD60","仁愛路    復興南路-建國南路",51,0.33333334,2,0,121.543679972316,25.0379439557612,121.539974007135,25.0380210265144,2016-05-13,"04_15"
"231",231,"ZINM760","仁愛路    敦化南路-復興北路",61,1,1,0,121.546048040929,25.0378910351051,121.543679972316,25.0379439557612,2016-05-13,"04_15"
"232",232,"ZIPIZ60","金山南路  信義路-仁愛路",64.666664,0.5555556,6,0,121.52941104638,25.0382129641192,121.528340969147,25.0382519822543,2016-05-13,"04_15"
"233",233,"ZIPJA20","仁愛路    新生南路-金山南路",64,0.4166667,6.5,0,121.528340969147,25.0382519822543,121.52941104638,25.0382129641192,2016-05-13,"04_15"
"234",234,"ZIRHZ20","仁愛路    杭州南路-中山南路",43.666668,0,3.5,1,121.521595040537,25.0387639638472,121.523417010188,25.0385230073086,2016-05-13,"04_15"
"235",235,"ZV9IP40","文林路    中正路-基河路",49.333332,1,6,0,121.525956002142,25.0923389607966,121.527037041757,25.0902129967989,2016-05-13,"04_15"
"236",236,"ZY9H840","文林北路  承德路-德行西路",51.6,0.6666667,5.5,0,121.520752973895,25.1022339731109,121.519637009102,25.1032309691362,2016-05-13,"04_15"
"237",237,"ZYRGM00","文林北路  德行西路-承德路",44,0.6666667,4.5,0,121.520752973895,25.1022339731109,121.516615012448,25.1061029568463,2016-05-13,"04_15"
"238",238,"Z1NMM20","木柵路    興隆路-和興路",61,0.5,2,0,121.544016982749,24.9884689866207,121.545971014879,24.986728970597,2016-05-13,"04_15"
"239",239,"Z27SN20","木新路    興隆路-木柵路",34.5,1,2,0,121.568615035016,24.988909958163,121.570930960222,24.9907069825126,2016-05-13,"04_15"
"240",240,"Z2LSS20","木柵路    秀明路-萬芳路",57,0.25,6,0,121.569046007132,24.9987579698985,121.571743015186,24.9948559781927,2016-05-13,"04_15"
"241",241,"ZACTV20","木柵路    萬芳路-北二高",34,1,6,0,121.574570982811,24.9981499979952,121.575677996718,24.9995900320669,2016-05-13,"04_15"
"242",242,"ZAWVC20","木柵路    北二高-新光路",65,1,2,0,121.581921996822,25.0023919784946,121.583964992877,25.0029429905388,2016-05-13,"04_15"
"243",243,"Z1CRT60","木新路    木柵路-興隆路",30,1,2,0,121.56875002671,24.9839530093009,121.566735961769,24.9832559576,2016-05-13,"04_15"
"244",244,"ZSBID60","北安路    明水路-中山北路",70,1,3.5,0,121.537560952393,25.0777889720838,121.526876997522,25.0759860132315,2016-05-13,"04_15"
"245",245,"ZSJJX20","北安路    中山北路-明水路",53,1,1,0,121.529015999351,25.0777479915008,121.533200981536,25.0780399695584,2016-05-13,"04_15"
"246",246,"ZSWMR40","北安路    大直街-通北街",65,0.5,2,0,121.548179978795,25.0805040395406,121.547413975489,25.079874995817,2016-05-13,"04_15"
"247",247,"ZJGPQ20","市民大道  復興北路-敦化北路",43.285713,0.9,15,0,121.546218997063,25.0450760260571,121.548883040402,25.0448050256844,2016-05-13,"04_15"
"248",248,"ZK6L860","市民大道  敦化北路-建國北路",40.875,0.875,8,0,121.542381983637,25.0446300134924,121.539486992585,25.0444869867107,2016-05-13,"04_15"
"249",249,"ZK6NY60","市民大道  敦化北路-復興北路",38,1.1,10,0,121.556752972869,25.044929037857,121.553044027324,25.0445180305677,2016-05-13,"04_15"
"250",250,"ZK6P820","市民大道  敦化北路-光復北路",42.4,0.9,10,0,121.548883040402,25.0448050256844,121.553785987587,25.0441180322778,2016-05-13,"04_15"
"251",251,"ZK8LT20","市民大道  建國北路-復興北路",46.666668,0.5,3,0,121.539486992585,25.0444869867107,121.542381983637,25.0446300134924,2016-05-13,"04_15"
"252",252,"ZK9KC60","市民大道  建國北路-金山北路",67.77778,0.75,9,0,121.536654952605,25.044894027352,121.53478201032,25.0450279866061,2016-05-13,"04_15"
"253",253,"ZKJJP20","市民大道  金山北路-建國北路",66.22222,0.75,9,0,121.615421998675,25.045238998741,121.532890983601,25.0454499827697,2016-05-13,"04_15"
"254",254,"ZKNIV20","市民大道  中山北路-金山北路",30.5,0.5,4,1,121.526052005025,25.047513980359,121.527754976858,25.0470660157481,2016-05-13,"04_15"
"255",255,"ZKQQY20","市民大道  光復南路-基隆路",32,0.5,6.5,0,121.55778403127,25.045105009154,121.562977017142,25.0473070427485,2016-05-13,"04_15"
"256",256,"ZKSIE60","市民大道  金山北路-中山北路",42.5,0.7,8,0,121.527754976858,25.0470660157481,121.526052005025,25.047513980359,2016-05-13,"04_15"
"257",257,"ZKVHI20","市民大道  重慶北路-中山北路",41.5,0.5,2,0,121.516775988975,25.0499119871932,121.520761957648,25.0480390041157,2016-05-13,"04_15"
"258",258,"ZL5GL60","市民大道  中山北路-重慶北路",36.9,51,11,0,121.514850033308,25.0490519785949,121.516423961792,25.0487760337543,2016-05-13,"04_15"
"259",259,"ZLAFP60","市民大道  重慶北路-環河北路",46.125,0.7,8,0,121.513314967253,25.0494279843331,121.511989016427,25.0499020209939,2016-05-13,"04_15"
"260",260,"ZLXFX20","市民大道  環河北路-重慶北路",44.944443,1.9,18.5,0,121.511989016427,25.0499020209939,121.513314967253,25.0494279843331,2016-05-13,"04_15"
"261",261,"ZMSEX60","民生西路  重慶北路-環河北路",51.75,0.6666667,8,0,121.509004974381,25.0568730220494,121.50827197583,25.0568570248746,2016-05-13,"04_15"
"262",262,"ZMTG520","民生西路  環河北路-重慶北路",52.142857,1,14,0,121.511602029279,25.0569270241787,121.513792994809,25.0569739901897,2016-05-13,"04_15"
"263",263,"ZMTG560","民生西路  承德路-重慶北路",60.615383,2.4,19.5,0,121.515556954,25.0570130175921,121.513792994809,25.0569739901897,2016-05-13,"04_15"
"264",264,"ZMTHB20","民生西路  承德路-雙連站",52.19643,4.4,60,0,121.519185998666,25.0574509664278,121.519722000221,25.0575220384742,2016-05-13,"04_15"
"265",265,"ZMTHB60","民生西路  中山北路-雙連站",50,3,20.5,0,121.522845004353,25.0578899846763,121.519722000221,25.0575220384742,2016-05-13,"04_15"
"266",266,"ZMUGG20","民生西路  重慶北路-承德路",50.666668,1.5,9,0,121.513792994809,25.0569739901897,121.515556954,25.0570130175921,2016-05-13,"04_15"
"267",267,"ZMXH820","民生西路  雙連站-承德路",53.5,1.6,13,0,121.51817497086,25.0573370422045,121.519185998666,25.0574509664278,2016-05-13,"04_15"
"268",268,"ZMYN820","民生東路  復興北路-敦化北路",58,0.4166667,6,0,121.54621504649,25.0577149568673,121.549010024689,25.0576959838419,2016-05-13,"04_15"
"269",269,"ZMZL960","民生東路  建國北路-龍江路",45.153847,0.8333334,13,0,121.540695002758,25.057808013133,121.539168991943,25.0578130194978,2016-05-13,"04_15"
"270",270,"ZMZLI20","民生東路  復興北路-龍江路",58.5,0.5,6,0,121.539168991943,25.0578130194978,121.540695002758,25.057808013133,2016-05-13,"04_15"
"271",271,"ZMZM920","民生東路  龍江路-復興北路",46.6,0.75000006,10.5,0,121.542191988586,25.0577839575877,121.544143954275,25.0577500050787,2016-05-13,"04_15"
"272",272,"ZMZM960","民生東路  敦化北路-復興北路",46,0.33333334,2,0,121.54621504649,25.0577149568673,121.544143954275,25.0577500050787,2016-05-13,"04_15"
"273",273,"ZN5HV20","民生西　中山北(往東)",68.8,1.3333334,5.5,0,121.519722000221,25.0575220384742,121.522845004353,25.0578899846763,2016-05-13,"04_15"
"274",274,"ZN5HV60","民生西路  雙連站-中山北路",53.81818,1.6,11.5,0,121.525521993862,25.058043041147,121.522845004353,25.0578899846763,2016-05-13,"04_15"
"275",275,"ZN5IG20","民生東路  新生北路-林森北路",46.434784,3,23,0,121.522845004353,25.0578899846763,121.525521993862,25.058043041147,2016-05-13,"04_15"
"276",276,"ZN5IG60","民生東路  中山北路-林森北路",42.41379,2.7,29.5,0,121.527593974766,25.0580270277509,121.525521993862,25.058043041147,2016-05-13,"04_15"
"277",277,"ZN5IU20","民生東路  林森北路-新生北路",46,1.2,17,0,121.525521993862,25.058043041147,121.527593974766,25.0580270277509,2016-05-13,"04_15"
"278",278,"ZN5JX20","民生東路  新生北路-松江路",48.38889,0.8,18.5,0,121.531547994803,25.0579399813517,121.53313299757,25.0579159728731,2016-05-13,"04_15"
"279",279,"ZN5JX60","民生東路  建國北路-松江路",42.462963,3.5333335,61,0,121.536919039933,25.057858005413,121.53313299757,25.0579159728731,2016-05-13,"04_15"
"280",280,"ZN8PG20","民生東路  敦化北路-光復北路",46,0.6666667,4.5,0,121.552123981625,25.0579729758179,121.555236965001,25.0582509892992,2016-05-13,"04_15"
"281",281,"ZN8PT60","民生東路  松江路-新生北路",53.75,0.5,8.5,0,121.53313299757,25.0579159728731,121.530199965209,25.0579630368021,2016-05-13,"04_15"
"282",282,"ZN9PZ60","民生東路  三民路-光復北路",56,1,1.5,0,121.560520980176,25.0586280119212,121.5582810095,25.0584920009933,2016-05-13,"04_15"
"283",283,"ZNCRE20","民生東路  光復北路-三民路",74.333336,1,3,0,121.560520980176,25.0586280119212,121.563407019984,25.0588610281959,2016-05-13,"04_15"
"284",284,"ZQDLJ20","民族東路  松江路-復興北路",52.5,0.625,6,0,121.536280012836,25.0681609592538,121.541008015539,25.0680809705608,2016-05-13,"04_15"
"285",285,"ZQEIH20","民族東路  中山北路-新生北路",47.625,1.1,16,0,121.522870035759,25.0684350355759,121.525754004841,25.068351994266,2016-05-13,"04_15"
"286",286,"ZQEIV20","民族東路  松江路-新生北路",65.5,0,4,0,121.525754004841,25.068351994266,121.527845966731,25.0683090008077,2016-05-13,"04_15"
"287",287,"ZQEJF20","民族東路  新生北路-松江路",52.363636,0.4,11,0,121.527845966731,25.0683090008077,121.53046196583,25.0682630230775,2016-05-13,"04_15"
"288",288,"ZQEJY20","民族東路  復興北路-松江路",57.75,0.5,4,0,121.53046196583,25.0682630230775,121.533306991068,25.0682079612344,2016-05-13,"04_15"
"289",289,"ZQFHC20","民族西路  中山北路-承德路",44.57143,0.2,7,0,121.51841003728,25.0684950038011,121.519570012124,25.0685090049757,2016-05-13,"04_15"
"290",290,"ZQFHV20","民族西路  承德路-中山北路",59.56,0.5333333,26,0,121.519570012124,25.0685090049757,121.522870035759,25.0684350355759,2016-05-13,"04_15"
"291",291,"ZQFHV60","民族東路  新生北路-中山北路",49.25,1,4,0,121.525754004841,25.068351994266,121.522870035759,25.0684350355759,2016-05-13,"04_15"
"292",292,"ZQGFY60","民族西路  承德路-環河北路",62.4,1,5,0,121.515922954464,25.0685580163344,121.51373200123,25.0686110250405,2016-05-13,"04_15"
"293",293,"ZQGGJ20","民族西路  環河北路-承德路",56.214287,2,14,0,121.51373200123,25.0686110250405,121.515922954464,25.0685580163344,2016-05-13,"04_15"
"294",294,"ZNUNJ20","民權東路  復興北路-敦化北路",33.857143,0.5833333,7,0,121.547949042975,25.0618890047209,121.550771020132,25.0614809697749,2016-05-13,"04_15"
"295",295,"ZNUNJ60","民權東路 光復北路-敦化北路",57.5,0.4166667,8,0,121.554579045723,25.0618819961467,121.550771020132,25.0614809697749,2016-05-13,"04_15"
"296",296,"ZNXPC20","民權東路  敦化北路-光復北路",43.35294,0.33333334,18.5,0,121.550771020132,25.0614809697749,121.554579045723,25.0618819961467,2016-05-13,"04_15"
"297",297,"ZNXPC60","民權東路  撫遠街-光復北路",42.4,0.44444445,5,0,121.559160048094,25.0622719808216,121.554579045723,25.0618819961467,2016-05-13,"04_15"
"298",298,"ZNZM920","民權東路  建國北路-復興北路",48,0.5,4,0,121.540832956369,25.0621860248392,121.544232992862,25.062200957326,2016-05-13,"04_15"
"299",299,"ZNZM960","民權東路  光復北路-敦化北路",49.666668,0.5,6,0,121.54665001827,25.0619299949912,121.544232992862,25.062200957326,2016-05-13,"04_15"
"300",300,"ZP5KR20","民權東路  松江路-建國北路",52,0.5,5,0,121.533203037377,25.062466042796,121.537017999938,25.0623710424569,2016-05-13,"04_15"
"301",301,"ZP5KR60","民權東路  松江路-建國北路",55,1,1.5,0,121.540832956369,25.0621860248392,121.537017999938,25.0623710424569,2016-05-13,"04_15"
"302",302,"ZP5QG20","民權東路  光復北路-撫遠街",43.8,0.44444445,5,0,121.559160048094,25.0622719808216,121.560171962386,25.0624119833773,2016-05-13,"04_15"
"303",303,"ZP6IG60","民權東路  中山北路-新生北路",66.92308,0.6,13,0,121.527752013645,25.0626210276048,121.525630951348,25.0626739621405,2016-05-13,"04_15"
"304",304,"ZP6IV60","民權東路  松江路-新生北路",49,0.625,7,0,121.53029899333,25.0625490279007,121.527752013645,25.0626210276048,2016-05-13,"04_15"
"305",305,"ZP6JY20","民權東路  新生北路-松江路",49,0.5,8,0,121.53029899333,25.0625490279007,121.533203037377,25.062466042796,2016-05-13,"04_15"
"306",306,"ZP6JY60","民權東路  建國北路-松江路",66,0.5,6.5,0,121.537017999938,25.0623710424569,121.533203037377,25.062466042796,2016-05-13,"04_15"
"307",307,"ZP8GI20","民權西路        　大龍街(往東)",49.8,0.8666667,32,0,121.516163984285,25.0598450024429,121.515958038642,25.0629250128546,2016-05-13,"04_15"
"308",308,"ZQEUU60","民權東路  瑞光路-撫遠街",43,1.5,4,0,121.584317046042,25.0687650163875,121.582500003105,25.0682489842762,2016-05-13,"04_15"
"309",309,"ZQKVX60","民權東往西　成功路-瑞光路",69,0.5,1,0,121.590899033537,25.0689469699906,121.5878369866,25.0690490446365,2016-05-13,"04_15"
"310",310,"ZQKWL60","民權東路  民權隧道-成功路",40,0.5,1,0,121.578835034172,25.0561200135216,121.590899033537,25.0689469699906,2016-05-13,"04_15"
"311",311,"ZQUWI20","民權東路  成功路-民權隧道",66.25,0.5,4,0,121.590899033537,25.0689469699906,121.595239042545,25.0685590338722,2016-05-13,"04_15"
"312",312,"ZKDTY20","永吉路    基隆路-松山路",60.9,1.2,10.5,0,121.577000980946,25.0454469963599,121.57779395367,25.045417010901,2016-05-13,"04_15"
"313",313,"ZKESJ10","永吉路    松山路-基隆路",51.666668,1.25,6,0,121.569048972781,25.0445750447065,121.57034304881,25.0456269949513,2016-05-13,"04_15"
"314",314,"Z3UNW00","仰德大道三段    陽明山國小(往北)",88,3,6,0,121.548889955492,25.1106999832386,121.551666997229,25.1175510283918,2016-05-13,"04_15"
"315",315,"Z7HMH00","仰德大道四段　格致中學(往北)",47.666668,1.5,3,0,121.552832971224,25.1189279642201,121.545848991172,25.1338050273114,2016-05-13,"04_15"
"316",316,"ZXSLB20","仰德大道二段　2巷(嶺頭山莊)(往東)",52,1,4,0,121.537158956528,25.1060750183634,121.539758042194,25.1018589858249,2016-05-13,"04_15"
"317",317,"ZHEPV40","舊宗路一段南京六行善(往北)",40.333332,0,4.5,0,121.557472029698,25.0330630202679,121.557448026394,25.0321149827166,2016-05-13,"04_15"
"318",318,"ZHKPV40","光復南路 仁愛路-信義路",38.4,0.16666667,5,0,121.557521953655,25.0353829553836,121.557472029698,25.0330630202679,2016-05-13,"04_15"
"319",319,"ZIKPW00","仁愛路　光復南(往北)",45.5,0.3,10.5,0,121.557521953655,25.0353829553836,121.557582024175,25.0376670102663,2016-05-13,"04_15"
"320",320,"ZJFPW00","光復南路 仁愛路-忠孝東路",47.18182,0.13333334,11,0,121.557619023949,25.0393190063412,121.557657972539,25.0413139705787,2016-05-13,"04_15"
"321",321,"ZJFPW40","光復南路   市民大道-忠孝東路",46.666668,1.5,9.5,0,121.557817980928,25.0481839882944,121.557657972539,25.0413139705787,2016-05-13,"04_15"
"322",322,"ZKAPX00","光復南路  忠孝東路-市民大道",27,1.5,2.5,1,121.557657972539,25.0413139705787,121.55778403127,25.045105009154,2016-05-13,"04_15"
"323",323,"ZKAPX40","光復南路  八德路-市民大道",51.333332,1.2,18,0,121.557800985264,25.0466399849394,121.55778403127,25.045105009154,2016-05-13,"04_15"
"324",324,"ZKLPX00","光復南路  市民大道-八德路",64.5,0.6666667,6,0,121.55778403127,25.045105009154,121.557800985264,25.0466399849394,2016-05-13,"04_15"
"325",325,"ZKWPX40","光復北路  南京東路-八德路",32,0.75,3,0,121.557308017462,25.0515439744428,121.557817980928,25.0481839882944,2016-05-13,"04_15"
"326",326,"ZL7PX00","光復北路  八德路-南京東路",49.4,0.9,10,0,121.557817980928,25.0481839882944,121.557842010172,25.0491139674837,2016-05-13,"04_15"
"327",327,"ZLNPU40","光復北路  健康路-南京東路",30,0.5,1,0,121.556594046076,25.0536500051492,121.557308017462,25.0515439744428,2016-05-13,"04_15"
"328",346,"ZJUDT20","成都　　康定路(往東)",37.2,1.25,10,0,121.491488965562,25.0486350135639,121.502626999904,25.0435240419137,2016-05-13,"04_15"
"329",328,"ZM7PP00","光復北路  南京東路-健康路",38.333332,1,3,0,121.557308017462,25.0515439744428,121.556594046076,25.0536500051492,2016-05-13,"04_15"
"330",329,"ZM7PP40","光復北路  民生東路-健康路",40.666668,1.5,3,0,121.555604029826,25.0562180368435,121.556594046076,25.0536500051492,2016-05-13,"04_15"
"331",330,"ZN8PG40","光復北路  民權東路-民生東路",54.833332,1,6.5,0,121.554579045723,25.0618819961467,121.555236965001,25.0582509892992,2016-05-13,"04_15"
"332",331,"ZLAJE40","吉林路    南京東路-長安東路",49,1,1,0,121.530049017891,25.0504970028238,121.530034960641,25.0496940059509,2016-05-13,"04_15"
"333",332,"ZLRJE00","吉林路    長安東路-南京東路",48,1,1,0,121.52960297329,25.048152016889,121.530084993618,25.0520410356862,2016-05-13,"04_15"
"334",333,"ZLRJE40","吉林路  民生東路-南京東路",38.5,1.5,4,0,121.530112024283,25.0536480257702,121.530084993618,25.0520410356862,2016-05-13,"04_15"
"335",334,"ZMEJE00","吉林路    南京東路-民生東路",44,1,1,0,121.530112024283,25.0536480257702,121.53013697346,25.0548400027191,2016-05-13,"04_15"
"336",335,"ZP6JF40","吉林路    民族東路-民生東路",35,1,2,0,121.530367981607,25.0648059759803,121.53029899333,25.0625490279007,2016-05-13,"04_15"
"337",336,"ZPLJF00","吉林路    民生東路-民族東路",37.5,1.3333334,4,0,121.53029899333,25.0625490279007,121.530367981607,25.0648059759803,2016-05-13,"04_15"
"338",337,"ZMDXF00","向陽路    忠孝西路-南港路",65,0.5,1,0,121.595162952223,25.0527879741906,121.594851975867,25.0541070376211,2016-05-13,"04_15"
"339",338,"ZMLXB00","向陽路    重陽路-新明路",62.75,0.5,4,0,121.594905003222,25.0548470311376,121.594135048916,25.0555719922456,2016-05-13,"04_15"
"340",339,"ZFNNH40","安和路    樂利路-和平東路",56.583332,2.25,13,0,121.549828991591,25.0280270129986,121.550318964963,25.0244679550359,2016-05-13,"04_15"
"341",340,"ZHLNV00","安和路    樂利街-信義路",43,1,1,0,121.552432042233,25.0317009965039,121.552467960776,25.0331719873244,2016-05-13,"04_15"
"342",341,"ZJGMT00","安和路    仁愛路-敦化南路",40,0,2,0,121.546144043555,25.0415559881941,121.54718403224,25.0415430434721,2016-05-13,"04_15"
"343",342,"ZQ6WK40","成功路    民權東路-南京東路",53.8,0.5,5,0,121.590703951387,25.067539018744,121.590850032986,25.0628439710575,2016-05-13,"04_15"
"344",343,"ZQKWL00","成功路    南京東路-民權東路",44.8,1,6,0,121.590518979189,25.0660680113132,121.590899033537,25.0689469699906,2016-05-13,"04_15"
"345",344,"ZQKWL40","成功路    民權東路-陽光街",56,0.5,3.5,0,121.590448033929,25.0699599893922,121.590899033537,25.0689469699906,2016-05-13,"04_15"
"346",345,"ZJPEI60","成都路    中華路-康定路",37.272728,0.9,11,0,121.507587971462,25.042359975048,121.505934044635,25.0427360392706,2016-05-13,"04_15"
"347",347,"Z3ZT820","至善路    中社路-產業道路",70,1,15,0,121.56567803258,25.1131100094587,121.573992032337,25.1163199945961,2016-05-13,"04_15"
"348",348,"ZWRLS20","至善路    福林路-故宮路",52.705883,5.6666665,106,0,121.539927017509,25.0973710017973,121.542305981721,25.0971909722556,2016-05-13,"04_15"
"349",349,"ZWXMM60","至善路    至善路-故宮路",49,1,2,0,121.550250990901,25.1002949696846,121.546524026218,25.0981420294763,2016-05-13,"04_15"
"350",350,"ZX9KL60","福林路    雨農路-至善路",62.192307,3.3333333,80.5,0,121.539927017509,25.0973710017973,121.536465021284,25.0992169702622,2016-05-13,"04_15"
"351",351,"ZXWNW20","至善路    故宮路-至善路",53,1,3,0,121.550250990901,25.1002949696846,121.552876962193,25.1022530355286,2016-05-13,"04_15"
"352",352,"ZFWBS00","光復橋(往北)",51.8,0.6,10,0,121.49086798313,25.0244600211102,121.492498025584,25.0258449627048,2016-05-13,"04_15"
"353",353,"ZGKCG40","西園路    和平西路-西藏路",33.666668,0.6,9,0,121.49632003092,25.0301110424846,121.495630982185,25.0286869877743,2016-05-13,"04_15"
"354",354,"ZHZD800","西園路    西藏路-和平西路",40.090908,0.75,11,0,121.496789992364,25.0310400013737,121.499313966025,25.0352559817825,2016-05-13,"04_15"
"355",355,"ZJPEI40","西寧南路  峨嵋街-內江街",39.25,0.6,8,0,121.506196015376,25.0436650415371,121.505934044635,25.0427360392706,2016-05-13,"04_15"
"356",356,"ZKJEP40","西寧北路  忠孝西路-峨嵋街",35,0.5,1,0,121.507321980866,25.0475609785168,121.507029990711,25.0465419809687,2016-05-13,"04_15"
"357",357,"ZGKCG20","西藏路    艋舺大道-西園路",27,0.5,3,1,121.495352031791,25.0282639566907,121.495630982185,25.0286869877743,2016-05-13,"04_15"
"358",358,"ZGKCG60","西藏路    萬大路-西園路",52,0.5,5,0,121.4991810355,25.0293430084573,121.495630982185,25.0286869877743,2016-05-13,"04_15"
"359",359,"ZGQDF20","西藏路    西園路-萬大路",51,0.5,1,0,121.4991810355,25.0293430084573,121.500537976666,25.0293929749052,2016-05-13,"04_15"
"360",360,"ZGUEI60","西藏路    汀洲路-中華路",15,0.6666667,4,2,121.507211962894,25.0306430435373,121.504117977474,25.0299949685813,2016-05-13,"04_15"
"361",361,"ZGYER20","西藏路    中華路-汀州路",0,0.75,3,2,121.504117977474,25.0299949685813,121.507211962894,25.0306430435373,2016-05-13,"04_15"
"362",362,"Z1CPB00","辛亥路    木新路-光輝路",37.333332,5,26,0,121.553863985992,24.979864968356,121.554027961826,24.9832139755255,2016-05-13,"04_15"
"363",363,"Z1CPB40","辛亥路    光輝路-木新路",43.25,1.5,9,0,121.554193981955,24.9848290313096,121.554027961826,24.9832139755255,2016-05-13,"04_15"
"364",364,"Z1HPC00","辛亥路    光輝路-懷恩隧道",27,2,2,1,121.554027961826,24.9832139755255,121.554193981955,24.9848290313096,2016-05-13,"04_15"
"365",365,"Z1SNV00","辛亥路    懷恩隧道-光輝路",49,1,1,0,121.554193981955,24.9848290313096,121.552345039233,24.9877980335106,2016-05-13,"04_15"
"366",366,"ZAGPE40","辛亥路    懷恩隧道-興隆路",63,1,1,0,121.556817970959,25.0045190313385,121.554592045127,25.0008260047598,2016-05-13,"04_15"
"367",367,"ZB5PL00","辛亥路    興隆路-萬美街",50,1,2,0,121.556817970959,25.0045190313385,121.558152990685,25.0060670412361,2016-05-13,"04_15"
"368",368,"ZB5PL40","辛亥路    萬美街-興隆路",33,1,1,0,121.558541952787,25.0066609840938,121.558152990685,25.0060670412361,2016-05-13,"04_15"
"369",369,"ZB5PL60","辛亥路    辛亥隧道-萬美街",53.333332,1,3,0,121.558541952787,25.0066609840938,121.558152990685,25.0060670412361,2016-05-13,"04_15"
"370",370,"ZBQP700","辛亥路    萬美街-辛亥隧道",53,1,2,0,121.558152990685,25.0060670412361,121.558541952787,25.0066609840938,2016-05-13,"04_15"
"371",371,"ZDYN960","辛亥路    基隆路-辛亥隧道",62,0.8,9,0,121.550875961883,25.018326973487,121.549057016913,25.0170070234282,2016-05-13,"04_15"
"372",372,"ZEFMN20","辛亥路    基隆路-復興南路",51.75,0.6666667,4.5,0,121.543358978541,25.0212439864241,121.546649048669,25.0191459845886,2016-05-13,"04_15"
"373",373,"ZEFMN60","辛亥路    辛亥隧道-基隆路",39.727272,0.6666667,14.5,1,121.549057016913,25.0170070234282,121.546649048669,25.0191459845886,2016-05-13,"04_15"
"374",374,"ZEWM520","辛亥路    復興南路-建國南路",71.888885,0.6,13.5,0,121.541079986254,25.0213150435746,121.543358978541,25.0212439864241,2016-05-13,"04_15"
"375",375,"ZEWM560","辛亥路    復興南路-基隆路",56.6,0.5,5,0,121.546649048669,25.0191459845886,121.543358978541,25.0212439864241,2016-05-13,"04_15"
"376",376,"ZF9KB60","辛亥路    建國南路-汀州路",46.333332,0.5,3,0,121.537576990046,25.0222670349586,121.534426045252,25.0223860105166,2016-05-13,"04_15"
"377",377,"ZF9KW60","辛亥路    復興南路-建國南路",47.166668,0.4,6,0,121.543358978541,25.0212439864241,121.537576990046,25.0222670349586,2016-05-13,"04_15"
"378",378,"ZEUPN60","和平東路  臥龍街-基隆路",36.333332,0.5,3,0,121.557560005957,25.0196380340218,121.556513993491,25.0205809639847,2016-05-13,"04_15"
"379",379,"ZEZPT20","和平東路  基隆路-臥龍街",32,0.25,2,1,121.55464904923,25.0223849731817,121.555546993352,25.0215150147704,2016-05-13,"04_15"
"380",380,"ZFPMQ20","和平東路  復興南路-基隆路",40.030304,3.5,37.5,0,121.543424023128,25.0248549855301,121.546683031722,25.0246709606404,2016-05-13,"04_15"
"381",381,"ZFQM660","和平東路  基隆路-復興南路",56.666668,0.8333333,6,0,121.546683031722,25.0246709606404,121.543424023128,25.0248549855301,2016-05-13,"04_15"
"382",382,"ZFTLH60","和平東路  復興南路-新生南路",62.333332,0.9166667,15,0,121.537671024771,25.0256339943513,121.538838961141,25.0254760168588,2016-05-13,"04_15"
"383",383,"ZFYKD20","和平西路  師大路-新生南路",49.363636,5.266667,102.5,0,121.533620018857,25.0261720409252,121.534867967877,25.0260230159196,2016-05-13,"04_15"
"384",384,"ZFZK620","和平東路  羅斯福路-師大路",46.6,0.5833334,10,0,121.531599953592,25.0263149712506,121.533620018857,25.0261720409252,2016-05-13,"04_15"
"385",385,"ZG6J520","和平西路  新生南路-師大路",44.727272,5.3333335,89,0,121.525913962462,25.0267859703791,121.528519039679,25.0265699870944,2016-05-13,"04_15"
"386",386,"ZG8IK60","和平西路  重慶南路-羅斯福路",47.333332,0.5,3,0,121.528519039679,25.0265699870944,121.525913962462,25.0267859703791,2016-05-13,"04_15"
"387",387,"ZGBGJ60","和平西路  羅斯福路-重慶南路",42.666668,1,6,0,121.517986992022,25.0267239754063,121.515957978162,25.0272459956899,2016-05-13,"04_15"
"388",388,"ZGMFQ20","和平西路  南海路-重慶南路",49.8,1,5,0,121.509164048097,25.030545997559,121.512031024664,25.0290380232257,2016-05-13,"04_15"
"389",389,"ZGXF860","和平西路  重慶南路-南海路",46,0.5,3,0,121.512031024664,25.0290380232257,121.509164048097,25.030545997559,2016-05-13,"04_15"
"390",390,"ZH7EV20","莒光路    中華路-和平西路",43,0,1,0,121.505301004035,25.03340303799,121.507889043338,25.0312189821961,2016-05-13,"04_15"
"391",391,"ZHZC820","和平西路  中華路-水源路",58.857143,0.625,7.5,0,121.491524963513,25.0354639551665,121.494408993903,25.0354079836009,2016-05-13,"04_15"
"392",392,"ZHZDJ20","和平西路  環河南路-中華路",42,1.25,12,0,121.499313966025,25.0352559817825,121.501225987764,25.0352050366073,2016-05-13,"04_15"
"393",393,"ZISCI20","華江橋(往東)",70.71429,1,7,0,121.49086798313,25.0244600211102,121.496048048653,25.0388149699351,2016-05-13,"04_15"
"394",394,"ZJCTT60","忠孝東路  松山路-松信路",37.5,1,12.5,1,121.577831967601,25.0407769954083,121.576929974667,25.0407980148635,2016-05-13,"04_15"
"395",395,"ZJDST20","忠孝東路 松仁路-松信路",38.142857,0.5833334,7,0,121.570191965881,25.0409869811321,121.571935956922,25.0409349574797,2016-05-13,"04_15"
"396",396,"ZJERC20","忠孝東　基隆路(往東)",63.555557,1.8333334,18.5,0,121.562730957348,25.0411869587421,121.564464988337,25.041143998202,2016-05-13,"04_15"
"397",397,"ZJERC60","忠孝東路往西 松仁路-基隆路",39.727272,0.33333334,12,0,121.568686003029,25.0410379832092,121.564464988337,25.041143998202,2016-05-13,"04_15"
"398",398,"ZJES820","忠孝東路往東 基隆路-松仁路",53.5,0.11111111,6,0,121.564464988337,25.041143998202,121.568686003029,25.0410379832092,2016-05-13,"04_15"
"399",399,"ZJFQQ60","忠孝東路  基隆路-逸仙路",57,0.6666667,7,0,121.562730957348,25.0411869587421,121.561582048975,25.0412180286531,2016-05-13,"04_15"
"400",400,"ZJGNK60","忠孝四段170往西",63.48649,0.3,37,0,121.552971038,25.0414130111333,121.550770978706,25.0414659619593,2016-05-13,"04_15"
"401",401,"ZJGPC20","忠孝東路　延吉往東",50.727272,0.2,11,0,121.552971038,25.0414130111333,121.554487045962,25.0413890343382,2016-05-13,"04_15"
"402",584,"ZGTPW00","基隆路往北 和平-光復",23.5,8,8,1,121.557256035227,25.0291639754068,121.557395974638,25.0293889718943,2016-05-13,"04_15"
"403",402,"ZJHKR20","忠孝東路  復興北路-建國南路",70,0.5833333,8,0,121.532867951087,25.0422989956186,121.537077016111,25.0417060435019,2016-05-13,"04_15"
"404",403,"ZJHM720","忠孝東路  建國南路-復興北路",44.866665,0.8,15.5,0,121.541634979028,25.0416349682104,121.543765995297,25.0416090380889,2016-05-13,"04_15"
"405",404,"ZJHML20","忠孝東路  復興南路-大安路",53.357143,0.6666667,14,0,121.543765995297,25.0416090380889,121.546144043555,25.0415559881941,2016-05-13,"04_15"
"406",405,"ZJHML60","忠孝東路  敦化南路-大安路",52.75,1,20.5,0,121.54718403224,25.0415430434721,121.546144043555,25.0415559881941,2016-05-13,"04_15"
"407",406,"ZJQJI20","忠孝東路  建國南路-中山北路",50.2,0.6666667,5,0,121.529867965964,25.0431219811591,121.530730009031,25.0428839936556,2016-05-13,"04_15"
"408",407,"ZJTJ820","忠孝東路  杭州北路-中山北路",51,0.6666667,11,0,121.526849011636,25.0439449738104,121.529006971227,25.0433510221623,2016-05-13,"04_15"
"409",408,"ZJXIQ20","忠孝東路  林森北路-杭州北路",60.25,0.5,8,0,121.525107021695,25.0443669744632,121.526849011636,25.0439449738104,2016-05-13,"04_15"
"410",409,"ZK5IE20","忠孝東路  八德路-林森北路",52.666668,0.5,9,0,121.523344996927,25.044788032304,121.525107021695,25.0443669744632,2016-05-13,"04_15"
"411",410,"ZK8HY20","忠孝東路  館前路-林森北路",0.48294574,0.6666667,1300,2,121.521632042379,25.0451920145688,121.523344996927,25.044788032304,2016-05-13,"04_15"
"412",411,"ZKAHN20","忠孝東路  林森北路-館前路",0.8630769,0,1315,2,121.519582972501,25.0456320015231,121.521632042379,25.0451920145688,2016-05-13,"04_15"
"413",412,"ZKCUX20","忠孝東路  東新街-中坡南路",69.25,0.6666667,9,0,121.581931038571,25.0441729612756,121.582718974582,25.0452810424302,2016-05-13,"04_15"
"414",413,"ZKLGD20","忠孝西路  中華路-館前路",68.666664,0.33333334,18.5,0,121.511009976667,25.0479730195554,121.515008984925,25.0467950373473,2016-05-13,"04_15"
"415",414,"ZKVVH20","忠孝東路  中坡南路-東新街",52.77778,0.625,9,0,121.582718974582,25.0452810424302,121.585100032729,25.0479620345473,2016-05-13,"04_15"
"416",415,"ZKXET20","忠孝西路  環河北路-塔城街",50.761906,0.73333335,23.5,0,121.506503986656,25.0488909901789,121.507623047764,25.048616959465,2016-05-13,"04_15"
"417",416,"ZKXET60","忠孝西路  中華路-環河北路",44,1,8,0,121.506758999056,25.0506060000321,121.507623047764,25.048616959465,2016-05-13,"04_15"
"418",417,"ZLEWS20","忠孝東路  東新街-向陽路",43.75,0.6666667,4,0,121.589050998969,25.0492460032113,121.591322049175,25.0497339722126,2016-05-13,"04_15"
"419",418,"ZLEWS60","忠孝東路  向陽路-東新街",49.666668,0.75,3.5,0,121.575325038745,25.0408320443226,121.591322049175,25.0497339722126,2016-05-13,"04_15"
"420",419,"ZM64J20","忠孝東路  向陽路-研究院路",50,0.5,1,1,121.61261503992,25.0527349841585,121.615243008538,25.0530400109657,2016-05-13,"04_15"
"421",420,"ZM64J60","忠孝東路  研究院路-向陽路",68.454544,2.5,38,0,121.61629396121,25.053161955416,121.615243008538,25.0530400109657,2016-05-13,"04_15"
"422",421,"Z37JI40","忠誠路    天母東路-德行東路",69,0.33333334,2,0,121.532934016338,25.1149020373679,121.531068977338,25.1124079749547,2016-05-13,"04_15"
"423",422,"Z4FKA00","忠誠路    德行東路-天母東路",52,0.33333334,3,0,121.532934016338,25.1149020373679,121.53466299808,25.1180829630573,2016-05-13,"04_15"
"424",423,"ZYBIB60","忠誠路    忠義街-中山北路",58.142857,0.5555556,7,0,121.528898012559,25.1055090420039,121.52484602371,25.1040249679002,2016-05-13,"04_15"
"425",424,"ZYLJ600","忠誠路  中山北路-忠義街",52.75,0.44444445,4,0,121.52484602371,25.1040249679002,121.528898012559,25.1055090420039,2016-05-13,"04_15"
"426",425,"ZZAJE00","忠誠路  忠義街-德行東路",62.42857,0.4,7,0,121.528898012559,25.1055090420039,121.530318019165,25.1083749664506,2016-05-13,"04_15"
"427",426,"ZZAJE60","忠誠路    中山北路-忠義街",44.5,1,2,0,121.535907038271,25.1100249627925,121.530318019165,25.1083749664506,2016-05-13,"04_15"
"428",427,"Z3MER00","承德路    文林北路-吉利街",63.666668,0.5833333,13,0,121.50923497412,25.1124480055163,121.507130965865,25.1143699686909,2016-05-13,"04_15"
"429",428,"Z4VDD40","承德路    文林北路-基河路",58.76923,0.6875,13.5,0,121.51136898907,25.1105090269283,121.511873979864,25.105577986075,2016-05-13,"04_15"
"430",429,"ZLIGO40","承德路    南京西路-市民大道",49.11111,0.6666666,10,0,121.517691970298,25.0532490075265,121.517028000562,25.050877024964,2016-05-13,"04_15"
"431",430,"ZLYGU00","承德路    市民大道-南京西路",59,0.083333336,9,0,121.517028000562,25.050877024964,121.517691970298,25.0532490075265,2016-05-13,"04_15"
"432",431,"ZMQGX40","承德路    民生西路-南京西路",82,1.3333334,3.5,0,121.51817497086,25.0573370422045,121.518144022001,25.0547379670373,2016-05-13,"04_15"
"433",432,"ZMWGW00","承德路    南京西路-民生西路",72.2,0.33333334,5,0,121.518144022001,25.0547379670373,121.51817497086,25.0573370422045,2016-05-13,"04_15"
"434",433,"ZMWGW40","承德路民生西路往南",49.2,0,5,0,121.518217038202,25.0601989750841,121.51817497086,25.0573370422045,2016-05-13,"04_15"
"435",434,"ZP8GX00","承德路    民生西路-民權西路",49,0.5555556,6,0,121.518217038202,25.0601989750841,121.518278034,25.0628709805022,2016-05-13,"04_15"
"436",435,"ZP8GX40","承德路    民族西路-民權西路",0,83.333336,2547.5,2,121.518329979386,25.0658410329101,121.518278034,25.0628709805022,2016-05-13,"04_15"
"437",436,"ZQFGY00","承德路    民權西路-民族西路",0,11.666667,1400,2,121.518329979386,25.0658410329101,121.51841003728,25.0684950038011,2016-05-13,"04_15"
"438",437,"ZR8GZ40","承德路    劍潭路-民族西路",56.57143,0.5555556,7,0,121.519132992345,25.0730250139216,121.51860298358,25.0718979983684,2016-05-13,"04_15"
"439",438,"ZRTHD00","承德路    民族東路-劍潭路",58.25,0.8333334,8,0,121.519132992345,25.0730250139216,121.520142954438,25.075179002518,2016-05-13,"04_15"
"440",439,"ZV7GX00","承德路    中正路-劍潭路",45.4,0.33333334,6,0,121.521558963159,25.0888150438412,121.518350989573,25.0897839795481,2016-05-13,"04_15"
"441",440,"ZVCGQ40","承德路    大業路-吉利街",55.166668,0.5555556,6,0,121.5014999737,25.1194989799831,121.503336993095,25.1178130018371,2016-05-13,"04_15"
"442",441,"ZVEGK00","承德路    劍潭路-中正路",48,0.33333334,7,0,121.518350989573,25.0897839795481,121.516491996487,25.0910000387343,2016-05-13,"04_15"
"443",442,"ZVVGB40","承德路    基河路-中正路",43,0.41666666,9,1,121.514055017166,25.0959740116679,121.515635003385,25.092103988547,2016-05-13,"04_15"
"444",443,"ZJQEB00","昆明街    成都路-忠孝西路",41,0.5,1,0,121.504532045206,25.041495018513,121.504825008811,25.0430019877903,2016-05-13,"04_15"
"445",444,"ZSEMV60","明水路    樂群一路-大直橋",76.5,0.375,10,0,121.549573022597,25.0772759751444,121.547689985538,25.0774089666611,2016-05-13,"04_15"
"446",445,"ZSGLN60","明水路    大直橋-北安路",64,1,1,0,121.544389033262,25.0773219827372,121.541635006388,25.0776029893899,2016-05-13,"04_15"
"447",446,"ZT9NN00","明水路    北安路-樂群一路",52.666668,0.75,3,0,121.552044033409,25.0799839674544,121.551448019389,25.0818549822257,2016-05-13,"04_15"
"448",447,"ZHFHV00","杭州南路  羅斯福路-愛國東路",42.42857,0.9,9,0,121.522002025786,25.0295359980159,121.522274983141,25.0308619897926,2016-05-13,"04_15"
"449",448,"ZI6I900","杭州南路  愛國東路-信義路",48.57143,0.5833334,7,0,121.52675898022,25.0342589664573,121.524326005961,25.035441042185,2016-05-13,"04_15"
"450",449,"ZIPIF00","杭州南路  信義路-仁愛路",47.666668,0.75,3,0,121.524326005961,25.035441042185,121.525200027068,25.0382819856299,2016-05-13,"04_15"
"451",450,"ZJGIK00","杭州南路  仁愛路-忠孝東路",43.666668,0.5,3,0,121.525743009547,25.0401489702973,121.52615501421,25.0415549907144,2016-05-13,"04_15"
"452",451,"ZIGHK40","信義路　林森南(往南)",47.6,1.6,20.5,0,121.521595040537,25.0387639638472,121.521081991794,25.0370229803464,2016-05-13,"04_15"
"453",452,"ZJMHU00","林森南路  仁愛路-忠孝東路",38.333332,0.75,3,0,121.522239033265,25.0410010298098,121.522650962936,25.0423980324317,2016-05-13,"04_15"
"454",453,"ZK8HY40","林森北路  長安東路-忠孝東路",37.333332,0,3,0,121.523806986935,25.0463219909129,121.523344996927,25.044788032304,2016-05-13,"04_15"
"455",454,"ZLRIF40","林森北路  長春路-長安東路",37.46154,0.7,15,0,121.525458978715,25.0549099825207,121.525377993726,25.0520939617721,2016-05-13,"04_15"
"456",455,"ZN5IG00","林森北路  長春路-民生東路",45.07143,2.2,14,0,121.525458978715,25.0549099825207,121.525521993862,25.058043041147,2016-05-13,"04_15"
"457",456,"ZNKIG00","林森北路  民生東路-民權東路",35.74074,11.5,40.5,0,121.525521993862,25.058043041147,121.52557102941,25.0602910365096,2016-05-13,"04_15"
"458",457,"ZNKIG40","林森北路  民權東路-民生東路",43.25,1,16,0,121.525606990661,25.0616809601453,121.52557102941,25.0602910365096,2016-05-13,"04_15"
"459",458,"ZPYIH00","林森北路  民權東路-民族東路",40.3,2,10,0,121.525690048067,25.0648859887343,121.525707967089,25.0666460353804,2016-05-13,"04_15"
"460",459,"ZPYIH40","林森北路  民族東路-民權東路",23.25,2,8.5,1,121.525754004841,25.068351994266,121.525707967089,25.0666460353804,2016-05-13,"04_15"
"461",460,"ZMEJW40","松江路    民生東路-南京東路",41,0.5555556,5,0,121.53313299757,25.0579159728731,121.533070031058,25.0547930311624,2016-05-13,"04_15"
"462",461,"ZN5JX00","松江路    南京東路-民生東路",43.533333,2.1,18.5,0,121.533070031058,25.0547930311624,121.53313299757,25.0579159728731,2016-05-13,"04_15"
"463",462,"ZN5JX40","松江路  民權東路-民生東路",54.76923,1,17,0,121.533173047141,25.0602999587837,121.53313299757,25.0579159728731,2016-05-13,"04_15"
"464",463,"ZNLJX20","松江路    民生東路-民權東路",52.875,0.5555556,8,0,121.534847955769,25.0602940260267,121.533173047141,25.0602999587837,2016-05-13,"04_15"
"465",464,"ZP6JY40","松江路    民生東路-民權東路",45.363636,0.6666667,11.5,0,121.533241968318,25.0647050407117,121.533203037377,25.062466042796,2016-05-13,"04_15"
"466",465,"ZQEJY00","松江路    民權東路-民族東路",38,0.6666667,4,0,121.537017999938,25.0623710424569,121.533306991068,25.0682079612344,2016-05-13,"04_15"
"467",466,"ZDYJC00","金山南路  愛國東路-信義路",52.75,1,4,0,121.526847003873,25.0316669589232,121.527272972601,25.0340489558628,2016-05-13,"04_15"
"468",467,"ZDYJC40","金山南路  仁愛路-信義路",54.6,0.75,5,0,121.528340969147,25.0382519822543,121.527272972601,25.0340489558628,2016-05-13,"04_15"
"469",468,"ZG8IK40","金山南路  愛國東路-和平東路",43.5,1,6,0,121.526308995626,25.0288699736331,121.525913962462,25.0267859703791,2016-05-13,"04_15"
"470",469,"ZHAIQ00","金山南路  和平東路-愛國東路",38,0.5,1,0,121.526582976893,25.0301700427729,121.526847003873,25.0316669589232,2016-05-13,"04_15"
"471",470,"ZHAIQ40","金山南路  信義路-愛國東路",53,0.5,2,0,121.527272972601,25.0340489558628,121.526847003873,25.0316669589232,2016-05-13,"04_15"
"472",471,"ZIXJ740","金山南路  忠孝東路-仁愛路",24.444445,0.9,9,1,121.529195013205,25.0408220379251,121.528753043802,25.0394610024343,2016-05-13,"04_15"
"473",472,"ZJBJ900","金山南路  仁愛路-忠孝東路",34,0.5,4,0,121.528753043802,25.0394610024343,121.529195013205,25.0408220379251,2016-05-13,"04_15"
"474",473,"ZSQYA00","金湖路    民權東路-康寧路",43.25,1,4,0,121.60152301582,25.0745739629973,121.599591004498,25.078978040163,2016-05-13,"04_15"
"475",474,"ZKVJB60","長安東路  林森北路-新生北路",44.4,1.6,15,0,121.5314569682,25.0484610170838,121.52960297329,25.048152016889,2016-05-13,"04_15"
"476",475,"ZL6IA60","長安東路  中山北路-林森北路",44.272728,2,11,0,121.528453029474,25.048237003662,121.524572008387,25.0491270245344,2016-05-13,"04_15"
"477",476,"ZLBHN20","長安西路  承德路-中山北路",40,1,4,0,121.517028000562,25.050877024964,121.521621966763,25.0498139771949,2016-05-13,"04_15"
"478",477,"ZLBHN60","長安東路  林森北路-中山北路",42.333332,1,3,0,121.522839965486,25.0495300052462,121.521621966763,25.0498139771949,2016-05-13,"04_15"
"479",478,"ZLGGY60","長安西路  中山北路-承德路",45,1,3,0,121.519977995024,25.0501899826042,121.518394001597,25.0506200193959,2016-05-13,"04_15"
"480",479,"ZLIGO20","長安西路  重慶北路-承德路",43,0,2,0,121.515453993572,25.0512350420078,121.517028000562,25.050877024964,2016-05-13,"04_15"
"481",480,"ZLKGF40","長安西路  承德路-重慶北路",40.5,0.33333334,4,0,121.516127982904,25.0536160251129,121.515453993572,25.0512350420078,2016-05-13,"04_15"
"482",481,"ZLMG620","長安西路  環河北路-重慶北路",31,3.5,4,1,121.511868965836,25.0520420013174,121.513928993666,25.0515830323019,2016-05-13,"04_15"
"483",482,"ZMDL800","長春路    復興北路-建國北路",23.11111,2,9,1,121.539122001065,25.0561339717854,121.539075961259,25.0546719547361,2016-05-13,"04_15"
"484",483,"ZMDL820","長春路    新生北路-松江路",68,1,4,0,121.536845962901,25.0547340197055,121.539075961259,25.0546719547361,2016-05-13,"04_15"
"485",484,"ZMDLH20","長春路    建國北路-復興北路",8.8,1.3333334,5,2,121.539075961259,25.0546719547361,121.540503002328,25.0546399550223,2016-05-13,"04_15"
"486",485,"ZMEJE20","長春路    松江路-新生北路",41,1.75,9,0,121.527560028847,25.0548669637719,121.53013697346,25.0548400027191,2016-05-13,"04_15"
"487",486,"ZMEKD00","長春路    建國北路-松江路",51.857143,1,7,0,121.534792956807,25.0520060131358,121.534823975309,25.0547690306678,2016-05-13,"04_15"
"488",487,"ZMFHU60","長春路    新生北路-中山北路",69.125,1,8,0,121.525458978715,25.0549099825207,121.522713974682,25.0549919835593,2016-05-13,"04_15"
"489",488,"ZMFIG20","長春路    中山北路-新生北路",34.5,2.3333333,8,0,121.522713974682,25.0549919835593,121.525458978715,25.0549099825207,2016-05-13,"04_15"
"490",489,"ZGYS640","松仁路往南   信義路-松平路",55,0,2,0,121.56829704186,25.0318759992408,121.568310021885,25.0304130431246,2016-05-13,"04_15"
"491",490,"ZI9S600","松仁路住北   信義路-松壽路",49.333332,0.46666664,9,0,121.568291995067,25.0328239644553,121.568354969459,25.0358029814327,2016-05-13,"04_15"
"492",491,"ZI9S640","松仁路往南 松高路-松壽路",60.78788,0.33333334,33,0,121.568439012417,25.0390520357679,121.568354969459,25.0358029814327,2016-05-13,"04_15"
"493",492,"ZJES800","松仁路往北 松高路-忠孝東路",61.8,0,5,0,121.570191965881,25.0409869811321,121.568686003029,25.0410379832092,2016-05-13,"04_15"
"494",493,"ZI9R760","松壽路   松智路-市府路",53,0,5,0,121.565462026286,25.0358500395745,121.563529047497,25.0358840150263,2016-05-13,"04_15"
"495",494,"ZI9RI20","松壽路往東 市府路-松智路",54.375,0.1,8,0,121.561339958224,25.0359290444265,121.565462026286,25.0358500395745,2016-05-13,"04_15"
"496",495,"ZI9RW20","松壽路   松智路-松仁路",38.333332,0.33333334,3,0,121.563529047497,25.0358840150263,121.567571981239,25.0358150020425,2016-05-13,"04_15"
"497",496,"ZIWR760","松高路往西   松仁路-市府路",22,0.33333334,1,1,121.565526037298,25.0390909572895,121.563604049021,25.0391340109023,2016-05-13,"04_15"
"498",497,"ZI9RI40","松智路往南 松高路-松壽路",74,0.33333334,3,0,121.565526037298,25.0390909572895,121.565462026286,25.0358500395745,2016-05-13,"04_15"
"499",498,"ZIWRJ00","松智路往北   松高路-松壽路",61.875,0.083333336,8.5,0,121.565462026286,25.0358500395745,121.565526037298,25.0390909572895,2016-05-13,"04_15"
"500",499,"ZSM4D60","康湖路  康樂隧道住西",59,0.33333334,1,0,121.62328997197,25.0782929587753,121.614297041317,25.0783040001469,2016-05-13,"04_15"
"501",500,"ZTEZS60","康湖路  成功隧道往西",72,0.25,0,0,121.614297041317,25.0783040001469,121.606728971073,25.0815539591478,2016-05-13,"04_15"
"502",501,"ZM010A0","復北地下道往北",80.333336,0.5,3,0,121.543293010912,25.0526770071354,121.543604042915,25.0502569816267,2016-05-13,"04_15"
"503",502,"ZM210E0","復北地下道往南",95,0.5,2,0,121.543685015519,25.0507070048541,121.543639996839,25.0478700113867,2016-05-13,"04_15"
"504",503,"ZHJRJ60","信義路往西 松仁路-松智路",51.857143,0.33333334,7,0,121.568291995067,25.0328239644553,121.565399005848,25.0328889864399,2016-05-13,"04_15"
"505",504,"ZHJS620","信義路   松智路-松仁路",40.214287,1.4,16,0,121.565399005848,25.0328889864399,121.568291995067,25.0328239644553,2016-05-13,"04_15"
"506",505,"ZHKPV60","信義路   光復南路-基隆路",39.5,0,5,0,121.559572982138,25.0330190123501,121.557472029698,25.0330630202679,2016-05-13,"04_15"
"507",506,"ZHKQD60","信義路往西 松智路-基隆路",36,1,4,0,121.561346000281,25.0329670051349,121.559572982138,25.0330190123501,2016-05-13,"04_15"
"508",507,"ZHKQP20","信義路   基隆路-松智路",42,0.7,8,0,121.559572982138,25.0330190123501,121.561346000281,25.0329670051349,2016-05-13,"04_15"
"509",508,"ZHMML20","信義路四段  復興南路-大安路一段",49,0.5,1,0,121.543589997887,25.0333580219207,121.545959009029,25.0333140381647,2016-05-13,"04_15"
"510",509,"ZHNJV20","信義路二段 金山南路一段-新生南路一段",45,1,2,0,121.529966998193,25.0336970279168,121.532731042103,25.0335689678089,2016-05-13,"04_15"
"511",510,"ZLMR820","南京東　三民路(往東)",50,1,1,0,121.560826031736,25.0514589603378,121.563808990757,25.0514019858846,2016-05-13,"04_15"
"512",511,"ZLRHT61","南京東路二段 林森北路- 中山北路一段",44.235294,1.25,18,0,121.525377993726,25.0520939617721,121.52257401473,25.0522299753826,2016-05-13,"04_15"
"513",512,"ZM6GJ00","南京西路  重慶北路-承德路",38.545456,0.625,11,0,121.515453993572,25.0512350420078,121.516127982904,25.0536160251129,2016-05-13,"04_15"
"514",513,"ZM7FN60","南京西路  重慶北路-西寧北路",38,1,2,0,121.514345042521,25.0540280223188,121.511757968972,25.0538570290277,2016-05-13,"04_15"
"515",514,"ZM9QH20","健康路    光復北路-三民路",49.916668,0.8,14.5,0,121.558071018075,25.0537710361299,121.560480029864,25.0539610333122,2016-05-13,"04_15"
"516",515,"ZMH3J60","南港路惠民街往西",47.57143,0.7,8,0,121.613222967702,25.055304999313,121.610307022877,25.0549559812064,2016-05-13,"04_15"
"517",516,"ZFVKW40","建國南路  和平東路-信義路",52.454544,0.9,11,0,121.537804008446,25.0334790135061,121.537671024771,25.0256339943513,2016-05-13,"04_15"
"518",517,"ZGLKW40","建國北路  忠孝東路-長安東路",19,0,1,1,121.537804008446,25.0334790135061,121.537703955123,25.02875696332,2016-05-13,"04_15"
"519",518,"ZHMKW40","建國南路  信義路-和平東路",51.5,0.33333334,2,0,121.537882966645,25.0380649934768,121.537804008446,25.0334790135061,2016-05-13,"04_15"
"520",519,"ZINKW00","建國南路  信義路-仁愛路",56,0.5,2,0,121.537804008446,25.0334790135061,121.537882966645,25.0380649934768,2016-05-13,"04_15"
"521",520,"ZINKW40","建國南路  仁愛路-信義路",70,0.33333334,3,0,121.537077016111,25.0417060435019,121.537882966645,25.0380649934768,2016-05-13,"04_15"
"522",521,"ZJ7KV40","建國南路  仁愛路-忠孝東路",33.5,0.5,4,0,121.537077016111,25.0417060435019,121.537714045008,25.0401419725629,2016-05-13,"04_15"
"523",522,"ZJHKR40","建國南路  忠孝東路-仁愛路",43,0.44444445,4,0,121.53670903176,25.0483700001353,121.537077016111,25.0417060435019,2016-05-13,"04_15"
"524",523,"ZK7KP40","建國北路  長安東路-忠孝東路",38.727272,0.75,13,0,121.536660023401,25.0460589913958,121.536654952605,25.044894027352,2016-05-13,"04_15"
"525",524,"ZLAKQ20","建國北路  長安東路-南京東路",18.5,0,2,1,121.53670903176,25.0483700001353,121.536755027745,25.0496699659117,2016-05-13,"04_15"
"526",525,"ZLRKQ40","建國北路  南京東路-長安東路",46.625,0.375,8,0,121.536845962901,25.0547340197055,121.536785012301,25.0519810422149,2016-05-13,"04_15"
"527",526,"ZMEKQ40","建國北路  民生東路-南京東路",38.714287,0.6666667,7,0,121.537017999938,25.0623710424569,121.536845962901,25.0547340197055,2016-05-13,"04_15"
"528",527,"ZN5KR40","建國北路  民權東路-民生東路",70,0.5,1,0,121.536969049226,25.0602590163787,121.536919039933,25.057858005413,2016-05-13,"04_15"
"529",528,"ZNLKR60","建國北路  民生東路-民權東路",36.933334,0.4,15.5,0,121.536919039933,25.057858005413,121.536969049226,25.0602590163787,2016-05-13,"04_15"
"530",529,"ZP5KR40","建國北路  民權東路-民生東路",39,1.5,3.5,0,121.533306991068,25.0682079612344,121.537017999938,25.0623710424569,2016-05-13,"04_15"
"531",530,"ZPLKP40","建國北路  民權東路-民族東路",48.125,0.25,8,0,121.533306991068,25.0682079612344,121.536731988135,25.0648819646366,2016-05-13,"04_15"
"532",531,"ZDKJT00","思源街    永福橋-汀州路",60.333332,0.5,3,0,121.536298988058,25.0109500438487,121.532225011006,25.0150820419637,2016-05-13,"04_15"
"533",532,"Z0UVS20","指南路三段      永興橋(往東)",49,1,1,0,121.58002702861,24.9850200340848,121.586386007339,24.9764449627281,2016-05-13,"04_15"
"534",533,"Z1IUI20","指南路    木新路-三段",19.133333,59.5,16.5,2,121.575850016972,24.9876089936322,121.58002702861,24.9850200340848,2016-05-13,"04_15"
"535",534,"ZHX4E40","研究院路  舊莊路-研究院路",59,1,1,0,121.616912004968,25.0360509867224,121.614367956927,25.0346169553628,2016-05-13,"04_15"
"536",535,"ZJT4T00","胡適國小　研究(往北)",60.5,1.5,2.5,0,121.620339975442,25.0398560094018,121.616924962474,25.0425240066233,2016-05-13,"04_15"
"537",536,"ZKP4L00","研究院路  舊莊路-忠孝東路",36,1.3333334,3.5,0,121.616924962474,25.0425240066233,121.615420955902,25.0469359943905,2016-05-13,"04_15"
"538",537,"ZMZZC20","重陽路    向陽路-興華路",68,0.5,2,0,121.604423028307,25.0576889819246,121.605365969207,25.0578289570684,2016-05-13,"04_15"
"539",538,"ZMZZC60","重陽路    三重路-興華路",63.25,1,4,0,121.606674957763,25.0580949967257,121.605365969207,25.0578289570684,2016-05-13,"04_15"
"540",539,"ZND3C20","重陽路    興華路-向陽路",70,1,4,0,121.606674957763,25.0580949967257,121.609147045383,25.0588249913166,2016-05-13,"04_15"
"541",540,"ZFDGP01","中正橋 還河東路-重慶路三段",56.84,0.85,25,0,121.515554967994,25.0176109602662,121.516851988793,25.0230440039356,2016-05-13,"04_15"
"542",541,"ZFVGM00","中正橋(往北)",76,0.125,10,0,121.516834996122,25.02388403899,121.516376978859,25.025673016978,2016-05-13,"04_15"
"543",542,"ZFVGM40","中正橋(往南)",70.42857,0,7,0,121.515957978162,25.0272459956899,121.516376978859,25.025673016978,2016-05-13,"04_15"
"544",543,"ZGBGJ40","重慶南路  寧波西路-和平西路",57.857143,0.16666667,7,0,121.515285034627,25.0297760208443,121.515957978162,25.0272459956899,2016-05-13,"04_15"
"545",544,"ZGSGF00","重慶南路  和平西路-寧波西路",52.857143,0.625,14,0,121.515957978162,25.0272459956899,121.515285034627,25.0297760208443,2016-05-13,"04_15"
"546",545,"ZGSGF40","重慶南路  南海路-寧波西路",57.857143,0.1,7,0,121.514411951374,25.0318909909112,121.515285034627,25.0297760208443,2016-05-13,"04_15"
"547",546,"ZHBGA00","重慶南路  寧波西街-南海路",58.8,0.625,15,0,121.515285034627,25.0297760208443,121.514411951374,25.0318909909112,2016-05-13,"04_15"
"548",547,"ZHBGA40","重慶南路  愛國西路-南海路",50.8,0.6666667,5,0,121.512464029297,25.0352839832108,121.514411951374,25.0318909909112,2016-05-13,"04_15"
"549",548,"ZHYFT00","重慶南路  南海路-愛國西路",51,0.75,3,0,121.514411951374,25.0318909909112,121.512464029297,25.0352839832108,2016-05-13,"04_15"
"550",549,"ZHYFT40","重慶南路  凱達格蘭-愛國西路",49,0.5,2,0,121.512825007056,25.0387580163315,121.512464029297,25.0352839832108,2016-05-13,"04_15"
"551",550,"ZISFV00","重慶南路  愛國西路-凱達格蘭",48.75,0.6666667,4,0,121.512464029297,25.0352839832108,121.512825007056,25.0387580163315,2016-05-13,"04_15"
"552",551,"ZJTFX00","重慶南路  凱達格蘭-忠孝西路",34.42857,1.5,7,0,121.513185975727,25.0422959656717,121.513200976881,25.043423974533,2016-05-13,"04_15"
"553",552,"ZLMG600","重慶北路  南京西路-忠孝西路",45,1,1,0,121.513657022645,25.0506269959056,121.513928993666,25.0515830323019,2016-05-13,"04_15"
"554",553,"ZM8GA00","重慶北路  忠孝西路-南京西路",48,1,1,0,121.513928993666,25.0515830323019,121.514345042521,25.0540280223188,2016-05-13,"04_15"
"555",554,"ZNNFY00","重慶北路  民權西路-南京西路",46.77778,0.5555556,9,0,121.513642993311,25.0592219587576,121.513560982172,25.0607570152558,2016-05-13,"04_15"
"556",555,"ZP8FZ00","重慶北路  南京西路-民權西路",53.333332,0.083333336,6,0,121.513560982172,25.0607570152558,121.513579991329,25.0629869739192,2016-05-13,"04_15"
"557",556,"ZP8FZ40","重慶北路  民族西路-民權西路",42.5,0.5833334,6,0,121.513655977625,25.0646660225622,121.513579991329,25.0629869739192,2016-05-13,"04_15"
"558",557,"ZQGFY00","重慶北路  民權西路-民族西路",48.125,0.5,8,0,121.513725959187,25.0672099803909,121.51373200123,25.0686110250405,2016-05-13,"04_15"
"559",558,"ZQGFY40","重慶北路　民族往南",56.307693,0.26666668,13,0,121.513739992576,25.0705030087528,121.51373200123,25.0686110250405,2016-05-13,"04_15"
"560",559,"ZT9FV00","重慶北路  酒泉街-後港街",47.57895,1.1333333,19,0,121.513790034659,25.0728989733292,121.513119963143,25.0810360205121,2016-05-13,"04_15"
"561",560,"ZTGFS00","重慶北路  後港街-中正路",49.8,0.9333333,20,0,121.513119963143,25.0810360205121,121.511903039504,25.0839469842273,2016-05-13,"04_15"
"562",561,"ZN0A0E0","新生高   濟南-八德路",78.181816,1,11,0,121.529611986266,25.0417600146039,121.530451043206,25.0445199751198,2016-05-13,"04_15"
"563",562,"ZN0B0E0","新生高    八德路-長安東路",49.6,0.5,5,0,121.530451043206,25.0445199751198,121.529929035464,25.0482229884047,2016-05-13,"04_15"
"564",563,"ZN0C0E0","新生高    長安東路-民生東路",76.5,0.3,8,0,121.529929035464,25.0482229884047,121.527834991006,25.0580210253257,2016-05-13,"04_15"
"565",564,"ZN0D0E0","新生高    民生東路-民權東路",88,0.6666667,9,0,121.527834991006,25.0580210253257,121.527920015602,25.0626209720921,2016-05-13,"04_15"
"566",565,"ZN0E0E0","新生高    民權東路-民族東路",61.285713,1.3333334,14,0,121.527920015602,25.0626209720921,121.528063040076,25.0683780157201,2016-05-13,"04_15"
"567",566,"ZN0F0E0","新生高    民族東路-中山北路",41.157894,1.0833333,19,1,121.528063040076,25.0683780157201,121.526515048147,25.0744939685962,2016-05-13,"04_15"
"568",567,"ZN2B0E0","新生高    民族東路-常春路",64,0.5,1,0,121.527500962848,25.0684099869996,121.527275983599,25.05486797244,2016-05-13,"04_15"
"569",568,"ZN2C0E0","新生高    常春路-長安東路",0,0,5,2,121.527275983599,25.05486797244,121.529315048607,25.0481229795987,2016-05-13,"04_15"
"570",569,"ZN2D0E0","新生高    長安東路-八德路",50.214287,0.53333336,14,0,121.529315048607,25.0481229795987,121.530055043211,25.0443380281949,2016-05-13,"04_15"
"571",570,"ZN2E0E0","新生高    八德路-濟南路",60.6,0.6666667,5,0,121.530055043211,25.0443380281949,121.529345963312,25.0418200062659,2016-05-13,"04_15"
"572",571,"ZIME520","桂林路    康定路-中華路",51,1,1,0,121.501794036448,25.0383079783981,121.503843963401,25.0379939957712,2016-05-13,"04_15"
"573",572,"ZIME560","桂林路    中華路-康定路",37.75,1,6,0,121.505160971467,25.0377549740791,121.503843963401,25.0379939957712,2016-05-13,"04_15"
"574",573,"ZIQDB00","桂林路    環河南路-康定路",35.666668,1.8,18,0,121.499359007,25.0366640361962,121.499801972417,25.0384510166092,2016-05-13,"04_15"
"575",574,"ZM7PP60","健康路    三民路-光復北路",51.53846,1,15.5,0,121.558071018075,25.0537710361299,121.556594046076,25.0536500051492,2016-05-13,"04_15"
"576",575,"ZM8PX60","健康路    塔悠路-三民路",54.5,0.6666667,4,0,121.560480029864,25.0539610333122,121.558071018075,25.0537710361299,2016-05-13,"04_15"
"577",576,"ZMCSE20","健康路    三民路-塔悠路",67.333336,0.75,7,0,121.567261022773,25.0542959595979,121.569838992141,25.0544760409088,2016-05-13,"04_15"
"578",577,"ZSPRA00","基湖路    樂群一路-堤頂大道",38,1,1,0,121.563198032993,25.0760600169591,121.56434000264,25.0786830098929,2016-05-13,"04_15"
"579",578,"ZSPRA40","基湖路    內湖路-堤頂大道",43.5,1,4,0,121.565014032304,25.0808109638181,121.56434000264,25.0786830098929,2016-05-13,"04_15"
"580",579,"ZCNKM20","福和橋(往東)",26,1.1666666,6.5,0,121.527191965573,25.0058279992405,121.536298988058,25.0109500438487,2016-05-13,"04_15"
"581",580,"ZEFMN40","基隆路    台科大-辛亥路",41.25,0.6666667,4,1,121.548697955585,25.0209529930949,121.546649048669,25.0191459845886,2016-05-13,"04_15"
"582",581,"ZF9NH00","基隆路    和平東路-辛亥路",56.444443,1.125,36.5,0,121.548697955585,25.0209529930949,121.550270031923,25.0223379595141,2016-05-13,"04_15"
"583",582,"ZFMNV00","基隆路    辛亥路-樂業街",32.438774,8.9,101,0,121.550270031923,25.0223379595141,121.552538018027,25.024342990434,2016-05-13,"04_15"
"584",583,"ZG7PG50","基隆路   光復南路-和平東路",39.833332,0.5,14,0,121.556058975459,25.0274349782037,121.555025031734,25.0265179787745,2016-05-13,"04_15"
"585",585,"ZGTPW50","基隆路往南   信義路-光復南路",58.217392,0.4,23,0,121.558972965305,25.0320100367059,121.557395974638,25.0293889718943,2016-05-13,"04_15"
"586",586,"ZI9QP10","基隆路   信義路-松壽路",85.333336,0.25,3,0,121.559572982138,25.0330190123501,121.561339958224,25.0359290444265,2016-05-13,"04_15"
"587",587,"ZI9QP12","基隆路地下道 松高路-忠孝東路",35.333332,0.16666667,3,0,121.559572982138,25.0330190123501,121.561339958224,25.0359290444265,2016-05-13,"04_15"
"588",588,"ZIKQU50","基隆路   忠孝東路-松高路",51,0.5,4,0,121.564464988337,25.041143998202,121.562308045387,25.0375229893969,2016-05-13,"04_15"
"589",589,"ZJERC40","基隆路    松隆路-忠孝東路",53.6,0.2,10.5,0,121.565833015229,25.0434050150789,121.564464988337,25.041143998202,2016-05-13,"04_15"
"590",590,"ZJERC50","基隆路地下道 松隆路-忠孝東路",66.333336,0.25,3,0,121.565833015229,25.0434050150789,121.564464988337,25.041143998202,2016-05-13,"04_15"
"591",591,"ZJERC51","基隆路地下道 忠孝東路-仁愛路",82.333336,0,3,0,121.565833015229,25.0434050150789,121.564464988337,25.041143998202,2016-05-13,"04_15"
"592",592,"ZJERC52","基隆路地下道 仁愛路-莊敬路",71.2,0.5,10,0,121.565833015229,25.0434050150789,121.564464988337,25.041143998202,2016-05-13,"04_15"
"593",593,"ZJVRL10","基隆路地下道 忠孝東路-松隆路",19.75,2.6666667,8.5,0,121.564464988337,25.041143998202,121.565833015229,25.0434050150789,2016-05-13,"04_15"
"594",594,"ZJVRL11","基隆路地下道 莊敬路-仁愛路",67.27273,0.625,11.5,0,121.564464988337,25.041143998202,121.565833015229,25.0434050150789,2016-05-13,"04_15"
"595",595,"ZL9SB00","基隆路    永吉路-南京東路",33.5,0.375,6,0,121.568668999219,25.0481160326374,121.569388952581,25.049394985048,2016-05-13,"04_15"
"596",596,"ZIDDL00","康定路    艋舺大道-桂林路",45,3,8,0,121.501225987764,25.0352050366073,121.501469028516,25.0365849766857,2016-05-13,"04_15"
"597",597,"ZH6CN60","莒光路    萬大路-西園路",43,0,1,0,121.499128048313,25.0311129696554,121.496789992364,25.0310400013737,2016-05-13,"04_15"
"598",598,"ZH6DG20","莒光路    西園路-萬大路",53,0,1,0,121.499128048313,25.0311129696554,121.500584951897,25.0311530298818,2016-05-13,"04_15"
"599",599,"ZH6DG60","莒光路    中華路-萬大路",44,0,2,0,121.502260029259,25.0312110268967,121.500584951897,25.0311530298818,2016-05-13,"04_15"
"600",600,"ZPMSV40","堤頂大道  舊宗路-民權東路",60.4,0.44444445,5,0,121.574644036603,25.0689740335339,121.572434000748,25.0648929728907,2016-05-13,"04_15"
"601",601,"ZPMSV41","堤頂大道  港墘路-舊宗路",46.7,0.4666667,10,0,121.574644036603,25.0689740335339,121.572434000748,25.0648929728907,2016-05-13,"04_15"
"602",602,"ZRPSV00","堤頂大道  舊宗路-港墘路",50,0.5555556,5,0,121.576456997579,25.0689400113753,121.573104990119,25.0727450219422,2016-05-13,"04_15"
"603",603,"ZRPSV01","堤頂大道  民權東路-高速公路",57.75,0.4666667,8,0,121.576456997579,25.0689400113753,121.573104990119,25.0727450219422,2016-05-13,"04_15"
"604",604,"ZRRST60","港墘路    瑞光路-堤頂大道",35.909092,1,11,0,121.574925973856,25.0763489994483,121.572251018319,25.0745540072367,2016-05-13,"04_15"
"605",605,"ZSGRX60","堤頂大道  港墘路-樂群一路",51.166668,0.625,6,0,121.568615951823,25.0773579907238,121.569426041674,25.0788620194116,2016-05-13,"04_15"
"606",606,"ZSPRA20","堤頂大道  樂群二路-基湖路",58.5,0.6666667,4,0,121.562681985922,25.0802690253066,121.56434000264,25.0786830098929,2016-05-13,"04_15"
"607",607,"ZSPRA60","堤頂大道  樂群一路-基湖路",61,0.8,10,0,121.569426041674,25.0788620194116,121.56434000264,25.0786830098929,2016-05-13,"04_15"
"608",608,"ZT5QV00","堤頂大道  基湖路-樂群二路",41.875,0.875,8.5,1,121.56434000264,25.0786830098929,121.559675991089,25.0798829786784,2016-05-13,"04_15"
"609",609,"ZTXQL00","堤頂大道  樂群二路-內湖路",57.2,0.5,5,0,121.559675991089,25.0798829786784,121.560798025759,25.0844919629128,2016-05-13,"04_15"
"610",610,"ZEWM500","復興南路  和平東路-辛亥路",48,0.5,1,0,121.546649048669,25.0191459845886,121.543358978541,25.0212439864241,2016-05-13,"04_15"
"611",611,"ZFQM600","復興南路  辛亥路-和平東路",55.166668,0.8333333,6,0,121.543358978541,25.0212439864241,121.543424023128,25.0248549855301,2016-05-13,"04_15"
"612",612,"ZHLM800","復興南路  信義路-和平東路",50.714287,0.4166667,7,0,121.543450996578,25.0265249930903,121.543514975026,25.029802044624,2016-05-13,"04_15"
"613",613,"ZHMM600","復興南路  和平東路-信義路",52.5,0.75,10,0,121.543514975026,25.029802044624,121.543589997887,25.0333580219207,2016-05-13,"04_15"
"614",614,"ZIAM700","復興南路  仁愛路-信義路",46.4,0.33333334,10.5,0,121.543589997887,25.0333580219207,121.543641970198,25.0360669774207,2016-05-13,"04_15"
"615",615,"ZJHM700","復興南路  八德路-仁愛路",58.77778,0.5833333,9,0,121.543679972316,25.0379439557612,121.543765995297,25.0416090380889,2016-05-13,"04_15"
"616",616,"ZK8M700","復興南路  仁愛路-八德路",56,0.5555556,5,0,121.543765995297,25.0416090380889,121.543858974563,25.0448049947736,2016-05-13,"04_15"
"617",617,"ZLZM900","復興北路  民生東路-八德路",52.157894,0.8666667,19.5,0,121.543979964999,25.0498779617246,121.544039016678,25.0518279865621,2016-05-13,"04_15"
"618",618,"ZMQMV00","復興北路  長安東路-民生東路",35.82927,5.9333334,49.5,0,121.544039016678,25.0518279865621,121.544080009502,25.0545359821337,2016-05-13,"04_15"
"619",619,"ZMZM900","復興北路  民族東路-民生東路",35,0.5,7,0,121.544127005921,25.0560889961357,121.544143954275,25.0577500050787,2016-05-13,"04_15"
"620",620,"ZPWMA00","復興北路  復興北路479巷-民族東路",62,1,2,0,121.544261967908,25.0642500363121,121.544311026851,25.0663800226034,2016-05-13,"04_15"
"621",621,"ZFNN700","敦化南路  和平東路-基隆路",51.75,0.25,4,0,121.548697955585,25.0209529930949,121.54872397733,25.0245550136163,2016-05-13,"04_15"
"622",622,"ZG8N700","敦化南路  基隆路-和平東路",43.333332,0,3,0,121.54872397733,25.0245550136163,121.548777018159,25.0299090120621,2016-05-13,"04_15"
"623",623,"ZGHN840","敦化南路  信義路-和平東路",36.5,0.5,2,0,121.548772023306,25.0309469886371,121.548750040726,25.0281210101874,2016-05-13,"04_15"
"624",624,"ZHLN700","敦化南路  和平東路-信義路",26.333334,1,3.5,1,121.548772023306,25.0309469886371,121.548801983011,25.0332490373958,2016-05-13,"04_15"
"625",625,"ZHLN740","敦化南路  仁愛路-信義路",58.8,0.625,7.5,0,121.548832990746,25.0378350028179,121.548801983011,25.0332490373958,2016-05-13,"04_15"
"626",626,"ZI6NV00","敦化南路  信義路-仁愛路",48,1,2.5,0,121.548801983011,25.0332490373958,121.548841029422,25.0353880048891,2016-05-13,"04_15"
"627",627,"ZIMN840","敦化南路  忠孝東路-仁愛路",55.333332,0.75,3,0,121.548869022134,25.0414999940247,121.548832990746,25.0378350028179,2016-05-13,"04_15"
"628",628,"ZJGN700","敦化南路  仁愛路-忠孝東路",67.666664,0.5,3,0,121.548832990746,25.0378350028179,121.548869022134,25.0414999940247,2016-05-13,"04_15"
"629",629,"ZJGN740","敦化南路  市民大道-忠孝東路",67.42857,0.8333333,8,0,121.548813990848,25.0425840163909,121.548869022134,25.0414999940247,2016-05-13,"04_15"
"630",630,"ZJGPQ00","敦化南路  忠孝東路-市民大道",69,0.5,1,0,121.548869022134,25.0414999940247,121.548883040402,25.0448050256844,2016-05-13,"04_15"
"631",631,"ZKWN800","敦化南路  市民大道-南京東路",57.4,0.6666667,5,0,121.548813990848,25.0425840163909,121.548917990989,25.0481810293354,2016-05-13,"04_15"
"632",632,"ZLPN800","敦化北路  南京東路-民生東路",46.57895,8,24,0,121.548917990989,25.0481810293354,121.548953968455,25.0517199839821,2016-05-13,"04_15"
"633",633,"ZLPN840","敦化北路　南京往南",69,0,1,0,121.548975960019,25.054409990941,121.548953968455,25.0517199839821,2016-05-13,"04_15"
"634",634,"ZNUNJ00","敦化北路  民生東路-民權東路",46.5,0.16666667,4.5,0,121.549010024689,25.0576959838419,121.550771020132,25.0614809697749,2016-05-13,"04_15"
"635",635,"ZRRST40","堤頂大道  樂群一路-港墘路",48.1,0.7,10,0,121.568615951823,25.0773579907238,121.572251018319,25.0745540072367,2016-05-13,"04_15"
"636",636,"ZS9TE00","港墘路    堤頂大道-瑞光路",33,1,1,1,121.572251018319,25.0745540072367,121.574925973856,25.0763489994483,2016-05-13,"04_15"
"637",637,"ZSKTL00","港墘路    瑞光路-內湖路",66,0.5,4,0,121.574925973856,25.0763489994483,121.576463957465,25.0787899816642,2016-05-13,"04_15"
"638",638,"ZN7ST40","塔悠路    民生東路-南京東路",31.666666,0.44444445,3,0,121.569336036624,25.0573130410427,121.569219980236,25.0579359682357,2016-05-13,"04_15"
"639",639,"ZPDS600","塔悠路    民生東路-民權東路",61.2,0.5,5,0,121.568987952517,25.0592009613265,121.568254989216,25.0635370375905,2016-05-13,"04_15"
"640",640,"ZHWGD60","愛國東路  杭州南路-中山南路",44,0.5,4,0,121.518562980948,25.0341250146345,121.516464971111,25.0348820142513,2016-05-13,"04_15"
"641",641,"ZDTJW60","新生南路 辛亥路-羅斯福路",43.686275,3.3333335,56.5,0,121.533757971868,25.0191209592005,121.532676048938,25.0163530294391,2016-05-13,"04_15"
"642",642,"ZF9KB00","新生南路  羅斯福路-辛亥路",51.91228,3,66.5,0,121.534021047706,25.0203840395118,121.534426045252,25.0223860105166,2016-05-13,"04_15"
"643",643,"ZF9KB40","新生南路  和平東路-辛亥路",67,0.33333334,2,0,121.534621959602,25.0239930302186,121.534426045252,25.0223860105166,2016-05-13,"04_15"
"644",644,"ZFYKD40","新生南路  信義路-和平東路",41.01818,2.8,63.5,1,121.534501041606,25.0282630326504,121.534867967877,25.0260230159196,2016-05-13,"04_15"
"645",645,"ZHNJV00","新生南路  和平東路-信義路",65.8,0.41666666,5,0,121.533668995557,25.0306229867882,121.532731042103,25.0335689678089,2016-05-13,"04_15"
"646",646,"ZHNJV40","新生南路  仁愛路-信義路",34.4,0,5,1,121.532745998436,25.0370089766945,121.532731042103,25.0335689678089,2016-05-13,"04_15"
"647",647,"ZINJW00","新生南路  信義路-仁愛路",35.333332,0.16666667,3,1,121.532745998436,25.0370089766945,121.53278995384,25.0381459966656,2016-05-13,"04_15"
"648",648,"ZJWJ700","濟南路　新生南(往北)",44,0.25,2.5,0,121.53278995384,25.0381459966656,121.532799029026,25.0401319618055,2016-05-13,"04_15"
"649",649,"ZJWJ740","濟南路　新生南(往南)",47,0.16666667,3.5,0,121.532867951087,25.0422989956186,121.532799029026,25.0401319618055,2016-05-13,"04_15"
"650",650,"Z1TT960","新光路    秀明路-指南路",43.5,0.75,2.5,0,121.57369500163,24.9908399886069,121.573683016811,24.9880870052629,2016-05-13,"04_15"
"651",651,"Z2AT940","新光路    動物園-秀明路",40,0.5,1,0,121.574766985995,24.991260984932,121.573668989484,24.9916169569256,2016-05-13,"04_15"
"652",652,"Z2WUA20","新光路    動物園-木柵路",52,1,6,0,121.57731999534,24.9970019967358,121.578691028804,24.9978269832943,2016-05-13,"04_15"
"653",653,"ZRGUF00","瑞光路    民權東路-陽光街",26,1,1,1,121.583348953413,25.0696270248052,121.580784016705,25.0721549896682,2016-05-13,"04_15"
"654",654,"ZRLUA20","瑞光路    港墘路-陽光街",27,1,1,0,121.575419950873,25.076058008818,121.579185993159,25.0737239793243,2016-05-13,"04_15"
"655",655,"ZS6TI00","瑞光路    陽光街-港墘路",28,1,2,0,121.576941978354,25.0751140015776,121.575419950873,25.076058008818,2016-05-13,"04_15"
"656",656,"ZSNRE00","瑞光路    港墘路-基湖路",35,1,3,0,121.572759036003,25.0773240048015,121.567487043713,25.079736043713,2016-05-13,"04_15"
"657",657,"ZGQDF40","萬大路    莒光路-西藏路",45,1.3333334,4,0,121.500521983662,25.0302869935773,121.500537976666,25.0293929749052,2016-05-13,"04_15"
"658",658,"ZH6DG00","萬大路    西藏路-莒光路",48.8,1.6666666,5,0,121.500521983662,25.0302869935773,121.500584951897,25.0311530298818,2016-05-13,"04_15"
"659",659,"ZWLJQ20","中正路    文林路-雨農路",53.1,1.5,10,0,121.527914004661,25.0957539877762,121.532081004957,25.0965149679756,2016-05-13,"04_15"
"660",660,"ZWLJQ60","福林路    至善路-雨農路",61,0.8333333,8,0,121.536465021284,25.0992169702622,121.532081004957,25.0965149679756,2016-05-13,"04_15"
"661",661,"ZX9KL00","福林路  雨農路-至善路",37.909092,0.9,11,0,121.532081004957,25.0965149679756,121.536465021284,25.0992169702622,2016-05-13,"04_15"
"662",662,"ZGBBW60","艋舺大道  西園路-西藏路",31.3,0.8333333,10,0,121.491412989636,25.0320320121273,121.493567010528,25.0304360140662,2016-05-13,"04_15"
"663",663,"ZH9H820","艋舺大道  西藏路-西園路",43.04348,2,23.5,0,121.517577958089,25.0307160052516,121.519077965172,25.0316040148366,2016-05-13,"04_15"
"664",664,"ZHPEB20","艋舺大道  西園路-和平西路",64.5,1,2,0,121.502278002316,25.0331429837056,121.504857003723,25.0337749705175,2016-05-13,"04_15"
"665",665,"ZZLKH60","德行東路  忠誠路-東山路",33,1,1,1,121.537643994892,25.1102899663973,121.535907038271,25.1100249627925,2016-05-13,"04_15"
"666",666,"ZRKQZ20","樂群一路  敬業三路-堤頂大道",53,1,4,0,121.556333008992,25.0770699600733,121.563198032993,25.0760600169591,2016-05-13,"04_15"
"667",667,"Z1NQM40","興隆路    木柵路-木新路",49,1,1,0,121.56015395749,24.9887250125052,121.560907970987,24.9866280101785,2016-05-13,"04_15"
"668",668,"Z1VQH00","興隆路    木新路-木柵路",65,1,1,0,121.560907970987,24.9866280101785,121.56015395749,24.9887250125052,2016-05-13,"04_15"
"669",669,"ZKLLH40","龍江路    南京東路-八德路",40,3,2,0,121.540416005287,25.0482930031654,121.540507984494,25.0467130279066,2016-05-13,"04_15"
"670",670,"ZLQLI00","龍江路    八德路-南京東路",39,1,2,0,121.540416005287,25.0482930031654,121.540450964514,25.0519040106691,2016-05-13,"04_15"
"671",671,"ZLQLI40","龍江路    民生東路-南京東路",43.625,0.4,8,0,121.540503002328,25.0546399550223,121.540450964514,25.0519040106691,2016-05-13,"04_15"
"672",672,"ZMZLI00","龍江路    南京東路-民生東路",41,0,1,0,121.540548959927,25.0561019717132,121.540695002758,25.057808013133,2016-05-13,"04_15"
"673",673,"ZNZLJ40","龍江路    民族東路-民權東路",48.5,1.5,7,0,121.540932009273,25.064270962134,121.540832956369,25.0621860248392,2016-05-13,"04_15"
"674",674,"ZJBJ960","濟南路    新生南路-杭州南路",39,0,2,0,121.532799029026,25.0401319618055,121.529195013205,25.0408220379251,2016-05-13,"04_15"
"675",675,"ZJWJ720","濟南路    杭州南路-新生南路",43,0,1,0,121.529195013205,25.0408220379251,121.532799029026,25.0401319618055,2016-05-13,"04_15"
"676",676,"ZHPBV00","環河南路  雙園街-和平西路",44.727272,2.3333333,11,0,121.492139966366,25.0328610069458,121.493064999479,25.0338780288592,2016-05-13,"04_15"
"677",677,"ZQGF700","環河北路  民權西路-民族西路",56.419353,1.1333333,31,0,121.508455007197,25.0604770203252,121.509152959755,25.0686990238915,2016-05-13,"04_15"
"678",678,"ZR9F600","環河北路  民族西路-敦煌路",72.57143,0.46666664,15,0,121.509152959755,25.0686990238915,121.509138014824,25.0721570054014,2016-05-13,"04_15"
"679",679,"ZU8EF00","環河北路  敦煌路-葫蘆街",44.26923,1.5833333,26,0,121.508831954395,25.0750200412149,121.505624988292,25.0856570244771,2016-05-13,"04_15"
"680",680,"ZU8EF40","環河北路  葫蘆街-敦煌路",61.083332,0.85,24,1,121.544695970665,24.9963479680919,121.505624988292,25.0856570244771,2016-05-13,"04_15"
"681",681,"ZRPSV70","舊宗路    陽光街-港墘路",39.86207,10,63.5,0,121.573532983041,25.0730589879242,121.573104990119,25.0727450219422,2016-05-13,"04_15"
"682",682,"Z1XLD00","羅斯福六段　　338巷(往北)",56.285713,0.77777785,8,0,121.539627994258,24.9884039846149,121.539593023896,24.9893789696449,2016-05-13,"04_15"
"683",683,"Z2KLN40","羅斯福路  景隆街-景中路",39.444443,0.6666667,9,0,121.540895038682,24.9971659705988,121.541157029211,24.9959370121235,2016-05-13,"04_15"
"684",684,"Z2TLL00","羅斯福路  景中街-景隆街",40.77778,1,18,0,121.541157029211,24.9959370121235,121.540895038682,24.9971659705988,2016-05-13,"04_15"
"685",685,"Z2WKS40","羅斯福路  興隆路-景隆街",47,1.111111,13,0,121.539572010853,25.0004930345653,121.539924954984,24.9996249638555,2016-05-13,"04_15"
"686",686,"ZB9L800","羅斯福路  景隆街-興隆路",40.764706,0.9333334,17,0,121.538875976488,25.0021749689403,121.538777027579,25.0043600422202,2016-05-13,"04_15"
"687",687,"ZCPKT00","基隆路    羅斯福路-台科大",36.114285,4.3,39,0,121.538218048803,25.0079910080027,121.537151963996,25.0111190411723,2016-05-13,"04_15"
"688",688,"ZCPKT40","羅斯福路  新生南路-舟山路",41.083332,0.375,14.5,0,121.615421998675,25.045238998741,121.537151963996,25.0111190411723,2016-05-13,"04_15"
"689",689,"ZDTJW00","羅斯福路  舟山路-新生南路",47.22222,0.5,9,0,121.615421998675,25.045238998741,121.532676048938,25.0163530294391,2016-05-13,"04_15"
"690",690,"ZELJA00","羅斯福路  新生南路-辛亥路",50.833332,0.6666667,12,0,121.530653955262,25.0182920047246,121.529263036135,25.0196959585062,2016-05-13,"04_15"
"691",691,"ZEVIV40","羅斯福路  和平東路-辛亥路",52.9,0.5833334,10.5,0,121.526321019366,25.0222799558399,121.528019016897,25.0208199577727,2016-05-13,"04_15"
"692",692,"ZG9HT00","羅斯福路  辛亥路-和平東路",42.5,0.77777773,9,0,121.524447024164,25.0243270217011,121.522427026731,25.027032997263,2016-05-13,"04_15"
"693",693,"ZG9HT40","羅斯福路  愛國西路-和平東路",48.363636,0.8333334,13,0,121.521698026325,25.0280380386735,121.522427026731,25.027032997263,2016-05-13,"04_15"
"694",694,"ZGTHG00","羅斯福路  和平東路-愛國東路",46,0.6666667,2,0,121.521698026325,25.0280380386735,121.520388040963,25.0298390434143,2016-05-13,"04_15"
"695",695,"Z1VJK40","環河路   二號疏散門-秀朗大橋(往南)",73.625,0.8333334,17.5,0,121.535720023976,24.9956970399229,121.530923048693,24.9888780366807,2016-05-13,"04_15"
"696",696,"Z2ASP40","木柵路    萬芳路-秀明路",53.25,0.33333334,4,0,121.571743015186,24.9948559781927,121.571124042016,24.9916540118031,2016-05-13,"04_15"
"697",697,"Z56BU20","大度路    模構溪-貴子坑溪",44.384617,0.13333334,14.5,0,121.471406959474,25.122847008826,121.486079991891,25.121852037788,2016-05-13,"04_15"
"698",698,"Z56BU21","大度路    立德路-模構溪",39.93182,5.6000004,60.5,0,121.471406959474,25.122847008826,121.486079991891,25.121852037788,2016-05-13,"04_15"
"699",699,"Z9FLB00","陽金公路　　　第二停車場-竹子湖派出所",56,1,1,0,121.545945950784,25.1554710113384,121.540059043383,25.1702439582841,2016-05-13,"04_15"
"700",700,"Z9HKV40","竹子湖路 中正山岔路口-頂湖路口",52,2,1.5,0,121.53325598564,25.1774710062518,121.538266991863,25.1739609595096,2016-05-13,"04_15"
"701",701,"Z9IJV70","竹子湖路 玉瀧谷入口-中正山岔路口",41.5,1,2,0,121.535294977421,25.1693950335072,121.53325598564,25.1774710062518,2016-05-13,"04_15"
"702",702,"ZAAPB40","辛亥路    興隆路-懷恩隧道",58,1,1,0,121.554592045127,25.0008260047598,121.554082978219,24.9998619843972,2016-05-13,"04_15"
"703",703,"ZCCKW00","羅斯福路五段 興隆路一段-汀洲路四段",54.409092,0.9,22,0,121.538777027579,25.0043600422202,121.538218048803,25.0079910080027,2016-05-13,"04_15"
"704",704,"ZD9JF40","思源街    汀州路-永福橋",65.666664,1,4,0,121.532225011006,25.0150820419637,121.530037960063,25.013373970355,2016-05-13,"04_15"
"705",705,"ZDTJT00","水源快 永春300巷-水源33巷",61.25,0.75,8,0,121.525982952687,25.0150499941485,121.523984392375,25.0181323884863,2016-05-13,"04_15"
"706",706,"ZEGCQ40","華中橋(往南)",35.307693,0.6,14,0,121.497297962507,25.0193920120634,121.495672046971,25.0167069648863,2016-05-13,"04_15"
"707",707,"ZGIA660","萬板橋入城",46.192307,1.4,26,0,121.491765969925,25.0287539942334,121.48351202909,25.0284549768819,2016-05-13,"04_15"
"708",708,"ZGKBM20","萬板橋出城",59.875,0.7,8,0,121.48351202909,25.0284549768819,121.491765969925,25.0287539942334,2016-05-13,"04_15"
"709",709,"ZGNEB00","中華路    泉州街-和平西路",35.846153,1.6,13,0,121.505894026742,25.0280020254308,121.504797970319,25.0291800395642,2016-05-13,"04_15"
"710",710,"ZHHDF40","康定路    桂林路-艋舺大道",44.75,1,4,0,121.501225987764,25.0352050366073,121.500523024255,25.0328149544301,2016-05-13,"04_15"
"711",711,"ZHHDF60","艋舺大道  和平西路-西園路",51,0.5,3,0,121.502278002316,25.0331429837056,121.500523024255,25.0328149544301,2016-05-13,"04_15"
"712",712,"ZHMKV20","信義路三段 新生-建國",30,0.33333334,1.5,1,121.532731042103,25.0335689678089,121.537689951598,25.0334560434664,2016-05-13,"04_15"
"713",713,"ZHSIP20","信義路二段 杭州南路一段-金山南路一段",50.125,0.8,8,0,121.532731042103,25.0335689678089,121.52675898022,25.0342589664573,2016-05-13,"04_15"
"714",714,"ZIPIZ00","金山南路  信義路-仁愛路",47,1.5,9,0,121.527272972601,25.0340489558628,121.528340969147,25.0382519822543,2016-05-13,"04_15"
"715",715,"ZJFQQ00","忠孝東　逸仙路(往北)",42.260868,2.4,27.5,0,121.561506001618,25.0375530161359,121.561582048975,25.0412180286531,2016-05-13,"04_15"
"716",716,"ZJGPQ40","敦化南路  南京東路-市民大道",51.333332,0.75,3,0,121.548917990989,25.0481810293354,121.548883040402,25.0448050256844,2016-05-13,"04_15"
"717",717,"ZKGKP60","八德路    復興北路-建國北路",45,0.5,4.5,0,121.540507984494,25.0467130279066,121.536660023401,25.0460589913958,2016-05-13,"04_15"
"718",718,"ZLKSH00","環東大道 南京東-永吉(往市民大道)",76.74074,0.8666667,27,0,121.569388952581,25.049394985048,121.570635997613,25.0510870184925,2016-05-13,"04_15"
"719",719,"ZLKSH01","環東大道 南京東-永吉(下基隆路車道)",71,1,4,0,121.569388952581,25.049394985048,121.570635997613,25.0510870184925,2016-05-13,"04_15"
"720",720,"ZMGXG40","向陽路    南京東路-重陽路",70.5,1,11,0,121.5927380079,25.0617350311717,121.594905003222,25.0548470311376,2016-05-13,"04_15"
"721",721,"ZMGXG60","重陽路    興華路-向陽路",34,1,1,1,121.598270998839,25.0562240026668,121.594905003222,25.0548470311376,2016-05-13,"04_15"
"722",722,"ZN5KR00","建國北路  南京東路-民生東路",44,0.5,5,0,121.536882030345,25.0561880388567,121.536919039933,25.057858005413,2016-05-13,"04_15"
"723",723,"ZN5KR20","民生東路  松江路-建國北路",46.5875,4.866667,90,0,121.53313299757,25.0579159728731,121.536919039933,25.057858005413,2016-05-13,"04_15"
"724",724,"ZN5KR60","民生東路  龍江路-建國北路",45.22222,0.5833334,9,0,121.539168991943,25.0578130194978,121.536919039933,25.057858005413,2016-05-13,"04_15"
"725",725,"ZNES640","塔悠路    民權東路-民生東路",50.833332,0.6,6.5,0,121.566393042917,25.0617389986567,121.56842301712,25.0592030345056,2016-05-13,"04_15"
"726",726,"ZNES900","塔悠路    南京東路-民生東路",39.333332,0.33333334,6,0,121.569336036624,25.0573130410427,121.568987952517,25.0592009613265,2016-05-13,"04_15"
"727",727,"ZPBEX40","環河北路  民族西路-民權西路",55.42857,1.1,21,0,121.509152959755,25.0686990238915,121.508408030157,25.06338404172,2016-05-13,"04_15"
"728",728,"ZPBTD70","舊宗一路 新湖三路-新湖二路",57,0.5,2,0,121.578010563984,25.0617465942066,121.57673898964,25.0634769719204,2016-05-13,"04_15"
"729",729,"ZRCM940","北安路　　大直橋(往南)",55.88889,0.6666667,9,0,121.544439045382,25.0797320109504,121.54394103146,25.0723759943564,2016-05-13,"04_15"
"730",730,"ZRNIF00","中山北路三段 酒泉街-新生北路三段",56.857143,0.4375,7,0,121.523484986936,25.0706980075331,121.52537896751,25.0742620007958,2016-05-13,"04_15"
"731",731,"ZRNIF40","中山北   圓山隧道(往南)",52.37143,1.6875,35.5,0,121.524396034032,25.0797770077648,121.52537896751,25.0742620007958,2016-05-13,"04_15"
"732",732,"ZS7SN60","堤頂大道二段 基湖路-堤頂大道二段246巷",84.28571,0.8333333,7.5,0,121.56434000264,25.0786830098929,121.568615951823,25.0773579907238,2016-05-13,"04_15"
"733",733,"ZSHZU60","康寧路至康湖路",48,0,1,0,121.606728971073,25.0815539591478,121.60709802556,25.0775119867938,2016-05-13,"04_15"
"734",734,"ZSMQQ40","堤頂大道  內湖路-樂群二路",52.333332,0.5,3,0,121.560798025759,25.0844919629128,121.562681985922,25.0802690253066,2016-05-13,"04_15"
"735",735,"ZSNVA60","內湖路二段66巷至文德路(往西)",40,0,1,0,121.581201016291,25.0784730419353,121.578872007996,25.0785819934189,2016-05-13,"04_15"
"736",736,"ZSQVZ20","文德路101巷至220巷(往東)",57,0,1,0,121.583618987703,25.0785000267399,121.588001994132,25.0787989772924,2016-05-13,"04_15"
"737",737,"ZSSWC60","文德路　成功路(往西)",42.75,0.5,5.5,0,121.590956045347,25.0807640102294,121.588795956516,25.0789939938149,2016-05-13,"04_15"
"738",738,"ZSXTK20","內湖路一段629巷至港墘路(往東)",44,0,1,0,121.574458952193,25.0803140070887,121.575813981766,25.0798309947066,2016-05-13,"04_15"
"739",739,"ZT6HS40","後港街 承德路(往南)",46,0.33333334,1,0,121.5231270065,25.0821649794345,121.522416987497,25.0807320219209,2016-05-13,"04_15"
"740",740,"ZTHRR20","內湖一段二八五(往東)",27,0.8,9,0,121.565517009718,25.0823620446203,121.566873977606,25.0821579806827,2016-05-13,"04_15"
"741",741,"ZTWD760","重陽大橋 延平北路六段-重陽橋 ",66.75,0.8,16,0,121.505624988292,25.0856570244771,121.499370989401,25.084592036831,2016-05-13,"04_15"
"742",742,"ZTXQJ20","內湖路一段文湖路至91巷(往東)",38.666668,0.6666666,18.5,0,121.559698043141,25.0849069801418,121.560812033407,25.0845420153818,2016-05-13,"04_15"
"743",743,"ZTYXQ60","成功路五段324巷至420巷(往西)",47.4,0,5.5,0,121.598776038888,25.0846779763565,121.596515044747,25.0844610221507,2016-05-13,"04_15"
"744",744,"ZU8P760","北安路 劍南路-敬業三路",63.916668,0.625,12,0,121.556317982132,25.0846900178608,121.553911974051,25.0853220410784,2016-05-13,"04_15"
"745",745,"ZUIFC60","百齡橋 通河東街一段-重陽橋",61.857143,1.0666666,28,0,121.515487974394,25.090281016709,121.510577042701,25.0870570201792,2016-05-13,"04_15"
"746",746,"ZV9GE20","百齡橋 重陽橋-通河東街一段",56.954544,0.75,22,0,121.510577042701,25.0870570201792,121.515487974394,25.090281016709,2016-05-13,"04_15"
"747",747,"ZV9IT40","中山北路  中正路-小北街",31,0.5,1,1,121.528014004153,25.0937130284284,121.527473957656,25.0902389796397,2016-05-13,"04_15"
"748",748,"ZWVFW00","承德路    中正路-洲美路",70,0.5,3,0,121.514055017166,25.0959740116679,121.513357991724,25.0976729730527,2016-05-13,"04_15"
"749",749,"ZYQKQ70","仰德大道二段　2巷(嶺頭山莊)(往西)",38.5,1,2,0,121.539758042194,25.1018589858249,121.537158956528,25.1060750183634,2016-05-13,"04_15"
"750",750,"ZZKPR60","至善路    中社路-至善路",49.666668,1.5,3,0,121.5586820184,25.1119720174553,121.557154982438,25.1098199874148,2016-05-13,"04_15"
