"","_id","SectionId","SectionName","AvgSpd","AvgOcc","TotalVol","MOELevel","StartWgsX","StartWgsY","EndWgsX","EndWgsY","date","time"
"1",1,"Z0111C0","市高往東  環河中華",42.224358,10.8,156.5,1,121.506955002167,25.0499479957493,121.507057986923,25.0504089798186,2016-04-28,"12_35"
"2",2,"Z0120C0","市高往東  中華承德",62.598038,7.3,206,1,121.507057986923,25.0504089798186,121.514669994797,25.0488470329132,2016-04-28,"12_35"
"3",3,"Z0130A0","市高往東  承德中山",73.00676,8.333334,296,0,121.514669994797,25.0488470329132,121.530466977389,25.0458740396192,2016-04-28,"12_35"
"4",4,"Z0130A1","市高往東  中山林森",75.61246,7.8,289,0,121.514669994797,25.0488470329132,121.530466977389,25.0458740396192,2016-04-28,"12_35"
"5",5,"Z0140C0","市高往東  新生建國",73.911896,9.8,227,0,121.530466977389,25.0458740396192,121.536157036992,25.0443180284222,2016-04-28,"12_35"
"6",6,"Z0140C1","市高往東  建國復興",68.23581,10,235,0,121.530466977389,25.0458740396192,121.536157036992,25.0443180284222,2016-04-28,"12_35"
"7",7,"Z0150C0","市高往東  復興敦化",68.52877,12.2,365,0,121.536157036992,25.0443180284222,121.557631047561,25.0447609827095,2016-04-28,"12_35"
"8",8,"Z0150C1","市高往東  敦化上方",72.84916,2.8666668,181.5,0,121.536157036992,25.0443180284222,121.557631047561,25.0447609827095,2016-04-28,"12_35"
"9",9,"Z0150C2","市高往東  敦化延吉",70.382675,7.933333,277,1,121.536157036992,25.0443180284222,121.557631047561,25.0447609827095,2016-04-28,"12_35"
"10",10,"Z0160C0","市高往東  延吉永吉",73.77725,7.7,211,0,121.557631047561,25.0447609827095,121.569229955283,25.0455460393449,2016-04-28,"12_35"
"11",11,"Z0380F0","正氣橋  麥一市民",71.76119,2.6,67,0,121.569772042499,25.0461890146634,121.569771009262,25.0459439976653,2016-04-28,"12_35"
"12",12,"Z0390G0","市高往西  永吉光復",66.533615,10.6,238,0,121.569771009262,25.0459439976653,121.567512021271,25.0458909827904,2016-04-28,"12_35"
"13",13,"Z03A0G1","市高往西  光復延吉",58.45981,16.6,311,1,121.567512021271,25.0458909827904,121.557667048171,25.0454680148637,2016-04-28,"12_35"
"14",14,"Z03B0G0","市高往西  延吉復興",79.190475,6.1333337,296.5,0,121.557667048171,25.0454680148637,121.536126020332,25.0450250384754,2016-04-28,"12_35"
"15",15,"Z03C0G0","市高往西  復興建國",62.558037,7.5,226,0,121.536126020332,25.0450250384754,121.530571036066,25.0465189949323,2016-04-28,"12_35"
"16",16,"Z03C0G1","市高往西  建國新生",76.09009,8.1,222,0,121.536126020332,25.0450250384754,121.530571036066,25.0465189949323,2016-04-28,"12_35"
"17",17,"Z03D0G1","市高往西  林森中山",68.73786,8.666667,309,1,121.530571036066,25.0465189949323,121.515177951736,25.0495210244858,2016-04-28,"12_35"
"18",18,"Z03E0G0","市高往西  承德重慶",55.90141,15.4,215.5,2,121.515177951736,25.0495210244858,121.507228991091,25.0510220354424,2016-04-28,"12_35"
"19",19,"Z03E0G1","市高往西  重慶中華",43.86175,15,220,1,121.515177951736,25.0495210244858,121.507228991091,25.0510220354424,2016-04-28,"12_35"
"20",20,"Z5062G0","市高往西  中華環河",53,10,95,1,121.507228991091,25.0510220354424,121.497868957546,25.0400649616175,2016-04-28,"12_35"
"21",21,"Z1001B0","建國快往北 辛亥高架接建高",93.84931,2.5,73.5,0,121.536995038696,25.0228289705983,121.53770600753,25.0229289599307,2016-04-28,"12_35"
"22",22,"Z1010A0","建國快往北 辛亥信義",78.34553,8.733334,269,0,121.53770600753,25.0229289599307,121.53806600958,25.0355689692847,2016-04-28,"12_35"
"23",23,"Z1010A1","建國快往北 和平信義",81.76495,7.6,244,0,121.53770600753,25.0229289599307,121.53806600958,25.0355689692847,2016-04-28,"12_35"
"24",24,"Z1011A0","建國快往北 信義路上匝道",42.906666,10,75,0,121.537818032218,25.0344000079271,121.53806600958,25.0355689692847,2016-04-28,"12_35"
"25",25,"Z1020A0","建國快往北 信義仁愛",66.381325,8.066667,257,0,121.53806600958,25.0355689692847,121.537962958846,25.0357070206232,2016-04-28,"12_35"
"26",26,"Z1030A0","建國快往北 仁愛忠孝",60.20747,10.133333,246,0,121.537962958846,25.0357070206232,121.53712002298,25.0420240374186,2016-04-28,"12_35"
"27",27,"Z1080A0","建國快往北 民族濱江",88.666664,4.3,90,0,121.534361045097,25.0672949565866,121.533422973875,25.0689429692608,2016-04-28,"12_35"
"28",28,"Z10D2A0","建國快往北 民權東路下匝道",52.316456,10,79.5,0,121.537105027258,25.061757993861,121.537488045992,25.06147096043,2016-04-28,"12_35"
"29",29,"Z10E2A0","建國快往北 南京東路下匝道",46.897434,9.8,79,0,121.537031988413,25.0497290015224,121.537171960091,25.050782973455,2016-04-28,"12_35"
"30",30,"Z1221E0","建國快往南 民權上匝道",38.73016,8.2,63,0,121.536437036293,25.0617689851535,121.536693985588,25.0612780140168,2016-04-28,"12_35"
"31",31,"Z1240E0","建國快往南 長春長安",55.194756,11,267,1,121.536592989789,25.0533579739567,121.536352037032,25.0461559817578,2016-04-28,"12_35"
"32",32,"Z1241E0","建國快往南 長安東路上匝道",35.98305,5,59.5,0,121.53670903176,25.0483700001353,121.536352037032,25.0461559817578,2016-04-28,"12_35"
"33",33,"Z1280E0","建國快往南 信義和平",64.15126,8.2,138.5,0,121.537580011017,25.034604994102,121.537365024448,25.0277679879518,2016-04-28,"12_35"
"34",34,"Z1290E0","建國快往南 和平辛亥",59.62,10.9,169,1,121.537365024448,25.0277679879518,121.53728803944,25.0240599764049,2016-04-28,"12_35"
"35",35,"Z12C2E0","建國快往南 忠孝東路下匝道",27.163637,4.9,58,1,121.536372990119,25.0430219911443,121.536485987571,25.0418200366026,2016-04-28,"12_35"
"36",36,"Z12F2E0","建國快往南 和平東路下匝道",37.69091,8.4,56,0,121.537365024448,25.0277679879518,121.536989035092,25.026846043666,2016-04-28,"12_35"
"37",37,"Z12G2E0","建國快往南 辛亥路下匝道",29.23077,15.8,92.5,0,121.53728803944,25.0240599764049,121.53759697438,25.0222600110569,2016-04-28,"12_35"
"38",38,"Z2101B0","基隆快往東 水快上匝道",52.866665,14.8,136.5,0,121.534551026926,25.0064900369957,121.530827029155,25.0209600054365,2016-04-28,"12_35"
"39",39,"Z2110C0","基隆快往東 水源辛亥",72.0813,4.9,124.5,0,121.530827029155,25.0209600054365,121.544666015207,25.0173669632625,2016-04-28,"12_35"
"40",40,"Z2120C0","基隆快往東 辛亥敦化",69.744446,3.7,90,0,121.544666015207,25.0173669632625,121.547078966678,25.0194600254024,2016-04-28,"12_35"
"41",41,"Z2130C0","基隆快往東 敦化樂業",63,4.4,65,0,121.547078966678,25.0194600254024,121.550236016768,25.0223980319086,2016-04-28,"12_35"
"42",42,"ZEFM0C0","基隆快往東 辛亥下匝道",53.339287,3.2,57.5,0,121.544666015207,25.0173669632625,121.546649048669,25.0191459845886,2016-04-28,"12_35"
"43",43,"ZEWN0C0","基隆快往東 敦化下匝道",31.857143,40.25,42,0,121.547078966678,25.0194600254024,121.548697955585,25.0209529930949,2016-04-28,"12_35"
"44",44,"Z2310G0","基隆快往西 樂業敦化",64.882355,4.4,51.5,0,121.550230044874,25.022392005194,121.547075954271,25.0194510083942,2016-04-28,"12_35"
"45",45,"Z2311G0","基隆快往西 敦化上匝道",36,1.75,10,0,121.548697955585,25.0209529930949,121.547075954271,25.0194510083942,2016-04-28,"12_35"
"46",46,"Z2320G0","基隆快往西 敦化羅斯福",61.666668,0.625,9,0,121.547075954271,25.0194510083942,121.544658976273,25.0173659959567,2016-04-28,"12_35"
"47",47,"Z2321G0","基隆快往西 羅斯福路上匝道",111.958336,3.8,31.5,0,121.540373965139,25.013833044365,121.544658976273,25.0173659959567,2016-04-28,"12_35"
"48",48,"Z2330G0","基隆快往西 羅斯福水源",65.42593,2.1,54,0,121.544658976273,25.0173659959567,121.530824034973,25.0209549603874,2016-04-28,"12_35"
"49",49,"Z3110C0","辛亥高架 汀州路地下道",48.975,4,120,0,121.530689984473,25.0209799954032,121.533310973508,25.0225279642767,2016-04-28,"12_35"
"50",50,"Z3120C0","辛亥高架 泰順新生",75.22222,3,81.5,0,121.533310973508,25.0225279642767,121.535352972987,25.0225910440046,2016-04-28,"12_35"
"51",51,"Z3310G0","辛亥高架 建高接辛高",63.7191,3.8,90,0,121.535665953559,25.022585041419,121.535348970526,25.0225820303175,2016-04-28,"12_35"
"52",52,"Z3311G0","辛亥高架 辛亥上匝道",43.857143,1.6,28.5,0,121.535665953559,25.022585041419,121.535348970526,25.0225820303175,2016-04-28,"12_35"
"53",53,"Z4010A0","水源快往北 中正路-景美",63.37705,5.4,184,0,121.537137968395,24.9900590035432,121.535866990787,24.995892962813,2016-04-28,"12_35"
"54",54,"Z4011A0","水源快往北 景美上匝道",23,11.6,53,1,121.539924954984,24.9996249638555,121.535866990787,24.995892962813,2016-04-28,"12_35"
"55",55,"Z4020A0","水源快往北 景美-基隆快",58.560608,11.133333,266.5,0,121.535866990787,24.995892962813,121.534551026926,25.0064900369957,2016-04-28,"12_35"
"56",56,"Z4031A0","水源快往北 福和橋上匝道",48.166668,0.75,6,0,121.530617011823,25.0081510342297,121.53337597531,25.008194972905,2016-04-28,"12_35"
"57",57,"Z4040H0","水源快往北 福和橋-師大路",48.992,7.6,125,0,121.53337597531,25.008194972905,121.522921040872,25.0203360131995,2016-04-28,"12_35"
"58",58,"Z4050G0","水源快往北 師大路-泉州街",54.156628,3.9,83,0,121.522921040872,25.0203360131995,121.512387014104,25.0242559571385,2016-04-28,"12_35"
"59",59,"Z4060G0","水源快往北 泉州街-青年路",50.37838,5.9,74,1,121.512387014104,25.0242559571385,121.504085957724,25.0200459916201,2016-04-28,"12_35"
"60",60,"Z4070G0","水源快往北 青年路-萬大路",43.670887,6.2,79,0,121.504085957724,25.0200459916201,121.496988966074,25.0166209545364,2016-04-28,"12_35"
"61",61,"Z4080G0","水源快往北 華中橋",62.264706,1.2,34,0,121.496988966074,25.0166209545364,121.493546960585,25.0188819622546,2016-04-28,"12_35"
"62",62,"Z4081G0","水源快往北 萬大路上匝道",60.4,0.1,10,0,121.495850997188,25.0170060123111,121.493546960585,25.0188819622546,2016-04-28,"12_35"
"63",63,"Z40A2G0","水源快往北 萬大路下匝道",32.11111,10,10,0,121.496988966074,25.0166209545364,121.495850997188,25.0170060123111,2016-04-28,"12_35"
"64",64,"Z2PK0E0","水源快往南 景美下匝道",59.627907,4.2,43,0,121.535291969736,24.9960160097742,121.535838037846,24.996001043551,2016-04-28,"12_35"
"65",65,"Z4210D0","水源快往南 西園路-華中橋",74.77551,2.9333334,99,0,121.490670975297,25.0240550372173,121.494897959806,25.0165149868655,2016-04-28,"12_35"
"66",66,"Z4220D0","水源快往南 華中橋",60.54717,2.5,53,1,121.494897959806,25.0165149868655,121.49758002879,25.0160439753475,2016-04-28,"12_35"
"67",67,"Z4221E0","水源快往南 萬大路上匝道",53,0.3,8.5,0,121.495850997188,25.0170060123111,121.49758002879,25.0160439753475,2016-04-28,"12_35"
"68",68,"Z4231C0","水源快往南 富民街上匝道",22.65,4.8,20,1,121.500347043131,25.0180069774255,121.500586041983,25.0174489562607,2016-04-28,"12_35"
"69",69,"Z4250B0","水源快往南 富民街-泉州街",61.59223,3.2,103,0,121.500586041983,25.0174489562607,121.508575958881,25.0223029895734,2016-04-28,"12_35"
"70",70,"Z4261E0","水源快往南 泉州街上匝道",34.967743,11.333333,31,0,121.512416020795,25.0242259740788,121.513597015627,25.0238910179486,2016-04-28,"12_35"
"71",71,"Z4270C0","水源快往南 泉州街-中正橋",57.019047,5.7,105,0,121.513597015627,25.0238910179486,121.517301026601,25.0212440410053,2016-04-28,"12_35"
"72",72,"Z4271C0","水源快往南 中正橋上匝道",31.358974,6.4,39,0,121.516420014929,25.0218210214711,121.517301026601,25.0212440410053,2016-04-28,"12_35"
"73",73,"Z4280C0","水源快往南 中正橋-師大路",53.48718,9.8,156,0,121.517301026601,25.0212440410053,121.519818971223,25.0206189990961,2016-04-28,"12_35"
"74",74,"Z4290C0","水源快往南 師大路",37.17647,2,34.5,0,121.519818971223,25.0206189990961,121.52318904069,25.0190460360213,2016-04-28,"12_35"
"75",75,"Z42A0D0","水源快往南 師大路-永福橋",60.229885,3.733333,90,0,121.52318904069,25.0190460360213,121.526604004471,25.0136400414621,2016-04-28,"12_35"
"76",76,"Z42B0D0","水源快往南 永福橋-基隆路",55.044945,3.5,89,1,121.526604004471,25.0136400414621,121.533012969887,25.0077350276523,2016-04-28,"12_35"
"77",77,"Z42B1D0","水源快往南 福和橋上匝道",35,1,1,0,121.530617011823,25.0081510342297,121.533012969887,25.0077350276523,2016-04-28,"12_35"
"78",78,"Z42B1E0","水源快往南 基高上匝道",56,14.6,116.5,0,121.530824034973,25.0209549603874,121.533012969887,25.0077350276523,2016-04-28,"12_35"
"79",79,"Z42C0E0","水源快往南 基隆路-景美",66.86603,5.5999994,211.5,0,121.533012969887,25.0077350276523,121.535291969736,24.9960160097742,2016-04-28,"12_35"
"80",80,"Z42F2E0","水源快往南 泉州街下匝道",42.2,3.6,15,0,121.508575958881,25.0223029895734,121.512416020795,25.0242259740788,2016-04-28,"12_35"
"81",81,"Z42I2E0","水源快往南 永福橋下匝道",55.764706,1.4,17,0,121.526604004471,25.0136400414621,121.527920044784,25.0117400117055,2016-04-28,"12_35"
"82",82,"Z42K2C0","水源快往南 華中橋下匝道",43,6,45,0,121.494897959806,25.0165149868655,121.495752005932,25.0165099750557,2016-04-28,"12_35"
"83",83,"Z0112A0","環河快往北 市民下匝道",43.606556,6.4,63,0,121.505632045463,25.0479460104869,121.507057986923,25.0504089798186,2016-04-28,"12_35"
"84",84,"Z5050A0","環河快往北 西園華江",58.617645,2.1333334,68.5,0,121.4909020335,25.0247749907051,121.491948992589,25.0363589545033,2016-04-28,"12_35"
"85",85,"Z5051A0","環河快往北 華江橋上匝道",43.289474,10.4,76,0,121.489444030584,25.0354040152171,121.491948992589,25.0363589545033,2016-04-28,"12_35"
"86",86,"Z5060B0","環河快往北 華江貴陽",64.2193,4.7,114.5,0,121.491948992589,25.0363589545033,121.497868957546,25.0400649616175,2016-04-28,"12_35"
"87",87,"Z5070A0","環河快往北 貴陽市民",78.90741,2.8666668,108,0,121.497868957546,25.0400649616175,121.505632045463,25.0479460104869,2016-04-28,"12_35"
"88",88,"Z5070A1","環河快往北  貴陽市民",64.22069,6,145.5,0,121.497868957546,25.0400649616175,121.505632045463,25.0479460104869,2016-04-28,"12_35"
"89",89,"Z5080A0","環河快往北 市民民生",63.789474,2.8,76,0,121.505632045463,25.0479460104869,121.508492028217,25.0570309650365,2016-04-28,"12_35"
"90",90,"Z50B0A0","環河快往北 酒泉敦煌",49.594406,12.200001,145.5,0,121.509256996901,25.0721649933788,121.508641013476,25.0767900150083,2016-04-28,"12_35"
"91",91,"Z50C2A0","環河快往北 貴陽街下匝道",61.909092,2.2,22.5,0,121.497868957546,25.0400649616175,121.497707968591,25.0394379567263,2016-04-28,"12_35"
"92",92,"Z5250E0","環河快往南 民生西-忠孝橋",64.58667,3.7,77.5,0,121.508490045987,25.0570549865263,121.506820022925,25.0520699678275,2016-04-28,"12_35"
"93",93,"Z5260E0","環河快往南 忠孝橋",69,5,118,0,121.506820022925,25.0520699678275,121.503459020046,25.0468649631992,2016-04-28,"12_35"
"94",94,"Z5261E0","環河快往南 忠孝橋上匝道",61.75,1.4,12.5,0,121.504301011176,25.0499669605124,121.503459020046,25.0468649631992,2016-04-28,"12_35"
"95",95,"Z5261F0","環河快往南 市民上匝道",34.921738,12.4,115,0,121.507228991091,25.0510220354424,121.503459020046,25.0468649631992,2016-04-28,"12_35"
"96",96,"Z5270E0","環河快往南 忠孝橋-中興橋",49.6,0,5,0,121.503459020046,25.0468649631992,121.501675036559,25.0454489818402,2016-04-28,"12_35"
"97",97,"Z5280E0","環河快往南 中興橋",36.14706,4.4,34,0,121.501675036559,25.0454489818402,121.500127997034,25.0428969866014,2016-04-28,"12_35"
"98",98,"Z5290E0","環河快往南 中興橋-桂林路",61.38095,1.8,21,0,121.500127997034,25.0428969866014,121.495768980163,25.0390590284779,2016-04-28,"12_35"
"99",99,"Z52A0E0","環河快往南 桂林路-華江橋",54.115383,11,105,0,121.495768980163,25.0390590284779,121.491098012531,25.0361979990397,2016-04-28,"12_35"
"100",100,"Z52B0E0","環河快往南 華江橋",68.29075,9.3,229,0,121.491098012531,25.0361979990397,121.488941968621,25.0336170151409,2016-04-28,"12_35"
"101",101,"Z52B1E0","環河快往南 華江橋上匝道",43.210526,2.6,19,0,121.489444030584,25.0354040152171,121.488941968621,25.0336170151409,2016-04-28,"12_35"
"102",102,"Z52C0E0","環河快往南 華江橋-西藏路",70.32584,3.3,89,0,121.488941968621,25.0336170151409,121.488264038685,25.0296530048539,2016-04-28,"12_35"
"103",103,"Z52C2E0","環河快往南 西藏路下匝道",36.074074,4,27,0,121.490064014881,25.0304020134316,121.488264038685,25.0296530048539,2016-04-28,"12_35"
"104",104,"Z52D0E0","環河快往南 西藏路-西園路",52.21875,3.6,32,0,121.488264038685,25.0296530048539,121.490514011287,25.0244009718354,2016-04-28,"12_35"
"105",105,"Z6120C0","環東出城　正氣橋",45.12143,6.3,141,1,121.568370994278,25.0472350435512,121.570605021905,25.0510110311818,2016-04-28,"12_35"
"106",106,"Z6130C0","環東出城　麥帥一橋",65.06896,6.8,145,0,121.570605021905,25.0510110311818,121.574926995873,25.0534200156251,2016-04-28,"12_35"
"107",107,"Z6140C0","環東出城　堤頂舊宗",49.75,0.9,12,1,121.574926995873,25.0534200156251,121.57748301202,25.0549450438494,2016-04-28,"12_35"
"108",108,"Z6150C0","環東出城　堤頂舊宗",77.77679,3.8,112,0,121.57748301202,25.0549450438494,121.584862988947,25.0586160247397,2016-04-28,"12_35"
"109",109,"Z6150C1","環東出城  堤頂舊宗",73.27928,3.8,111,0,121.57748301202,25.0549450438494,121.584862988947,25.0586160247397,2016-04-28,"12_35"
"110",110,"Z6151C0","環東出城　舊宗匝道",42.030304,15.4,34,1,121.56613702014,25.051338962847,121.584862988947,25.0586160247397,2016-04-28,"12_35"
"111",111,"Z6160C1","環東出城  彩虹經貿1",50.49091,4.4,110.5,1,121.584862988947,25.0586160247397,121.616541008175,25.0625849622717,2016-04-28,"12_35"
"112",112,"Z6160C2","環東出城  彩虹經貿2",70.37931,4.5,116,0,121.584862988947,25.0586160247397,121.616541008175,25.0625849622717,2016-04-28,"12_35"
"113",113,"Z6160C3","環東出城  彩虹經貿3",87,3,89,0,121.584862988947,25.0586160247397,121.616541008175,25.0625849622717,2016-04-28,"12_35"
"114",114,"Z6160C4","環東出城  彩虹經貿4",75.99138,0.8,118,0,121.584862988947,25.0586160247397,121.616541008175,25.0625849622717,2016-04-28,"12_35"
"115",115,"Z6160C5","環東出城  彩虹經貿5",79.66304,3.7,92,0,121.584862988947,25.0586160247397,121.616541008175,25.0625849622717,2016-04-28,"12_35"
"116",116,"Z6160C6","環東出城  彩虹經貿6",55.964912,4.7,114,1,121.584862988947,25.0586160247397,121.616541008175,25.0625849622717,2016-04-28,"12_35"
"117",117,"Z6160C7","環東出城  彩虹經貿7",51.597702,3.3,87,1,121.584862988947,25.0586160247397,121.616541008175,25.0625849622717,2016-04-28,"12_35"
"118",118,"Z6170C1","環東出城　南湖橋段1",65.26057,6.7,142,0,121.616541008175,25.0625849622717,121.617806017444,25.0621700152228,2016-04-28,"12_35"
"119",119,"Z6171C0","環東出城　園區匝道",59.964287,1.3,28,1,121.506686988079,25.0504710048466,121.617806017444,25.0621700152228,2016-04-28,"12_35"
"120",120,"Z6180A0","環東出城　往國道三號",69.97872,1.9,47,0,121.617806017444,25.0621700152228,121.619272988714,25.0611980022906,2016-04-28,"12_35"
"121",121,"Z6310G0","環東進城　前方",64.58929,3.2,112,0,121.619543975639,25.0614559745982,121.616821033512,25.0628670066886,2016-04-28,"12_35"
"122",122,"Z6320G0","環東進城　經貿園區",73.62,2.3,50,0,121.616821033512,25.0628670066886,121.616641022636,25.0629230055203,2016-04-28,"12_35"
"123",123,"Z6330G2","環東出城  經貿彩虹2",69.60993,6,141,0,121.616641022636,25.0629230055203,121.584602985496,25.0590689905561,2016-04-28,"12_35"
"124",124,"Z6330G3","環東出城  經貿彩虹3",73.261536,5.1,130,0,121.616641022636,25.0629230055203,121.584602985496,25.0590689905561,2016-04-28,"12_35"
"125",125,"Z6330G4","環東出城  經貿彩虹4",76.15646,5.3,147,0,121.616641022636,25.0629230055203,121.584602985496,25.0590689905561,2016-04-28,"12_35"
"126",126,"Z6330G5","環東出城  經貿彩虹5",75.12766,5.1,141,0,121.616641022636,25.0629230055203,121.584602985496,25.0590689905561,2016-04-28,"12_35"
"127",127,"Z6330G6","環東出城  經貿彩虹6",65.718124,6.3,149,0,121.616641022636,25.0629230055203,121.584602985496,25.0590689905561,2016-04-28,"12_35"
"128",128,"Z6330G7","環東出城  經貿彩虹7",57.298702,8,154,1,121.616641022636,25.0629230055203,121.584602985496,25.0590689905561,2016-04-28,"12_35"
"129",129,"Z6330G8","環東出城  經貿彩虹8",59.96855,7.1,159,0,121.616641022636,25.0629230055203,121.584602985496,25.0590689905561,2016-04-28,"12_35"
"130",130,"Z6340G0","環東進城　舊宗新明",70.05,4.3,101.5,0,121.584602985496,25.0590689905561,121.577017014874,25.055012037314,2016-04-28,"12_35"
"131",131,"Z6350G0","環東進城  堤頂麥一",74.2,3.3,85,0,121.577017014874,25.055012037314,121.574868993047,25.0538609882666,2016-04-28,"12_35"
"132",132,"Z6360G0","環東進城　麥帥一橋",64.48889,9.2,180,0,121.574868993047,25.0538609882666,121.570337952539,25.0515299950425,2016-04-28,"12_35"
"133",133,"Z6360G1","環東進城　麥帥一橋",59.539474,7,152,1,121.574868993047,25.0538609882666,121.570337952539,25.0515299950425,2016-04-28,"12_35"
"134",134,"Z6380E0","環東進城　永吉匝道",37.354168,13.8,197,1,121.568211967079,25.0479089629847,121.566930011803,25.0458089733302,2016-04-28,"12_35"
"135",135,"Z7010A0","正氣橋出城接麥二橋",50.688526,7.9,183,1,121.572381048053,25.0517659831681,121.572381048053,25.0517659831681,2016-04-28,"12_35"
"136",136,"Z7230E0","麥二正氣",54.944057,6.8,143,0,121.572381048053,25.0517659831681,121.536157036992,25.0443180284222,2016-04-28,"12_35"
"137",137,"Z8001H0","洲美往北　中正社中",72.42538,4.8,144,0,121.501322045006,25.0905279940405,121.506718964987,25.0840970372638,2016-04-28,"12_35"
"138",138,"Z8001H1","洲美往北  中正社中1",65.98214,3,119.5,0,121.501322045006,25.0905279940405,121.506718964987,25.0840970372638,2016-04-28,"12_35"
"139",139,"Z8010A0","洲美往北　社中通河",67.21374,4.833333,144,0,121.506718964987,25.0840970372638,121.498530964268,25.0990859660389,2016-04-28,"12_35"
"140",140,"Z8010A2","洲美往北　跨河橋段",60.968994,4.733333,142,0,121.506718964987,25.0840970372638,121.498530964268,25.0990859660389,2016-04-28,"12_35"
"141",141,"Z8020A0","洲美往北　福國路段",80.24603,3.1333332,126,0,121.498530964268,25.0990859660389,121.499175972166,25.1026189964555,2016-04-28,"12_35"
"142",142,"Z8030A0","洲美往北　焚化廠南",79.10744,3.1999998,121.5,0,121.499175972166,25.1026189964555,121.499039991332,25.1065160441939,2016-04-28,"12_35"
"143",143,"Z8040A0","洲美往北　焚化廠北",84.75893,2.5333333,113,0,121.499039991332,25.1065160441939,121.493663023759,25.1217349827357,2016-04-28,"12_35"
"144",144,"Z8050A0","洲美往北　大業匝道",79.82758,1.2,29,0,121.493663023759,25.1217349827357,121.498706994097,25.1257360159759,2016-04-28,"12_35"
"145",145,"Z8211A0","洲美往南　大度匝道",63.26506,1.7,86.5,0,121.464409006352,25.12372703342,121.499415011407,25.1164069706791,2016-04-28,"12_35"
"146",146,"Z8220E1","洲美往南  焚化廠北",65.382164,4.9333334,162.5,0,121.499415011407,25.1164069706791,121.499410028525,25.1162300382646,2016-04-28,"12_35"
"147",147,"Z8230E0","洲美往南　焚化廠南",75.01504,3.7999997,133,0,121.499410028525,25.1162300382646,121.498717979057,25.1023440083671,2016-04-28,"12_35"
"148",148,"Z8240E0","洲美往南　福國路段",71.31707,3.7333336,123,0,121.498717979057,25.1023440083671,121.498122950903,25.0993239617516,2016-04-28,"12_35"
"149",149,"Z8250E0","洲美往南　跨河橋段",56.568626,2,157.5,0,121.498122950903,25.0993239617516,121.505457987033,25.0856429679772,2016-04-28,"12_35"
"150",150,"Z8260A0","環北往南　社中中正",62.511627,2.5333333,93.5,0,121.505457987033,25.0856429679772,121.507375025755,25.0814500272669,2016-04-28,"12_35"
"151",151,"Z9010A0","信快往北  木柵入口",69.05882,3.4,36,0,121.576575015947,25.0001809673246,121.581303018416,25.0061379810342,2016-04-28,"12_35"
"152",152,"Z9011A0","E_I-N-EN1",71.86487,8.4,40.5,0,121.582282989818,25.0046809888682,121.581303018416,25.0061379810342,2016-04-28,"12_35"
"153",153,"Z9030A0","信快往北 文山隧道",77.51163,2.3333335,89.5,0,121.581819044289,25.0080029688007,121.58007302298,25.0185520437394,2016-04-28,"12_35"
"154",154,"Z9040A0","信快往北  文山象山間",64.5,0.33333334,88,0,121.58007302298,25.0185520437394,121.576318004777,25.0215079894489,2016-04-28,"12_35"
"155",155,"Z9050A0","信快往北  象山隧道",78.518074,2.0666666,86,0,121.576318004777,25.0215079894489,121.573106996005,25.0306110259661,2016-04-28,"12_35"
"156",156,"Z9060A0","信快往北  象山出口",45.18667,3.0666666,79,1,121.573106996005,25.0306110259661,121.57304703705,25.0323369694062,2016-04-28,"12_35"
"157",157,"ZGYS7A0","E_I-N-EX2",42.150944,12,57.5,0,121.57304703705,25.0323369694062,121.568318010097,25.0299530329774,2016-04-28,"12_35"
"158",158,"Z9201A0","E_I-S-EN2",55.607143,6.8,29,1,121.574585031664,25.0329529736002,121.572957964431,25.0328939824679,2016-04-28,"12_35"
"159",159,"Z9211A0","信快往北  松仁匝道",41.034092,3,96,1,121.568318010097,25.0299530329774,121.572483004907,25.0327419748003,2016-04-28,"12_35"
"160",160,"Z9230A0","信快往北  象山隧道",81.55932,1.3333333,60.5,0,121.572327042517,25.0308000093377,121.57589398737,25.0210529932084,2016-04-28,"12_35"
"161",161,"Z9240A0","信快往北  象山文山間",59.033897,1.1333334,60.5,0,121.57589398737,25.0210529932084,121.579738003233,25.0181450112202,2016-04-28,"12_35"
"162",162,"Z9250A0","信快往北  文山隧道",74.90323,1.8,66,0,121.579738003233,25.0181450112202,121.58125897475,25.0081889703121,2016-04-28,"12_35"
"163",163,"Z9260A0","信快往北  萬芳出口",57.66129,1.2666667,65.5,1,121.58125897475,25.0081889703121,121.580423983686,25.0049820284797,2016-04-28,"12_35"
"164",164,"ZJTJ960","八德路    松江路-忠孝東路",23.923077,12.8,41,1,121.532877004208,25.0443479756871,121.530008998433,25.0436089944644,2016-04-28,"12_35"
"165",165,"ZK5JW60","八德路    建國北路-新生北路",25.38889,5.8,18.5,1,121.535606954197,25.045648042121,121.532877004208,25.0443479756871,2016-04-28,"12_35"
"166",166,"ZK7K820","八德路    新生南路-建國北路",29.25,12.5,34.5,0,121.532877004208,25.0443479756871,121.533978046748,25.0446509770139,2016-04-28,"12_35"
"167",167,"ZKLLH20","八德路    建國北路-復興北路",29.895834,5.5,51,0,121.536660023401,25.0460589913958,121.540507984494,25.0467130279066,2016-04-28,"12_35"
"168",168,"ZKRM820","八德路    敦化北路-復興北路",37.466667,4.5,45.5,0,121.542154998418,25.0471219561995,121.543931037249,25.0475489915048,2016-04-28,"12_35"
"169",169,"ZKWN820","八德路    復興北路-敦化南路",33.95,5,21.5,0,121.54684699938,25.0481800005474,121.548917990989,25.0481810293354,2016-04-28,"12_35"
"170",170,"ZKWN860","八德路    光復南路-敦化北路",35.32353,70.5,45.5,0,121.552615002533,25.048185017375,121.548917990989,25.0481810293354,2016-04-28,"12_35"
"171",171,"ZKWNV20","八德路    敦化南路-光復南路",27.551723,33.3,176.5,0,121.548917990989,25.0481810293354,121.552615002533,25.048185017375,2016-04-28,"12_35"
"172",172,"ZKWPX60","八德路    東興街?-光復北路",35.825,5.4,40,0,121.558442020541,25.0482450205768,121.557817980928,25.0481839882944,2016-04-28,"12_35"
"173",173,"ZKZQW20","八德路    光復南路-東興街",34.216217,3.4,37,0,121.560881987113,25.0484879813674,121.562665970558,25.048661976267,2016-04-28,"12_35"
"174",174,"ZL6RM20","八德路    基隆路-東興街",44.27778,3.6,19,0,121.565481960656,25.0489490280874,121.566246026065,25.0490280018431,2016-04-28,"12_35"
"175",175,"ZL9SB20","八德路    東興街-基隆路",46.52941,3.75,18,0,121.566246026065,25.0490280018431,121.569388952581,25.049394985048,2016-04-28,"12_35"
"176",176,"ZLDTB20","八德路    基隆路-東新街",36.944443,3.2,36.5,0,121.572285964123,25.0500069670554,121.574505013287,25.0499799840799,2016-04-28,"12_35"
"177",177,"ZLDTB60","八德路    東新街-基隆路",30.448277,3.2,31,0,121.575991993912,25.0500010388504,121.574505013287,25.0499799840799,2016-04-28,"12_35"
"178",178,"ZLNUW60","南港路    向陽路-東新街",36.5125,5.866667,85.5,0,121.584267978293,25.0522529863072,121.582729010121,25.0516809679925,2016-04-28,"12_35"
"179",503,"ZTEZS60","康湖路  成功隧道往西",60.766666,1.15,21,0,121.614297041317,25.0783040001469,121.606728971073,25.0815539591478,2016-04-28,"12_35"
"180",179,"ZMAR840","三民路    民生東路-南京東路",22.675,18,47.5,1,121.563595975985,25.0568559981804,121.563871020332,25.0541290298898,2016-04-28,"12_35"
"181",180,"ZMTR600","三民路    南京東路-民生東路",67.07407,6.6,31.5,0,121.563871020332,25.0541290298898,121.563595975985,25.0568559981804,2016-04-28,"12_35"
"182",181,"ZNQQE40","三民路    民權東路-民生東路",22.318182,10.2,25,1,121.563142983751,25.0618319799925,121.563236955513,25.060902007694,2016-04-28,"12_35"
"183",182,"ZP8QY00","三民路    民生東路-民權東路",36.857143,2.8,21.5,0,121.563142983751,25.0618319799925,121.56305804233,25.0628079608207,2016-04-28,"12_35"
"184",183,"ZMQ4C40","三重路    重陽路-南港路",31.333334,4.2,25.5,0,121.57778395346,25.0474489884482,121.613990028591,25.0561510020384,2016-04-28,"12_35"
"185",184,"Z4ZD520","大度路    立德路-大業路",69.05983,2.6,121,0,121.493554980993,25.1214749744342,121.499800962679,25.1210930165618,2016-04-28,"12_35"
"186",185,"Z58AH60","大度路    模構溪-立德路",58.442856,15.200002,218.5,0,121.481430047917,25.1222009787626,121.471406959474,25.122847008826,2016-04-28,"12_35"
"187",186,"Z5AAF60","大度路    大業路-貴子坑溪",66.60714,3,115,0,121.486079991891,25.121852037788,121.466876988914,25.1232139811149,2016-04-28,"12_35"
"188",187,"Z5AAF61","大度路 貴水二溪-聖景路",67.12766,5.533334,145,0,121.486079991891,25.121852037788,121.466876988914,25.1232139811149,2016-04-28,"12_35"
"189",188,"Z5B2R60","大度路    貴子坑溪-模構溪",60.813953,6.133334,180,0,121.466876988914,25.1232139811149,121.481430047917,25.1222009787626,2016-04-28,"12_35"
"190",189,"Z7JCE40","大業路    中央北路-承德路",55.363636,2,78,0,121.497173973346,25.1360519600889,121.496304977611,25.1345019669943,2016-04-28,"12_35"
"191",190,"Z3AIL00","中山北路  德行東路-士東路",41,3.1,46,0,121.525253015121,25.1087089734359,121.526529012548,25.112758021431,2016-04-28,"12_35"
"192",191,"Z4NJD00","中山北路  士東路-天母東路",53.333332,3,18,0,121.528577048448,25.1163439672642,121.530083045652,25.1182429548424,2016-04-28,"12_35"
"193",192,"ZHWGD40","中山南路  仁愛路-愛國西路",32.40278,17.5,77.5,0,121.517742001752,25.0392739842801,121.516464971111,25.0348820142513,2016-04-28,"12_35"
"194",193,"ZIVGU00","中山南路  愛國東路-信義路",32.52941,51.3,69.5,0,121.516464971111,25.0348820142513,121.517742001752,25.0392739842801,2016-04-28,"12_35"
"195",194,"ZIVGU40","中山南路  忠孝西路-仁愛路",48.38,4,52,0,121.518155021069,25.0407080117975,121.517742001752,25.0392739842801,2016-04-28,"12_35"
"196",195,"ZKEHB00","中山南路  仁愛路-忠孝東路",29.208334,14.4,75,0,121.519250950846,25.0444959843402,121.519582972501,25.0456320015231,2016-04-28,"12_35"
"197",196,"ZKEHB40","中山北路  長安西路-忠孝西路",36.604652,37.8,90,0,121.5203119583,25.0471550161381,121.519582972501,25.0456320015231,2016-04-28,"12_35"
"198",197,"ZLBHN00","中山北路  忠孝東路-長安東路",43.18085,9.6,95.5,0,121.519250950846,25.0444959843402,121.521621966763,25.0498139771949,2016-04-28,"12_35"
"199",198,"ZLBHN40","中山北路  南京西路-長安西路",58.613636,2.4,45.5,0,121.52257401473,25.0522299753826,121.521621966763,25.0498139771949,2016-04-28,"12_35"
"200",199,"ZLRHT00","中山北路  長安西路-南京東路",59.62857,1.8,35.5,0,121.521621966763,25.0498139771949,121.52257401473,25.0522299753826,2016-04-28,"12_35"
"201",200,"ZLRHT40","中山北路　南京往南",52.16949,4.3,59.5,0,121.522713974682,25.0549919835593,121.52257401473,25.0522299753826,2016-04-28,"12_35"
"202",201,"ZN5HV00","民生東　中山北(往北)",46.864864,4,38.5,0,121.522713974682,25.0549919835593,121.522845004353,25.0578899846763,2016-04-28,"12_35"
"203",202,"ZNLHV00","中山北路  民權東路-錦州街",45.851852,3.3,54.5,0,121.522845004353,25.0578899846763,121.522954993974,25.0603360232939,2016-04-28,"12_35"
"204",203,"ZP7HI40","中山北路  民族東路-民權東路",63.714287,1,14.5,0,121.522241006668,25.0648800135277,121.522608016415,25.0627480091243,2016-04-28,"12_35"
"205",204,"ZSVI900","中山北三段 北安路-中山北四段1巷",42.53521,9.9,76.5,0,121.526876997522,25.0759860132315,121.524396034032,25.0797770077648,2016-04-28,"12_35"
"206",205,"ZSVI940","通河街　中山北(往南)",45.600216,12.833333,247.125,0,121.525484975308,25.0841879571588,121.524396034032,25.0797770077648,2016-04-28,"12_35"
"207",206,"ZTTIF40","中山北路  小北街-基河路",36.385544,31,176,0,121.525650020016,25.0857400139857,121.525484975308,25.0841879571588,2016-04-28,"12_35"
"208",207,"ZU5IF00","中山北路  基河路-小北街",51.838383,8,102,0,121.525484975308,25.0841879571588,121.52718495366,25.0876670187764,2016-04-28,"12_35"
"209",208,"ZVYIV00","中山北路  小北街-中正路",33.38806,6.6,134,1,121.527473957656,25.0902389796397,121.528014004153,25.0937130284284,2016-04-28,"12_35"
"210",209,"ZYBIB00","中山北路  德行東路-忠誠路",34.425743,9.7,105.5,0,121.525543043736,25.1024700426213,121.52484602371,25.1040249679002,2016-04-28,"12_35"
"211",210,"ZYSIB00","中山北路  忠誠路-德行東路",43.097828,7.3,96,0,121.52484602371,25.1040249679002,121.524896032415,25.1064259709129,2016-04-28,"12_35"
"212",211,"ZZLIE40","中山北路  天母東路-士東路",59.214287,2.8,28,0,121.525253015121,25.1087089734359,121.525950049097,25.1116950429302,2016-04-28,"12_35"
"213",212,"ZZYII40","中山北路  士東路-德行東路",32.45714,10.4,75.5,0,121.526529012548,25.112758021431,121.525253015121,25.1087089734359,2016-04-28,"12_35"
"214",213,"ZU8EF20","重陽大橋 重陽橋 -延平北路六段",62.65185,7.2666674,160.5,0,121.499370989401,25.084592036831,121.505624988292,25.0856570244771,2016-04-28,"12_35"
"215",214,"ZVEGK60","中正路    文林路-承德路",44.188404,4.5,69.5,0,121.517704994726,25.0918079730647,121.516491996487,25.0910000387343,2016-04-28,"12_35"
"216",215,"ZW7HN20","中正路    承德路-文林路",47.322033,3.9,60.5,0,121.52003199482,25.0933530172806,121.52189001497,25.0943849867539,2016-04-28,"12_35"
"217",216,"ZWGIV60","中正路    雨農路-文林路",44.764706,5.7,54.5,0,121.530285031655,25.0961960292212,121.527914004661,25.0957539877762,2016-04-28,"12_35"
"218",217,"ZG7EQ00","中華路    和平西路-水源路",31.666666,10.2,44.5,0,121.508164027194,25.0258549787553,121.507077029818,25.0267439883943,2016-04-28,"12_35"
"219",218,"ZI9EM00","中華路    和平西路-愛國西路",20.652779,4.4,77.5,1,121.505301004035,25.03340303799,121.506630000043,25.0359989709198,2016-04-28,"12_35"
"220",219,"ZIKPW60","仁愛路光復往西",55.285713,3.4,75.5,0,121.56042603886,25.0375930247427,121.557582024175,25.0376670102663,2016-04-28,"12_35"
"221",220,"ZIKQP20","仁愛路   逸仙路-光復南路",57.8125,2.6,34,0,121.56042603886,25.0375930247427,121.561506001618,25.0375530161359,2016-04-28,"12_35"
"222",221,"ZILPI20","仁愛路   光復南路-敦化南路",46.727272,2,35,0,121.552935023966,25.0377569602288,121.555442046408,25.0377109564045,2016-04-28,"12_35"
"223",222,"ZIMNN60","仁愛路安和路往西",55.596493,2.6,58,0,121.552935023966,25.0377569602288,121.551775004519,25.0377789671945,2016-04-28,"12_35"
"224",223,"ZINKW20","仁愛路    建國南路-新生南路",39.91379,4.8666663,68.5,0,121.53278995384,25.0381459966656,121.537882966645,25.0380649934768,2016-04-28,"12_35"
"225",224,"ZINLD60","仁愛路    復興南路-建國南路",44.424244,1.9333334,33.5,0,121.543679972316,25.0379439557612,121.539974007135,25.0380210265144,2016-04-28,"12_35"
"226",225,"ZINM760","仁愛路    敦化南路-復興北路",47.333332,6,38,0,121.546048040929,25.0378910351051,121.543679972316,25.0379439557612,2016-04-28,"12_35"
"227",226,"ZIPIZ60","金山南路  信義路-仁愛路",49.45614,3,61,0,121.52941104638,25.0382129641192,121.528340969147,25.0382519822543,2016-04-28,"12_35"
"228",227,"ZIPJA20","仁愛路    新生南路-金山南路",54.444443,3.2,59.5,0,121.528340969147,25.0382519822543,121.52941104638,25.0382129641192,2016-04-28,"12_35"
"229",228,"ZIRHZ20","仁愛路    杭州南路-中山南路",43.636364,0.8666666,47.5,0,121.521595040537,25.0387639638472,121.523417010188,25.0385230073086,2016-04-28,"12_35"
"230",229,"ZV9IP40","文林路    中正路-基河路",49.916668,3,24.5,0,121.525956002142,25.0923389607966,121.527037041757,25.0902129967989,2016-04-28,"12_35"
"231",230,"ZY9H840","文林北路  承德路-德行西路",46.412697,3.4666667,67,0,121.520752973895,25.1022339731109,121.519637009102,25.1032309691362,2016-04-28,"12_35"
"232",231,"ZYRGM00","文林北路  德行西路-承德路",42.375,3.8666663,73.5,0,121.520752973895,25.1022339731109,121.516615012448,25.1061029568463,2016-04-28,"12_35"
"233",232,"Z1NMM20","木柵路    興隆路-和興路",43.166668,2.6,38,0,121.544016982749,24.9884689866207,121.545971014879,24.986728970597,2016-04-28,"12_35"
"234",233,"Z27SN20","木新路    興隆路-木柵路",36.511627,7.4,45,0,121.568615035016,24.988909958163,121.570930960222,24.9907069825126,2016-04-28,"12_35"
"235",234,"Z2LSS20","木柵路    秀明路-萬芳路",51.307693,2.2,26,0,121.569046007132,24.9987579698985,121.571743015186,24.9948559781927,2016-04-28,"12_35"
"236",235,"ZACTV20","木柵路    萬芳路-北二高",18.484848,21.8,77.5,1,121.574570982811,24.9981499979952,121.575677996718,24.9995900320669,2016-04-28,"12_35"
"237",236,"ZAWVC20","木柵路    北二高-新光路",55,1,1,0,121.581921996822,25.0023919784946,121.583964992877,25.0029429905388,2016-04-28,"12_35"
"238",237,"Z1CRT60","木新路    木柵路-興隆路",25.657143,18.8,73,1,121.56875002671,24.9839530093009,121.566735961769,24.9832559576,2016-04-28,"12_35"
"239",238,"ZSBID60","北安路    明水路-中山北路",53.087914,8.8,91,0,121.537560952393,25.0777889720838,121.526876997522,25.0759860132315,2016-04-28,"12_35"
"240",239,"ZSJJX20","北安路    中山北路-明水路",47.7,5.6,34,0,121.529015999351,25.0777479915008,121.533200981536,25.0780399695584,2016-04-28,"12_35"
"241",240,"ZSWMR40","北安路    大直街-通北街",31.428572,12,54.5,0,121.548179978795,25.0805040395406,121.547413975489,25.079874995817,2016-04-28,"12_35"
"242",241,"ZJGPQ20","市民大道  復興北路-敦化北路",36.082645,31.7,128.5,0,121.546218997063,25.0450760260571,121.548883040402,25.0448050256844,2016-04-28,"12_35"
"243",242,"ZK6L860","市民大道  敦化北路-建國北路",39.757576,14.5,68,0,121.542381983637,25.0446300134924,121.539486992585,25.0444869867107,2016-04-28,"12_35"
"244",243,"ZK6NY60","市民大道  敦化北路-復興北路",33.333332,7.9,76.5,0,121.556752972869,25.044929037857,121.553044027324,25.0445180305677,2016-04-28,"12_35"
"245",244,"ZK6P820","市民大道  敦化北路-光復北路",38.9375,8.5,97,0,121.548883040402,25.0448050256844,121.553785987587,25.0441180322778,2016-04-28,"12_35"
"246",245,"ZK8LT20","市民大道  建國北路-復興北路",40.714287,3.8,56,0,121.539486992585,25.0444869867107,121.542381983637,25.0446300134924,2016-04-28,"12_35"
"247",246,"ZK9KC60","市民大道  建國北路-金山北路",45.686565,6.625,67.5,0,121.536654952605,25.044894027352,121.53478201032,25.0450279866061,2016-04-28,"12_35"
"248",247,"ZKJJP20","市民大道  金山北路-建國北路",46.76423,10.5,128.5,0,121.615421998675,25.045238998741,121.532890983601,25.0454499827697,2016-04-28,"12_35"
"249",248,"ZKNIV20","市民大道  中山北路-金山北路",37.4,4,50,0,121.526052005025,25.047513980359,121.527754976858,25.0470660157481,2016-04-28,"12_35"
"250",249,"ZKQQY20","市民大道  光復南路-基隆路",44.48936,2,47,0,121.55778403127,25.045105009154,121.562977017142,25.0473070427485,2016-04-28,"12_35"
"251",250,"ZKSIE60","市民大道  金山北路-中山北路",45.123596,6.2,90.5,0,121.527754976858,25.0470660157481,121.526052005025,25.047513980359,2016-04-28,"12_35"
"252",251,"ZKVHI20","市民大道  重慶北路-中山北路",35.539684,4.5,63,0,121.516775988975,25.0499119871932,121.520761957648,25.0480390041157,2016-04-28,"12_35"
"253",252,"ZL5GL60","市民大道  中山北路-重慶北路",32.403362,16.9,128,0,121.514850033308,25.0490519785949,121.516423961792,25.0487760337543,2016-04-28,"12_35"
"254",253,"ZLAFP60","市民大道  重慶北路-環河北路",39.482758,5.6,58.5,0,121.513314967253,25.0494279843331,121.511989016427,25.0499020209939,2016-04-28,"12_35"
"255",254,"ZLXFX20","市民大道  環河北路-重慶北路",31.858585,29.2,112,0,121.511989016427,25.0499020209939,121.513314967253,25.0494279843331,2016-04-28,"12_35"
"256",255,"ZMSEX60","民生西路  重慶北路-環河北路",37.47222,3.8,36.5,0,121.509004974381,25.0568730220494,121.50827197583,25.0568570248746,2016-04-28,"12_35"
"257",256,"ZMTG520","民生西路  環河北路-重慶北路",26.128204,5.6,39.5,1,121.511602029279,25.0569270241787,121.513792994809,25.0569739901897,2016-04-28,"12_35"
"258",257,"ZMTG560","民生西路  承德路-重慶北路",37.945946,13,55.5,0,121.515556954,25.0570130175921,121.513792994809,25.0569739901897,2016-04-28,"12_35"
"259",258,"ZMTHB20","民生西路  承德路-雙連站",34.595093,22.9,187,0,121.519185998666,25.0574509664278,121.519722000221,25.0575220384742,2016-04-28,"12_35"
"260",259,"ZMTHB60","民生西路  中山北路-雙連站",23.11628,14.6,44.5,1,121.522845004353,25.0578899846763,121.519722000221,25.0575220384742,2016-04-28,"12_35"
"261",260,"ZMUGG20","民生西路  重慶北路-承德路",39.42857,5.8,31.5,0,121.513792994809,25.0569739901897,121.515556954,25.0570130175921,2016-04-28,"12_35"
"262",261,"ZMXH820","民生西路  雙連站-承德路",48.075,16.8,93.5,0,121.51817497086,25.0573370422045,121.519185998666,25.0574509664278,2016-04-28,"12_35"
"263",262,"ZMYN820","民生東路  復興北路-敦化北路",44.90411,5.166667,75,0,121.54621504649,25.0577149568673,121.549010024689,25.0576959838419,2016-04-28,"12_35"
"264",263,"ZMYN860","民生東路  光復北路-敦化北路",38,1.6666666,9,0,121.552123981625,25.0579729758179,121.549010024689,25.0576959838419,2016-04-28,"12_35"
"265",264,"ZMZL960","民生東路  建國北路-龍江路",43.120483,4.666667,83,0,121.540695002758,25.057808013133,121.539168991943,25.0578130194978,2016-04-28,"12_35"
"266",265,"ZMZM960","民生東路  敦化北路-復興北路",38.655174,2.0666666,30.5,0,121.54621504649,25.0577149568673,121.544143954275,25.0577500050787,2016-04-28,"12_35"
"267",266,"ZN5HV20","民生西　中山北(往東)",39.966667,6.6,32.5,0,121.519722000221,25.0575220384742,121.522845004353,25.0578899846763,2016-04-28,"12_35"
"268",267,"ZN5HV60","民生西路  雙連站-中山北路",33.107143,7.6,32.5,0,121.525521993862,25.058043041147,121.522845004353,25.0578899846763,2016-04-28,"12_35"
"269",268,"ZN5IG20","民生東路  新生北路-林森北路",40.644444,6,45.5,0,121.522845004353,25.0578899846763,121.525521993862,25.058043041147,2016-04-28,"12_35"
"270",269,"ZN5IG60","民生東路  中山北路-林森北路",36.71698,5.4,54.5,0,121.527593974766,25.0580270277509,121.525521993862,25.058043041147,2016-04-28,"12_35"
"271",270,"ZN5IU20","民生東路  林森北路-新生北路",43.016666,5,60.5,0,121.525521993862,25.058043041147,121.527593974766,25.0580270277509,2016-04-28,"12_35"
"272",271,"ZN5JX20","民生東路  新生北路-松江路",45.442623,4,61,0,121.531547994803,25.0579399813517,121.53313299757,25.0579159728731,2016-04-28,"12_35"
"273",272,"ZN5JX60","民生東路  建國北路-松江路",46.42157,6.466666,115,0,121.536919039933,25.057858005413,121.53313299757,25.0579159728731,2016-04-28,"12_35"
"274",273,"ZN8PG20","民生東路  敦化北路-光復北路",37.677418,11.2,33,0,121.552123981625,25.0579729758179,121.555236965001,25.0582509892992,2016-04-28,"12_35"
"275",274,"ZN8PT60","民生東路  松江路-新生北路",28.583334,7.2,48,0,121.53313299757,25.0579159728731,121.530199965209,25.0579630368021,2016-04-28,"12_35"
"276",275,"ZN9PZ60","民生東路  三民路-光復北路",38.48387,20.8,68.5,0,121.560520980176,25.0586280119212,121.5582810095,25.0584920009933,2016-04-28,"12_35"
"277",276,"ZNCRE20","民生東路  光復北路-三民路",43.69643,11.8,62,0,121.560520980176,25.0586280119212,121.563407019984,25.0588610281959,2016-04-28,"12_35"
"278",277,"ZQDLJ20","民族東路  松江路-復興北路",42.10294,6.3,70,0,121.536280012836,25.0681609592538,121.541008015539,25.0680809705608,2016-04-28,"12_35"
"279",278,"ZQEIH20","民族東路  中山北路-新生北路",41.430378,7.2,80,0,121.522870035759,25.0684350355759,121.525754004841,25.068351994266,2016-04-28,"12_35"
"280",279,"ZQEIV20","民族東路  松江路-新生北路",56.933334,2,30.5,0,121.525754004841,25.068351994266,121.527845966731,25.0683090008077,2016-04-28,"12_35"
"281",280,"ZQEJF20","民族東路  新生北路-松江路",50.966667,1.2,30,0,121.527845966731,25.0683090008077,121.53046196583,25.0682630230775,2016-04-28,"12_35"
"282",281,"ZQEJY20","民族東路  復興北路-松江路",41.360657,5.4,61,0,121.53046196583,25.0682630230775,121.533306991068,25.0682079612344,2016-04-28,"12_35"
"283",282,"ZQFHC20","民族西路  中山北路-承德路",41,0.33333334,5,0,121.51841003728,25.0684950038011,121.519570012124,25.0685090049757,2016-04-28,"12_35"
"284",283,"ZQFHV20","民族西路  承德路-中山北路",51.56,3.8,101.5,0,121.519570012124,25.0685090049757,121.522870035759,25.0684350355759,2016-04-28,"12_35"
"285",284,"ZQFHV60","民族東路  新生北路-中山北路",47.92857,1.75,14,0,121.525754004841,25.068351994266,121.522870035759,25.0684350355759,2016-04-28,"12_35"
"286",285,"ZQGFY60","民族西路  承德路-環河北路",33.5,12.4,50,0,121.515922954464,25.0685580163344,121.51373200123,25.0686110250405,2016-04-28,"12_35"
"287",286,"ZQGGJ20","民族西路  環河北路-承德路",38.153847,9,42,0,121.51373200123,25.0686110250405,121.515922954464,25.0685580163344,2016-04-28,"12_35"
"288",287,"ZNUNJ20","民權東路  復興北路-敦化北路",31.407408,6.666667,108,0,121.547949042975,25.0618890047209,121.550771020132,25.0614809697749,2016-04-28,"12_35"
"289",288,"ZNUNJ60","民權東路 光復北路-敦化北路",58.454544,2.8,90,0,121.554579045723,25.0618819961467,121.550771020132,25.0614809697749,2016-04-28,"12_35"
"290",289,"ZNXPC20","民權東路  敦化北路-光復北路",44.966293,2.6999998,90,0,121.550771020132,25.0614809697749,121.554579045723,25.0618819961467,2016-04-28,"12_35"
"291",290,"ZNXPC60","民權東路  撫遠街-光復北路",63.59155,3,72.5,0,121.559160048094,25.0622719808216,121.554579045723,25.0618819961467,2016-04-28,"12_35"
"292",291,"ZNZM920","民權東路  建國北路-復興北路",45.16981,4.7,53.5,0,121.540832956369,25.0621860248392,121.544232992862,25.062200957326,2016-04-28,"12_35"
"293",292,"ZNZM960","民權東路  光復北路-敦化北路",46.054546,2.6666665,55,0,121.54665001827,25.0619299949912,121.544232992862,25.062200957326,2016-04-28,"12_35"
"294",293,"ZP5KR20","民權東路  松江路-建國北路",41.322582,7.7,69,0,121.533203037377,25.062466042796,121.537017999938,25.0623710424569,2016-04-28,"12_35"
"295",294,"ZP5KR60","民權東路  松江路-建國北路",56.444443,0.4,9,0,121.540832956369,25.0621860248392,121.537017999938,25.0623710424569,2016-04-28,"12_35"
"296",295,"ZP5QG20","民權東路  光復北路-撫遠街",43.846153,4.333333,104,0,121.559160048094,25.0622719808216,121.560171962386,25.0624119833773,2016-04-28,"12_35"
"297",296,"ZP6IG60","民權東路  中山北路-新生北路",64.52631,50.5,39,0,121.527752013645,25.0626210276048,121.525630951348,25.0626739621405,2016-04-28,"12_35"
"298",297,"ZP6IV60","民權東路  松江路-新生北路",38.227272,9.3,94.5,0,121.53029899333,25.0625490279007,121.527752013645,25.0626210276048,2016-04-28,"12_35"
"299",298,"ZP6JY20","民權東路  新生北路-松江路",49,6,86.5,0,121.53029899333,25.0625490279007,121.533203037377,25.062466042796,2016-04-28,"12_35"
"300",299,"ZP6JY60","民權東路  建國北路-松江路",48.909092,6.125,61,0,121.537017999938,25.0623710424569,121.533203037377,25.062466042796,2016-04-28,"12_35"
"301",300,"ZP8GI20","民權西路        　大龍街(往東)",35.614174,6.0000005,137,0,121.516163984285,25.0598450024429,121.515958038642,25.0629250128546,2016-04-28,"12_35"
"302",301,"ZQEUU60","民權東路  瑞光路-撫遠街",52.065216,3.1,47,0,121.584317046042,25.0687650163875,121.582500003105,25.0682489842762,2016-04-28,"12_35"
"303",302,"ZQKVX60","民權東往西　成功路-瑞光路",55.160713,4.7,62,0,121.590899033537,25.0689469699906,121.5878369866,25.0690490446365,2016-04-28,"12_35"
"304",303,"ZQKWL20","民權東往東  瑞光路-成功路",70,0.5,3,0,121.5878369866,25.0690490446365,121.590899033537,25.0689469699906,2016-04-28,"12_35"
"305",304,"ZQKWL60","民權東路  民權隧道-成功路",32.75862,2.7,29,1,121.578835034172,25.0561200135216,121.590899033537,25.0689469699906,2016-04-28,"12_35"
"306",305,"ZQUWI20","民權東路  成功路-民權隧道",47.943398,4.1,56,0,121.590899033537,25.0689469699906,121.595239042545,25.0685590338722,2016-04-28,"12_35"
"307",306,"ZKDTY20","永吉路    基隆路-松山路",44.405796,15.6,79,0,121.577000980946,25.0454469963599,121.57779395367,25.045417010901,2016-04-28,"12_35"
"308",307,"ZKESJ10","永吉路    松山路-基隆路",39.166668,8,44,1,121.569048972781,25.0445750447065,121.57034304881,25.0456269949513,2016-04-28,"12_35"
"309",308,"Z3UNW00","仰德大道三段    陽明山國小(往北)",66.565216,4.2,34.5,0,121.548889955492,25.1106999832386,121.551666997229,25.1175510283918,2016-04-28,"12_35"
"310",309,"Z7HMH00","仰德大道四段　格致中學(往北)",43.48387,6.2,33,0,121.552832971224,25.1189279642201,121.545848991172,25.1338050273114,2016-04-28,"12_35"
"311",310,"ZXSLB20","仰德大道二段　2巷(嶺頭山莊)(往東)",47.685715,3.8,35,0,121.537158956528,25.1060750183634,121.539758042194,25.1018589858249,2016-04-28,"12_35"
"312",311,"ZHEPV00","光復南路 基隆路-信義路",42.52,4.5,50.5,0,121.557395974638,25.0293889718943,121.557448026394,25.0321149827166,2016-04-28,"12_35"
"313",312,"ZHEPV40","舊宗路一段南京六行善(往北)",40.5,2.5,86.5,0,121.557472029698,25.0330630202679,121.557448026394,25.0321149827166,2016-04-28,"12_35"
"314",313,"ZHKPV40","光復南路 仁愛路-信義路",22.42647,22.5,72,1,121.557521953655,25.0353829553836,121.557472029698,25.0330630202679,2016-04-28,"12_35"
"315",314,"ZIKPW00","仁愛路　光復南(往北)",33.71642,11.75,80,0,121.557521953655,25.0353829553836,121.557582024175,25.0376670102663,2016-04-28,"12_35"
"316",315,"ZJFPW00","光復南路 仁愛路-忠孝東路",38.38298,3.7333336,97,0,121.557619023949,25.0393190063412,121.557657972539,25.0413139705787,2016-04-28,"12_35"
"317",316,"ZJFPW40","光復南路   市民大道-忠孝東路",15.942029,17.3,72.5,2,121.557817980928,25.0481839882944,121.557657972539,25.0413139705787,2016-04-28,"12_35"
"318",317,"ZKAPX00","光復南路  忠孝東路-市民大道",41.583332,1.375,12,0,121.557657972539,25.0413139705787,121.55778403127,25.045105009154,2016-04-28,"12_35"
"319",318,"ZKAPX40","光復南路  八德路-市民大道",35.656715,12.3,100.5,0,121.557800985264,25.0466399849394,121.55778403127,25.045105009154,2016-04-28,"12_35"
"320",319,"ZKLPX00","光復南路  市民大道-八德路",40.4321,14.8,121.5,0,121.55778403127,25.045105009154,121.557800985264,25.0466399849394,2016-04-28,"12_35"
"321",320,"ZKWPX40","光復北路  南京東路-八德路",26.481482,8.4,55,1,121.557308017462,25.0515439744428,121.557817980928,25.0481839882944,2016-04-28,"12_35"
"322",321,"ZL7PX00","光復北路  八德路-南京東路",25.862068,10.7,63.5,1,121.557817980928,25.0481839882944,121.557842010172,25.0491139674837,2016-04-28,"12_35"
"323",322,"ZLNPU40","光復北路  健康路-南京東路",20.696203,10.7,81,1,121.556594046076,25.0536500051492,121.557308017462,25.0515439744428,2016-04-28,"12_35"
"324",323,"ZM7PP00","光復北路  南京東路-健康路",27.4,11.5,26.5,0,121.557308017462,25.0515439744428,121.556594046076,25.0536500051492,2016-04-28,"12_35"
"325",324,"ZM7PP40","光復北路  民生東路-健康路",35.206898,7.2,32,0,121.555604029826,25.0562180368435,121.556594046076,25.0536500051492,2016-04-28,"12_35"
"326",325,"ZN8PG00","光復北路  健康路-民生東路",25.648148,18.2,59.5,0,121.555604029826,25.0562180368435,121.555236965001,25.0582509892992,2016-04-28,"12_35"
"327",326,"ZN8PG40","光復北路  民權東路-民生東路",28.913044,14.2,50.5,1,121.554579045723,25.0618819961467,121.555236965001,25.0582509892992,2016-04-28,"12_35"
"328",327,"ZNXPC00","光復北路  民生東路-民權東路",41.243904,7.8,42.5,0,121.555236965001,25.0582509892992,121.554579045723,25.0618819961467,2016-04-28,"12_35"
"329",328,"ZLAJE40","吉林路    南京東路-長安東路",32.6,4.6,20.5,0,121.530049017891,25.0504970028238,121.530034960641,25.0496940059509,2016-04-28,"12_35"
"330",329,"ZLRJE00","吉林路    長安東路-南京東路",31.23077,3,13,0,121.52960297329,25.048152016889,121.530084993618,25.0520410356862,2016-04-28,"12_35"
"331",330,"ZLRJE40","吉林路  民生東路-南京東路",38.404255,8.8,47,0,121.530112024283,25.0536480257702,121.530084993618,25.0520410356862,2016-04-28,"12_35"
"332",331,"ZMEJE00","吉林路    南京東路-民生東路",40.64,4,25.5,0,121.530112024283,25.0536480257702,121.53013697346,25.0548400027191,2016-04-28,"12_35"
"333",332,"ZP6JF40","吉林路    民族東路-民生東路",30.142857,7.6,30.5,0,121.530367981607,25.0648059759803,121.53029899333,25.0625490279007,2016-04-28,"12_35"
"334",333,"ZPLJF00","吉林路    民生東路-民族東路",33,5.4,24,0,121.53029899333,25.0625490279007,121.530367981607,25.0648059759803,2016-04-28,"12_35"
"335",334,"ZMDXF00","向陽路    忠孝西路-南港路",60.375,0.6666667,8,0,121.595162952223,25.0527879741906,121.594851975867,25.0541070376211,2016-04-28,"12_35"
"336",335,"ZMLXB00","向陽路    重陽路-新明路",58.57143,3.6,57.5,0,121.594905003222,25.0548470311376,121.594135048916,25.0555719922456,2016-04-28,"12_35"
"337",336,"ZFNNH40","安和路    樂利路-和平東路",28.940298,24,77,0,121.549828991591,25.0280270129986,121.550318964963,25.0244679550359,2016-04-28,"12_35"
"338",337,"ZGNNK40","安和路    信義路-樂利街",35.086956,6,23.5,0,121.551611046257,25.0297450439059,121.550794959106,25.0290159835927,2016-04-28,"12_35"
"339",338,"ZHLNV00","安和路    樂利街-信義路",32.75,3.8,16.5,0,121.552432042233,25.0317009965039,121.552467960776,25.0331719873244,2016-04-28,"12_35"
"340",339,"ZHLNV40","安和路    仁愛路-信義路",39.83871,5.8,32,0,121.552527965838,25.035330014608,121.552467960776,25.0331719873244,2016-04-28,"12_35"
"341",340,"ZIMNN00","安和路    信義路-仁愛路",42.363636,2,11,0,121.552501995633,25.0361689992417,121.551775004519,25.0377789671945,2016-04-28,"12_35"
"342",341,"ZJGMT00","安和路    仁愛路-敦化南路",36.666668,1,12,0,121.546144043555,25.0415559881941,121.54718403224,25.0415430434721,2016-04-28,"12_35"
"343",342,"ZQ6WK40","成功路    民權東路-南京東路",37.27097,16.5,159,0,121.590703951387,25.067539018744,121.590850032986,25.0628439710575,2016-04-28,"12_35"
"344",343,"ZQKWL00","成功路    南京東路-民權東路",39.330097,11.8,113.5,0,121.590518979189,25.0660680113132,121.590899033537,25.0689469699906,2016-04-28,"12_35"
"345",344,"ZQKWL40","成功路    民權東路-陽光街",36.836735,14.7,115,1,121.590448033929,25.0699599893922,121.590899033537,25.0689469699906,2016-04-28,"12_35"
"346",345,"ZJPEI60","成都路    中華路-康定路",41.561405,5.9,59.5,0,121.507587971462,25.042359975048,121.505934044635,25.0427360392706,2016-04-28,"12_35"
"347",346,"ZJUDT20","成都　　康定路(往東)",40.307693,3,27,0,121.491488965562,25.0486350135639,121.502626999904,25.0435240419137,2016-04-28,"12_35"
"348",347,"Z3ZT820","至善路    中社路-產業道路",50,1.6666666,6,0,121.56567803258,25.1131100094587,121.573992032337,25.1163199945961,2016-04-28,"12_35"
"349",348,"ZWRLS20","至善路    福林路-故宮路",55.488373,4.733333,94,0,121.539927017509,25.0973710017973,121.542305981721,25.0971909722556,2016-04-28,"12_35"
"350",349,"ZWXMM60","至善路    至善路-故宮路",35.677418,7.8,33.5,0,121.550250990901,25.1002949696846,121.546524026218,25.0981420294763,2016-04-28,"12_35"
"351",350,"ZX9KL60","福林路    雨農路-至善路",59.60606,4.4666667,103,0,121.539927017509,25.0973710017973,121.536465021284,25.0992169702622,2016-04-28,"12_35"
"352",351,"ZXWNW20","至善路    故宮路-至善路",36.75,4.8,26,0,121.550250990901,25.1002949696846,121.552876962193,25.1022530355286,2016-04-28,"12_35"
"353",352,"ZZKPR20","至善路    至善路-中社路",44.125,3.25,16,0,121.557462985376,25.1076619562863,121.557154982438,25.1098199874148,2016-04-28,"12_35"
"354",353,"ZFWBS00","光復橋(往北)",50.4,2.3,50,0,121.49086798313,25.0244600211102,121.492498025584,25.0258449627048,2016-04-28,"12_35"
"355",354,"ZGKCG40","西園路    和平西路-西藏路",32.90698,3.266667,46,0,121.49632003092,25.0301110424846,121.495630982185,25.0286869877743,2016-04-28,"12_35"
"356",355,"ZHZD800","西園路    西藏路-和平西路",31.977777,3.4,46.5,0,121.496789992364,25.0310400013737,121.499313966025,25.0352559817825,2016-04-28,"12_35"
"357",356,"ZJPEI40","西寧南路  峨嵋街-內江街",38.45714,2.7,35,0,121.506196015376,25.0436650415371,121.505934044635,25.0427360392706,2016-04-28,"12_35"
"358",357,"ZKJEP40","西寧北路  忠孝西路-峨嵋街",30.047619,2.3,21,0,121.507321980866,25.0475609785168,121.507029990711,25.0465419809687,2016-04-28,"12_35"
"359",358,"ZGKCG20","西藏路    艋舺大道-西園路",27,1.4,12.5,1,121.495352031791,25.0282639566907,121.495630982185,25.0286869877743,2016-04-28,"12_35"
"360",504,"ZM010A0","復北地下道往北",67.31579,0.9,19,0,121.543293010912,25.0526770071354,121.543604042915,25.0502569816267,2016-04-28,"12_35"
"361",359,"ZGKCG60","西藏路    萬大路-西園路",47.612904,3,31.5,0,121.4991810355,25.0293430084573,121.495630982185,25.0286869877743,2016-04-28,"12_35"
"362",360,"ZGQDF20","西藏路    西園路-萬大路",43.085712,3.5,36,0,121.4991810355,25.0293430084573,121.500537976666,25.0293929749052,2016-04-28,"12_35"
"363",361,"ZGUEI60","西藏路    汀洲路-中華路",31.133333,2.9,30.5,1,121.507211962894,25.0306430435373,121.504117977474,25.0299949685813,2016-04-28,"12_35"
"364",362,"ZGYER20","西藏路    中華路-汀州路",31.423077,2.4,26,0,121.504117977474,25.0299949685813,121.507211962894,25.0306430435373,2016-04-28,"12_35"
"365",363,"Z1CPB00","辛亥路    木新路-光輝路",39.183674,11.4,57,0,121.553863985992,24.979864968356,121.554027961826,24.9832139755255,2016-04-28,"12_35"
"366",364,"Z1CPB40","辛亥路    光輝路-木新路",40.657894,7.8,41.5,0,121.554193981955,24.9848290313096,121.554027961826,24.9832139755255,2016-04-28,"12_35"
"367",365,"Z1HPC00","辛亥路    光輝路-懷恩隧道",34.5,2.5,10,0,121.554027961826,24.9832139755255,121.554193981955,24.9848290313096,2016-04-28,"12_35"
"368",366,"Z1SNV00","辛亥路    懷恩隧道-光輝路",45.744186,7,43.5,0,121.554193981955,24.9848290313096,121.552345039233,24.9877980335106,2016-04-28,"12_35"
"369",367,"ZAGPE40","辛亥路    懷恩隧道-興隆路",53.12,2.5,25,0,121.556817970959,25.0045190313385,121.554592045127,25.0008260047598,2016-04-28,"12_35"
"370",368,"ZB5PL00","辛亥路    興隆路-萬美街",53.794872,5.6,39,0,121.556817970959,25.0045190313385,121.558152990685,25.0060670412361,2016-04-28,"12_35"
"371",369,"ZB5PL40","辛亥路    萬美街-興隆路",44.837208,7.4,43,0,121.558541952787,25.0066609840938,121.558152990685,25.0060670412361,2016-04-28,"12_35"
"372",370,"ZB5PL60","辛亥路    辛亥隧道-萬美街",40.62069,7.75,31,0,121.558541952787,25.0066609840938,121.558152990685,25.0060670412361,2016-04-28,"12_35"
"373",371,"ZBQP700","辛亥路    萬美街-辛亥隧道",50.875,5.75,32,0,121.558152990685,25.0060670412361,121.558541952787,25.0066609840938,2016-04-28,"12_35"
"374",372,"ZDYN960","辛亥路    基隆路-辛亥隧道",52.666668,4.1,57,0,121.550875961883,25.018326973487,121.549057016913,25.0170070234282,2016-04-28,"12_35"
"375",373,"ZEFMN20","辛亥路    基隆路-復興南路",38.88889,9.8,86.5,0,121.543358978541,25.0212439864241,121.546649048669,25.0191459845886,2016-04-28,"12_35"
"376",374,"ZEFMN60","辛亥路    辛亥隧道-基隆路",43.06383,1.6666667,51.5,0,121.549057016913,25.0170070234282,121.546649048669,25.0191459845886,2016-04-28,"12_35"
"377",375,"ZEWM520","辛亥路    復興南路-建國南路",55.169353,9.8,186,0,121.541079986254,25.0213150435746,121.543358978541,25.0212439864241,2016-04-28,"12_35"
"378",376,"ZEWM560","辛亥路    復興南路-基隆路",51.816902,5.3,73,0,121.546649048669,25.0191459845886,121.543358978541,25.0212439864241,2016-04-28,"12_35"
"379",377,"ZF9KB20","辛亥路    汀州路-建國南路",39.57143,3,31.5,0,121.531857969838,25.0218990356169,121.534426045252,25.0223860105166,2016-04-28,"12_35"
"380",378,"ZF9KB60","辛亥路    建國南路-汀州路",38.333332,2.733333,37,0,121.537576990046,25.0222670349586,121.534426045252,25.0223860105166,2016-04-28,"12_35"
"381",379,"ZF9KW60","辛亥路    復興南路-建國南路",46.295082,4.25,62.5,0,121.543358978541,25.0212439864241,121.537576990046,25.0222670349586,2016-04-28,"12_35"
"382",380,"ZEUPN60","和平東路  臥龍街-基隆路",33.689655,3.2,29,1,121.557560005957,25.0196380340218,121.556513993491,25.0205809639847,2016-04-28,"12_35"
"383",381,"ZEZPT20","和平東路  基隆路-臥龍街",36.766666,2.3,31.5,0,121.55464904923,25.0223849731817,121.555546993352,25.0215150147704,2016-04-28,"12_35"
"384",382,"ZFPMQ20","和平東路  復興南路-基隆路",41.59322,6.5,68.5,0,121.543424023128,25.0248549855301,121.546683031722,25.0246709606404,2016-04-28,"12_35"
"385",383,"ZFQM660","和平東路  基隆路-復興南路",44.406593,8.6,96.5,0,121.546683031722,25.0246709606404,121.543424023128,25.0248549855301,2016-04-28,"12_35"
"386",384,"ZFTLH60","和平東路  復興南路-新生南路",45.95,7.3333335,106,0,121.537671024771,25.0256339943513,121.538838961141,25.0254760168588,2016-04-28,"12_35"
"387",385,"ZFYKD20","和平西路  師大路-新生南路",53.634453,13.266665,272,0,121.533620018857,25.0261720409252,121.534867967877,25.0260230159196,2016-04-28,"12_35"
"388",386,"ZG6J520","和平西路  新生南路-師大路",45.12838,10.6,180,0,121.525913962462,25.0267859703791,121.528519039679,25.0265699870944,2016-04-28,"12_35"
"389",387,"ZG8IK60","和平西路  重慶南路-羅斯福路",48,0.75,3,0,121.528519039679,25.0265699870944,121.525913962462,25.0267859703791,2016-04-28,"12_35"
"390",388,"ZG9HT60","和平東路  師大路-羅斯福路",49.666668,0.5,9,0,121.523912978148,25.0269469657233,121.522427026731,25.027032997263,2016-04-28,"12_35"
"391",389,"ZGBGJ60","和平西路  羅斯福路-重慶南路",40.014492,6.2,71,0,121.517986992022,25.0267239754063,121.515957978162,25.0272459956899,2016-04-28,"12_35"
"392",390,"ZH7EV20","莒光路    中華路-和平西路",41.166668,0.25,6,0,121.505301004035,25.03340303799,121.507889043338,25.0312189821961,2016-04-28,"12_35"
"393",391,"ZHHEF20","和平西路  南海路-中華路",43.04348,3.4,48.5,0,121.504857003723,25.0337749705175,121.505301004035,25.03340303799,2016-04-28,"12_35"
"394",392,"ZHZC820","和平西路  中華路-水源路",52.296875,5.6,79,0,121.491524963513,25.0354639551665,121.494408993903,25.0354079836009,2016-04-28,"12_35"
"395",393,"ZHZDJ20","和平西路  環河南路-中華路",37.62069,3.8,36,0,121.499313966025,25.0352559817825,121.501225987764,25.0352050366073,2016-04-28,"12_35"
"396",394,"ZISCI20","華江橋(往東)",71.1875,1.2,17,0,121.49086798313,25.0244600211102,121.496048048653,25.0388149699351,2016-04-28,"12_35"
"397",395,"ZJCTT20","忠孝東路  松信路-松山路",41.7193,5.25,58.5,0,121.575325038745,25.0408320443226,121.576929974667,25.0407980148635,2016-04-28,"12_35"
"398",396,"ZJCTT60","忠孝東路  松山路-松信路",39.703297,6.0666666,94.5,1,121.577831967601,25.0407769954083,121.576929974667,25.0407980148635,2016-04-28,"12_35"
"399",397,"ZJDST20","忠孝東路 松仁路-松信路",38.984375,4.4,66,0,121.570191965881,25.0409869811321,121.571935956922,25.0409349574797,2016-04-28,"12_35"
"400",398,"ZJERC20","忠孝東　基隆路(往東)",38.19101,10.1,96,1,121.562730957348,25.0411869587421,121.564464988337,25.041143998202,2016-04-28,"12_35"
"401",399,"ZJERC60","忠孝東路往西 松仁路-基隆路",45.916668,2.9999998,62,0,121.568686003029,25.0410379832092,121.564464988337,25.041143998202,2016-04-28,"12_35"
"402",400,"ZJES820","忠孝東路往東 基隆路-松仁路",44.105263,3.0666668,81.5,0,121.564464988337,25.041143998202,121.568686003029,25.0410379832092,2016-04-28,"12_35"
"403",401,"ZJFQQ60","忠孝東路  基隆路-逸仙路",30.602942,8.9,72,1,121.562730957348,25.0411869587421,121.561582048975,25.0412180286531,2016-04-28,"12_35"
"404",402,"ZJGNK60","忠孝四段170往西",43.60215,6.8,192.5,0,121.552971038,25.0414130111333,121.550770978706,25.0414659619593,2016-04-28,"12_35"
"405",403,"ZJGPC20","忠孝東路　延吉往東",50.074467,3.3333333,101,0,121.552971038,25.0414130111333,121.554487045962,25.0413890343382,2016-04-28,"12_35"
"406",404,"ZJHML20","忠孝東路  復興南路-大安路",51.4403,5.133333,134.5,0,121.543765995297,25.0416090380889,121.546144043555,25.0415559881941,2016-04-28,"12_35"
"407",405,"ZJHML60","忠孝東路  敦化南路-大安路",49.367645,6.533333,137.5,0,121.54718403224,25.0415430434721,121.546144043555,25.0415559881941,2016-04-28,"12_35"
"408",406,"ZJLJW20","忠孝東路  新生北路-建國南路",65.68627,1.2666667,53.5,0,121.529867965964,25.0431219811591,121.532867951087,25.0422989956186,2016-04-28,"12_35"
"409",407,"ZJQJI20","忠孝東路  建國南路-中山北路",35.905983,7.2666664,123,0,121.529867965964,25.0431219811591,121.530730009031,25.0428839936556,2016-04-28,"12_35"
"410",408,"ZJTJ820","忠孝東路  杭州北路-中山北路",45.27397,6.666667,146.5,0,121.526849011636,25.0439449738104,121.529006971227,25.0433510221623,2016-04-28,"12_35"
"411",409,"ZJXIQ20","忠孝東路  林森北路-杭州北路",42.172413,3.0666664,60.5,0,121.525107021695,25.0443669744632,121.526849011636,25.0439449738104,2016-04-28,"12_35"
"412",410,"ZK5IE20","忠孝東路  八德路-林森北路",42.315216,3.5333335,94,0,121.523344996927,25.044788032304,121.525107021695,25.0443669744632,2016-04-28,"12_35"
"413",411,"ZK8HY20","忠孝東路  館前路-林森北路",32.714287,26.333334,142.5,0,121.521632042379,25.0451920145688,121.523344996927,25.044788032304,2016-04-28,"12_35"
"414",412,"ZKAHN20","忠孝東路  林森北路-館前路",45.142857,9.333333,80,0,121.519582972501,25.0456320015231,121.521632042379,25.0451920145688,2016-04-28,"12_35"
"415",413,"ZKCUX20","忠孝東路  東新街-中坡南路",35.81967,6,63.5,1,121.581931038571,25.0441729612756,121.582718974582,25.0452810424302,2016-04-28,"12_35"
"416",414,"ZKLGD20","忠孝西路  中華路-館前路",54.21875,2.1333334,86.5,0,121.511009976667,25.0479730195554,121.515008984925,25.0467950373473,2016-04-28,"12_35"
"417",415,"ZKVVH20","忠孝東路  中坡南路-東新街",47.516666,4.6,62,0,121.582718974582,25.0452810424302,121.585100032729,25.0479620345473,2016-04-28,"12_35"
"418",416,"ZKXET20","忠孝西路  環河北路-塔城街",36.408333,11.666666,123.5,0,121.506503986656,25.0488909901789,121.507623047764,25.048616959465,2016-04-28,"12_35"
"419",417,"ZKXET60","忠孝西路  中華路-環河北路",42.91228,5.4,58.5,0,121.506758999056,25.0506060000321,121.507623047764,25.048616959465,2016-04-28,"12_35"
"420",418,"ZLEWS20","忠孝東路  東新街-向陽路",47.540985,5,63.5,0,121.589050998969,25.0492460032113,121.591322049175,25.0497339722126,2016-04-28,"12_35"
"421",419,"ZLEWS60","忠孝東路  向陽路-東新街",38.981133,5.4,56.5,0,121.575325038745,25.0408320443226,121.591322049175,25.0497339722126,2016-04-28,"12_35"
"422",420,"ZM64J20","忠孝東路  向陽路-研究院路",1.9444444,3.1,40,2,121.61261503992,25.0527349841585,121.615243008538,25.0530400109657,2016-04-28,"12_35"
"423",421,"ZM64J60","忠孝東路  研究院路-向陽路",65.86667,6,64.5,0,121.61629396121,25.053161955416,121.615243008538,25.0530400109657,2016-04-28,"12_35"
"424",422,"Z37JI40","忠誠路    天母東路-德行東路",52.48,2.7999997,53.5,0,121.532934016338,25.1149020373679,121.531068977338,25.1124079749547,2016-04-28,"12_35"
"425",423,"Z4FKA00","忠誠路    德行東路-天母東路",52.424656,3.8,75.5,0,121.532934016338,25.1149020373679,121.53466299808,25.1180829630573,2016-04-28,"12_35"
"426",424,"ZYBIB60","忠誠路    忠義街-中山北路",52.924244,3.266667,68,0,121.528898012559,25.1055090420039,121.52484602371,25.1040249679002,2016-04-28,"12_35"
"427",425,"ZYLJ600","忠誠路  中山北路-忠義街",38.55224,4.7999997,71.5,0,121.52484602371,25.1040249679002,121.528898012559,25.1055090420039,2016-04-28,"12_35"
"428",426,"ZZAJE00","忠誠路  忠義街-德行東路",58.75641,3.3333333,78,0,121.528898012559,25.1055090420039,121.530318019165,25.1083749664506,2016-04-28,"12_35"
"429",427,"ZZAJE60","忠誠路    中山北路-忠義街",24.366667,10.4,32,1,121.535907038271,25.1100249627925,121.530318019165,25.1083749664506,2016-04-28,"12_35"
"430",428,"Z3MER00","承德路    文林北路-吉利街",57.74286,3.6666667,35.5,0,121.50923497412,25.1124480055163,121.507130965865,25.1143699686909,2016-04-28,"12_35"
"431",429,"Z4VDD40","承德路    文林北路-基河路",61.68098,4.4,166.5,0,121.51136898907,25.1105090269283,121.511873979864,25.105577986075,2016-04-28,"12_35"
"432",430,"ZLIGO40","承德路    南京西路-市民大道",44.03077,4.4166665,67.5,0,121.517691970298,25.0532490075265,121.517028000562,25.050877024964,2016-04-28,"12_35"
"433",431,"ZLYGU00","承德路    市民大道-南京西路",45.03846,2.6,53,0,121.517028000562,25.050877024964,121.517691970298,25.0532490075265,2016-04-28,"12_35"
"434",432,"ZMQGX40","承德路    民生西路-南京西路",67.9375,0.73333335,16.5,0,121.51817497086,25.0573370422045,121.518144022001,25.0547379670373,2016-04-28,"12_35"
"435",433,"ZMWGW00","承德路    南京西路-民生西路",46.104477,3.2666664,71.5,0,121.518144022001,25.0547379670373,121.51817497086,25.0573370422045,2016-04-28,"12_35"
"436",434,"ZMWGW40","承德路民生西路往南",48.357143,3.8,119,0,121.518217038202,25.0601989750841,121.51817497086,25.0573370422045,2016-04-28,"12_35"
"437",435,"ZP8GX40","承德路    民族西路-民權西路",68.38461,2.3333335,73,0,121.518329979386,25.0658410329101,121.518278034,25.0628709805022,2016-04-28,"12_35"
"438",436,"ZQFGY00","承德路    民權西路-民族西路",59.86992,7.2666664,140,0,121.518329979386,25.0658410329101,121.51841003728,25.0684950038011,2016-04-28,"12_35"
"439",437,"ZR8GZ40","承德路    劍潭路-民族西路",50.57895,3.9166665,59,0,121.519132992345,25.0730250139216,121.51860298358,25.0718979983684,2016-04-28,"12_35"
"440",438,"ZRTHD00","承德路    民族東路-劍潭路",47.817307,7.8,105,0,121.519132992345,25.0730250139216,121.520142954438,25.075179002518,2016-04-28,"12_35"
"441",439,"ZV7GX00","承德路    中正路-劍潭路",39.148148,8.333333,30,0,121.521558963159,25.0888150438412,121.518350989573,25.0897839795481,2016-04-28,"12_35"
"442",440,"ZVCGQ40","承德路    大業路-吉利街",57.164444,10.733335,241.5,0,121.5014999737,25.1194989799831,121.503336993095,25.1178130018371,2016-04-28,"12_35"
"443",441,"ZVEGK00","承德路    劍潭路-中正路",49.036144,3.1333334,85,0,121.518350989573,25.0897839795481,121.516491996487,25.0910000387343,2016-04-28,"12_35"
"444",442,"ZVVGB40","承德路    基河路-中正路",42.552845,6.0625,127.5,1,121.514055017166,25.0959740116679,121.515635003385,25.092103988547,2016-04-28,"12_35"
"445",443,"ZJQEB00","昆明街    成都路-忠孝西路",39.857143,1.6,21,0,121.504532045206,25.041495018513,121.504825008811,25.0430019877903,2016-04-28,"12_35"
"446",444,"ZSEMV60","明水路    樂群一路-大直橋",55.840908,9.3,135,0,121.549573022597,25.0772759751444,121.547689985538,25.0774089666611,2016-04-28,"12_35"
"447",445,"ZSGLN60","明水路    大直橋-北安路",58.75,3,21,0,121.544389033262,25.0773219827372,121.541635006388,25.0776029893899,2016-04-28,"12_35"
"448",446,"ZT9NN00","明水路    北安路-樂群一路",37.73077,6.2,57.5,0,121.552044033409,25.0799839674544,121.551448019389,25.0818549822257,2016-04-28,"12_35"
"449",447,"ZHFHV00","杭州南路  羅斯福路-愛國東路",43.566036,8.2,73,0,121.522002025786,25.0295359980159,121.522274983141,25.0308619897926,2016-04-28,"12_35"
"450",448,"ZI6I900","杭州南路  愛國東路-信義路",44.784946,5.7333336,100,0,121.52675898022,25.0342589664573,121.524326005961,25.035441042185,2016-04-28,"12_35"
"451",449,"ZIPIF00","杭州南路  信義路-仁愛路",41.36111,3.6,38,0,121.524326005961,25.035441042185,121.525200027068,25.0382819856299,2016-04-28,"12_35"
"452",450,"ZJGIK00","杭州南路  仁愛路-忠孝東路",38.793102,5.7,59,0,121.525743009547,25.0401489702973,121.52615501421,25.0415549907144,2016-04-28,"12_35"
"453",451,"ZIGHK40","信義路　林森南(往南)",34.03093,10.9,100,0,121.521595040537,25.0387639638472,121.521081991794,25.0370229803464,2016-04-28,"12_35"
"454",452,"ZJMHU00","林森南路  仁愛路-忠孝東路",27.928572,5.8,43,0,121.522239033265,25.0410010298098,121.522650962936,25.0423980324317,2016-04-28,"12_35"
"455",453,"ZK8HY40","林森北路  長安東路-忠孝東路",35.789474,2.2,19,0,121.523806986935,25.0463219909129,121.523344996927,25.044788032304,2016-04-28,"12_35"
"456",454,"ZKII640","林森北路  忠孝東路-長安東路",32,0.5,3.5,0,121.524572008387,25.0491270245344,121.523806986935,25.0463219909129,2016-04-28,"12_35"
"457",455,"ZLRIF40","林森北路  長春路-長安東路",41.25,2.2,40,0,121.525458978715,25.0549099825207,121.525377993726,25.0520939617721,2016-04-28,"12_35"
"458",456,"ZMFIG00","林森北路  長安東路-長春路",19.381819,10.6,61.5,1,121.525377993726,25.0520939617721,121.525458978715,25.0549099825207,2016-04-28,"12_35"
"459",457,"ZN5IG00","林森北路  長春路-民生東路",25.95349,12.6,43.5,0,121.525458978715,25.0549099825207,121.525521993862,25.058043041147,2016-04-28,"12_35"
"460",458,"ZNKIG00","林森北路  民生東路-民權東路",42.764706,20.8,102,0,121.525521993862,25.058043041147,121.52557102941,25.0602910365096,2016-04-28,"12_35"
"461",459,"ZNKIG40","林森北路  民權東路-民生東路",31.466667,7.4,46,0,121.525606990661,25.0616809601453,121.52557102941,25.0602910365096,2016-04-28,"12_35"
"462",460,"ZPYIH00","林森北路  民權東路-民族東路",36.42857,9.2,44.5,0,121.525690048067,25.0648859887343,121.525707967089,25.0666460353804,2016-04-28,"12_35"
"463",461,"ZPYIH40","林森北路  民族東路-民權東路",31.186047,8.4,45,0,121.525754004841,25.068351994266,121.525707967089,25.0666460353804,2016-04-28,"12_35"
"464",462,"ZMEJW40","松江路    民生東路-南京東路",35.636364,2.9333332,46.5,0,121.53313299757,25.0579159728731,121.533070031058,25.0547930311624,2016-04-28,"12_35"
"465",463,"ZN5JX00","松江路    南京東路-民生東路",33.90278,10,85,0,121.533070031058,25.0547930311624,121.53313299757,25.0579159728731,2016-04-28,"12_35"
"466",464,"ZN5JX40","松江路  民權東路-民生東路",51.28358,5.6,85.5,0,121.533173047141,25.0602999587837,121.53313299757,25.0579159728731,2016-04-28,"12_35"
"467",465,"ZNLJX20","松江路    民生東路-民權東路",49.975,4.6,84.5,0,121.534847955769,25.0602940260267,121.533173047141,25.0602999587837,2016-04-28,"12_35"
"468",466,"ZP6JY40","松江路    民生東路-民權東路",46.10606,7.833333,72,0,121.533241968318,25.0647050407117,121.533203037377,25.062466042796,2016-04-28,"12_35"
"469",467,"ZQEJY00","松江路    民權東路-民族東路",35.032257,3.4444444,31.5,0,121.537017999938,25.0623710424569,121.533306991068,25.0682079612344,2016-04-28,"12_35"
"470",468,"ZDYJC00","金山南路  愛國東路-信義路",48.536587,2.4,41.5,0,121.526847003873,25.0316669589232,121.527272972601,25.0340489558628,2016-04-28,"12_35"
"471",469,"ZDYJC40","金山南路  仁愛路-信義路",41.903225,8,95.5,0,121.528340969147,25.0382519822543,121.527272972601,25.0340489558628,2016-04-28,"12_35"
"472",470,"ZG8IK40","金山南路  愛國東路-和平東路",39.295082,5,63,0,121.526308995626,25.0288699736331,121.525913962462,25.0267859703791,2016-04-28,"12_35"
"473",471,"ZHAIQ00","金山南路  和平東路-愛國東路",42.14706,5.3,68,0,121.526582976893,25.0301700427729,121.526847003873,25.0316669589232,2016-04-28,"12_35"
"474",472,"ZHAIQ40","金山南路  信義路-愛國東路",47.48,4.6,76.5,0,121.527272972601,25.0340489558628,121.526847003873,25.0316669589232,2016-04-28,"12_35"
"475",473,"ZIXJ740","金山南路  忠孝東路-仁愛路",24.508474,51.1,60.5,0,121.529195013205,25.0408220379251,121.528753043802,25.0394610024343,2016-04-28,"12_35"
"476",474,"ZJBJ900","金山南路  仁愛路-忠孝東路",31.085365,12,83,0,121.528753043802,25.0394610024343,121.529195013205,25.0408220379251,2016-04-28,"12_35"
"477",475,"ZKVJB60","長安東路  林森北路-新生北路",0,13.2,58,2,121.5314569682,25.0484610170838,121.52960297329,25.048152016889,2016-04-28,"12_35"
"478",476,"ZL6IA60","長安東路  中山北路-林森北路",41.594593,7.2,38.5,0,121.528453029474,25.048237003662,121.524572008387,25.0491270245344,2016-04-28,"12_35"
"479",477,"ZLBHN20","長安西路  承德路-中山北路",34.903225,5,31,0,121.517028000562,25.050877024964,121.521621966763,25.0498139771949,2016-04-28,"12_35"
"480",478,"ZLBHN60","長安東路  林森北路-中山北路",36.88,11,29,0,121.522839965486,25.0495300052462,121.521621966763,25.0498139771949,2016-04-28,"12_35"
"481",479,"ZLGGY60","長安西路  中山北路-承德路",37.86207,5.6,30,0,121.519977995024,25.0501899826042,121.518394001597,25.0506200193959,2016-04-28,"12_35"
"482",480,"ZLIGO20","長安西路  重慶北路-承德路",31.75,2.4,28,0,121.515453993572,25.0512350420078,121.517028000562,25.050877024964,2016-04-28,"12_35"
"483",481,"ZLKGF40","長安西路  承德路-重慶北路",32.083332,2.3333333,12.5,0,121.516127982904,25.0536160251129,121.515453993572,25.0512350420078,2016-04-28,"12_35"
"484",482,"ZLMG620","長安西路  環河北路-重慶北路",23.607843,3.8,51.5,1,121.511868965836,25.0520420013174,121.513928993666,25.0515830323019,2016-04-28,"12_35"
"485",483,"ZLTEQ40","長安西路  重慶北路-環河北路",31.8,3.4,12,0,121.507476028548,25.0537090347304,121.507242000006,25.0524010319773,2016-04-28,"12_35"
"486",484,"ZMDL800","長春路    復興北路-建國北路",27.113636,8.4,44.5,0,121.539122001065,25.0561339717854,121.539075961259,25.0546719547361,2016-04-28,"12_35"
"487",485,"ZMDL820","長春路    新生北路-松江路",30.51064,13.6,53.5,0,121.536845962901,25.0547340197055,121.539075961259,25.0546719547361,2016-04-28,"12_35"
"488",486,"ZMDLH20","長春路    建國北路-復興北路",22.846153,21.8,57,1,121.539075961259,25.0546719547361,121.540503002328,25.0546399550223,2016-04-28,"12_35"
"489",487,"ZMEJE20","長春路    松江路-新生北路",51.47826,5.75,26,0,121.527560028847,25.0548669637719,121.53013697346,25.0548400027191,2016-04-28,"12_35"
"490",488,"ZMEKD00","長春路    建國北路-松江路",34.5,8,37,0,121.534792956807,25.0520060131358,121.534823975309,25.0547690306678,2016-04-28,"12_35"
"491",489,"ZMFHU60","長春路    新生北路-中山北路",52.060608,5.4,35,0,121.525458978715,25.0549099825207,121.522713974682,25.0549919835593,2016-04-28,"12_35"
"492",490,"ZMFIG20","長春路    中山北路-新生北路",30.027027,21.8,40,0,121.522713974682,25.0549919835593,121.525458978715,25.0549099825207,2016-04-28,"12_35"
"493",491,"ZGYS640","松仁路往南   信義路-松平路",53.275,1.8,40.5,0,121.56829704186,25.0318759992408,121.568310021885,25.0304130431246,2016-04-28,"12_35"
"494",492,"ZHXS600","信義路   松仁路-松德路",37.144737,6.9333334,86.5,0,121.568291995067,25.0328239644553,121.56833098802,25.034792021521,2016-04-28,"12_35"
"495",493,"ZI9S600","松仁路住北   信義路-松壽路",39.964912,8.533334,125,0,121.568291995067,25.0328239644553,121.568354969459,25.0358029814327,2016-04-28,"12_35"
"496",494,"ZI9S640","松仁路往南 松高路-松壽路",36.825,3.0666668,81,0,121.568439012417,25.0390520357679,121.568354969459,25.0358029814327,2016-04-28,"12_35"
"497",495,"ZJES800","松仁路往北 松高路-忠孝東路",51.542374,1.6,61,0,121.570191965881,25.0409869811321,121.568686003029,25.0410379832092,2016-04-28,"12_35"
"498",496,"ZI9R760","松壽路   松智路-市府路",25.848484,6.8,70.5,1,121.565462026286,25.0358500395745,121.563529047497,25.0358840150263,2016-04-28,"12_35"
"499",497,"ZI9RI20","松壽路往東 市府路-松智路",34.133335,7.1,48.5,0,121.561339958224,25.0359290444265,121.565462026286,25.0358500395745,2016-04-28,"12_35"
"500",498,"ZI9RW20","松壽路   松智路-松仁路",34.789474,2.9333334,40,0,121.563529047497,25.0358840150263,121.567571981239,25.0358150020425,2016-04-28,"12_35"
"501",499,"ZIWR760","松高路往西   松仁路-市府路",30.093023,3.4,43.5,1,121.565526037298,25.0390909572895,121.563604049021,25.0391340109023,2016-04-28,"12_35"
"502",500,"ZI9RI40","松智路往南 松高路-松壽路",42.21212,4.7333336,74.5,0,121.565526037298,25.0390909572895,121.565462026286,25.0358500395745,2016-04-28,"12_35"
"503",501,"ZIWRJ00","松智路往北   松高路-松壽路",43.18182,4.5999994,73.5,0,121.565462026286,25.0358500395745,121.565526037298,25.0390909572895,2016-04-28,"12_35"
"504",502,"ZSM4D60","康湖路  康樂隧道住西",48.260868,1.25,14,0,121.62328997197,25.0782929587753,121.614297041317,25.0783040001469,2016-04-28,"12_35"
"505",505,"ZM210E0","復北地下道往南",65.55173,1.6,32.5,0,121.543685015519,25.0507070048541,121.543639996839,25.0478700113867,2016-04-28,"12_35"
"506",506,"ZHJRJ60","信義路往西 松仁路-松智路",39.235294,3.1,44,1,121.568291995067,25.0328239644553,121.565399005848,25.0328889864399,2016-04-28,"12_35"
"507",507,"ZHJS620","信義路   松智路-松仁路",39.327274,3.7,56.5,1,121.565399005848,25.0328889864399,121.568291995067,25.0328239644553,2016-04-28,"12_35"
"508",508,"ZHKPV60","信義路   光復南路-基隆路",20.128714,14.333333,115,1,121.559572982138,25.0330190123501,121.557472029698,25.0330630202679,2016-04-28,"12_35"
"509",509,"ZHKQD60","信義路往西 松智路-基隆路",32.56,10.6,51,0,121.561346000281,25.0329670051349,121.559572982138,25.0330190123501,2016-04-28,"12_35"
"510",510,"ZHKQP20","信義路   基隆路-松智路",37.313953,9.1,88.5,0,121.559572982138,25.0330190123501,121.561346000281,25.0329670051349,2016-04-28,"12_35"
"511",511,"ZHMML20","信義路四段  復興南路-大安路一段",30.181818,2.9,22.5,0,121.543589997887,25.0333580219207,121.545959009029,25.0333140381647,2016-04-28,"12_35"
"512",512,"ZHNJV20","信義路二段 金山南路一段-新生南路一段",27.454546,12.1,92.5,0,121.529966998193,25.0336970279168,121.532731042103,25.0335689678089,2016-04-28,"12_35"
"513",513,"ZIBHV20","信義路　紹興南(往東)",48.925926,0.8666667,28.5,0,121.521081991794,25.0370229803464,121.522743967498,25.0362140038064,2016-04-28,"12_35"
"514",514,"ZIGHK20","信義路　林森南(往東)",33.35,1.4666668,20.5,0,121.517742001752,25.0392739842801,121.521081991794,25.0370229803464,2016-04-28,"12_35"
"515",515,"ZLMR820","南京東　三民路(往東)",43.214287,5.6,32,0,121.560826031736,25.0514589603378,121.563808990757,25.0514019858846,2016-04-28,"12_35"
"516",516,"ZLRHT61","南京東路二段 林森北路- 中山北路一段",44.86937,17.933334,247.5,0,121.525377993726,25.0520939617721,121.52257401473,25.0522299753826,2016-04-28,"12_35"
"517",517,"ZM6GJ00","南京西路  重慶北路-承德路",23.225807,19.25,64,1,121.515453993572,25.0512350420078,121.516127982904,25.0536160251129,2016-04-28,"12_35"
"518",518,"ZM7FI60","南京西路  西寧北路-重慶北路",46.692307,3.8,27.5,0,121.511757968972,25.0538570290277,121.511044004189,25.0538139857533,2016-04-28,"12_35"
"519",519,"ZM7FN60","南京西路  重慶北路-西寧北路",46.42857,2.5,14.5,0,121.514345042521,25.0540280223188,121.511757968972,25.0538570290277,2016-04-28,"12_35"
"520",520,"ZM9QH20","健康路    光復北路-三民路",45.555557,1.3,20.5,0,121.558071018075,25.0537710361299,121.560480029864,25.0539610333122,2016-04-28,"12_35"
"521",521,"ZMBWS20","南港路    東新街-向陽路",179.33333,1.3333334,3.5,0,121.589773975213,25.0533690260495,121.591869039514,25.0540739950209,2016-04-28,"12_35"
"522",522,"ZMH3J60","南港路惠民街往西",39.52941,4.5,37,0,121.613222967702,25.055304999313,121.610307022877,25.0549559812064,2016-04-28,"12_35"
"523",523,"ZFVKW40","建國南路  和平東路-信義路",38.52055,5.7,73,0,121.537804008446,25.0334790135061,121.537671024771,25.0256339943513,2016-04-28,"12_35"
"524",524,"ZGLKW40","建國北路  忠孝東路-長安東路",18.894737,17.6,40,1,121.537804008446,25.0334790135061,121.537703955123,25.02875696332,2016-04-28,"12_35"
"525",525,"ZHMKW40","建國南路  信義路-和平東路",43.203705,2.6,54,0,121.537882966645,25.0380649934768,121.537804008446,25.0334790135061,2016-04-28,"12_35"
"526",526,"ZINKW00","建國南路  信義路-仁愛路",42.88889,0.7,9,0,121.537804008446,25.0334790135061,121.537882966645,25.0380649934768,2016-04-28,"12_35"
"527",527,"ZINKW40","建國南路  仁愛路-信義路",69.807014,1.6,63.5,0,121.537077016111,25.0417060435019,121.537882966645,25.0380649934768,2016-04-28,"12_35"
"528",528,"ZJ7KV40","建國南路  仁愛路-忠孝東路",33.57143,8.1,71.5,0,121.537077016111,25.0417060435019,121.537714045008,25.0401419725629,2016-04-28,"12_35"
"529",529,"ZJHKR40","建國南路  忠孝東路-仁愛路",40.577778,4.866667,90.5,0,121.53670903176,25.0483700001353,121.537077016111,25.0417060435019,2016-04-28,"12_35"
"530",530,"ZK7KP40","建國北路  長安東路-忠孝東路",28.806452,10,34.5,1,121.536660023401,25.0460589913958,121.536654952605,25.044894027352,2016-04-28,"12_35"
"531",531,"ZLAKQ20","建國北路  長安東路-南京東路",27.709677,7.833333,95,1,121.53670903176,25.0483700001353,121.536755027745,25.0496699659117,2016-04-28,"12_35"
"532",532,"ZMEKQ40","建國北路  民生東路-南京東路",37.463917,9.1,99.5,0,121.537017999938,25.0623710424569,121.536845962901,25.0547340197055,2016-04-28,"12_35"
"533",533,"ZN5KR40","建國北路  民權東路-民生東路",68.08,2.2,50.5,0,121.536969049226,25.0602590163787,121.536919039933,25.057858005413,2016-04-28,"12_35"
"534",534,"ZNLKR60","建國北路  民生東路-民權東路",29.281553,7,104.5,1,121.536919039933,25.057858005413,121.536969049226,25.0602590163787,2016-04-28,"12_35"
"535",535,"ZP5KR40","建國北路  民權東路-民生東路",43.780487,2.6,41,0,121.533306991068,25.0682079612344,121.537017999938,25.0623710424569,2016-04-28,"12_35"
"536",536,"ZPLKP40","建國北路  民權東路-民族東路",41.361702,3.5,48.5,0,121.533306991068,25.0682079612344,121.536731988135,25.0648819646366,2016-04-28,"12_35"
"537",537,"ZDKJT00","思源街    永福橋-汀州路",64.548386,2,34.5,0,121.536298988058,25.0109500438487,121.532225011006,25.0150820419637,2016-04-28,"12_35"
"538",538,"Z0UVS20","指南路三段      永興橋(往東)",28,1.5,3,0,121.58002702861,24.9850200340848,121.586386007339,24.9764449627281,2016-04-28,"12_35"
"539",539,"Z1IUI20","指南路    木新路-三段",20.865385,45,56.5,1,121.575850016972,24.9876089936322,121.58002702861,24.9850200340848,2016-04-28,"12_35"
"540",540,"ZHM3N40","研究院路  四段-三段",10.714286,17,14.5,2,121.613304013734,25.0338629974488,121.610802951982,25.0330880416036,2016-04-28,"12_35"
"541",541,"ZHX4E40","研究院路  舊莊路-研究院路",63.090908,1.5,11,0,121.616912004968,25.0360509867224,121.614367956927,25.0346169553628,2016-04-28,"12_35"
"542",542,"ZJM4U00","研究院路  研究院路-舊莊路",13.75,41.4,73,2,121.617002994333,25.0383530195968,121.616088990815,25.0438190201437,2016-04-28,"12_35"
"543",543,"ZJT4T00","胡適國小　研究(往北)",43.566666,2.4,32,0,121.620339975442,25.0398560094018,121.616924962474,25.0425240066233,2016-04-28,"12_35"
"544",544,"ZMZZC20","重陽路    向陽路-興華路",57.357143,2.4,15,0,121.604423028307,25.0576889819246,121.605365969207,25.0578289570684,2016-04-28,"12_35"
"545",545,"ZMZZC60","重陽路    三重路-興華路",58.129032,4,31.5,0,121.606674957763,25.0580949967257,121.605365969207,25.0578289570684,2016-04-28,"12_35"
"546",546,"ZND3C20","重陽路    興華路-向陽路",69.78049,4.6,44,0,121.606674957763,25.0580949967257,121.609147045383,25.0588249913166,2016-04-28,"12_35"
"547",547,"ZFDGP01","中正橋 還河東路-重慶路三段",57.787037,3.45,108.5,0,121.515554967994,25.0176109602662,121.516851988793,25.0230440039356,2016-04-28,"12_35"
"548",548,"ZFVGM00","中正橋(往北)",57.18,1.1,52,0,121.516834996122,25.02388403899,121.516376978859,25.025673016978,2016-04-28,"12_35"
"549",549,"ZFVGM40","中正橋(往南)",52.328125,2.3,69.5,0,121.515957978162,25.0272459956899,121.516376978859,25.025673016978,2016-04-28,"12_35"
"550",550,"ZGBGJ40","重慶南路  寧波西路-和平西路",51.839287,2.6,56,0,121.515285034627,25.0297760208443,121.515957978162,25.0272459956899,2016-04-28,"12_35"
"551",551,"ZGSGF00","重慶南路  和平西路-寧波西路",41.987015,6.4,78.5,0,121.515957978162,25.0272459956899,121.515285034627,25.0297760208443,2016-04-28,"12_35"
"552",552,"ZGSGF40","重慶南路  南海路-寧波西路",47.295082,4,61,0,121.514411951374,25.0318909909112,121.515285034627,25.0297760208443,2016-04-28,"12_35"
"553",553,"ZHBGA00","重慶南路  寧波西街-南海路",47.126583,4.8,79,0,121.515285034627,25.0297760208443,121.514411951374,25.0318909909112,2016-04-28,"12_35"
"554",554,"ZHBGA40","重慶南路  愛國西路-南海路",47.18868,3.2,53,0,121.512464029297,25.0352839832108,121.514411951374,25.0318909909112,2016-04-28,"12_35"
"555",555,"ZHYFT00","重慶南路  南海路-愛國西路",48.7027,1.9,37,0,121.514411951374,25.0318909909112,121.512464029297,25.0352839832108,2016-04-28,"12_35"
"556",556,"ZHYFT40","重慶南路  凱達格蘭-愛國西路",43.085106,3.1,47,0,121.512825007056,25.0387580163315,121.512464029297,25.0352839832108,2016-04-28,"12_35"
"557",557,"ZISFV00","重慶南路  愛國西路-凱達格蘭",44.179485,2.3,39,0,121.512464029297,25.0352839832108,121.512825007056,25.0387580163315,2016-04-28,"12_35"
"558",558,"ZJLFX40","重慶南路  忠孝西路-貴陽街",30.030304,10,34,0,121.513200976881,25.043423974533,121.513185975727,25.0422959656717,2016-04-28,"12_35"
"559",559,"ZJTFX00","重慶南路  凱達格蘭-忠孝西路",32.785713,5.9,43,0,121.513185975727,25.0422959656717,121.513200976881,25.043423974533,2016-04-28,"12_35"
"560",560,"ZLMG600","重慶北路  南京西路-忠孝西路",43.5,5.2,30.5,0,121.513657022645,25.0506269959056,121.513928993666,25.0515830323019,2016-04-28,"12_35"
"561",561,"ZM8GA00","重慶北路  忠孝西路-南京西路",42.75862,5,29,0,121.513928993666,25.0515830323019,121.514345042521,25.0540280223188,2016-04-28,"12_35"
"562",562,"ZNNFY00","重慶北路  民權西路-南京西路",41.253967,3.3333333,67,0,121.513642993311,25.0592219587576,121.513560982172,25.0607570152558,2016-04-28,"12_35"
"563",563,"ZP8FZ00","重慶北路  南京西路-民權西路",51.291138,3.5999997,85.5,0,121.513560982172,25.0607570152558,121.513579991329,25.0629869739192,2016-04-28,"12_35"
"564",564,"ZP8FZ40","重慶北路  民族西路-民權西路",39.32857,4.6,73,0,121.513655977625,25.0646660225622,121.513579991329,25.0629869739192,2016-04-28,"12_35"
"565",565,"ZQGFY00","重慶北路  民權西路-民族西路",44.5,3.5333333,58,0,121.513725959187,25.0672099803909,121.51373200123,25.0686110250405,2016-04-28,"12_35"
"566",566,"ZQGFY40","重慶北路　民族往南",51.272728,4,91.5,0,121.513739992576,25.0705030087528,121.51373200123,25.0686110250405,2016-04-28,"12_35"
"567",567,"ZT9FV00","重慶北路  酒泉街-後港街",41.967033,7.933333,95,1,121.513790034659,25.0728989733292,121.513119963143,25.0810360205121,2016-04-28,"12_35"
"568",568,"ZTGFS00","重慶北路  後港街-中正路",45.117645,7.2,106.5,1,121.513119963143,25.0810360205121,121.511903039504,25.0839469842273,2016-04-28,"12_35"
"569",569,"ZN0A0E0","新生高   濟南-八德路",70.882355,4.3,76,0,121.529611986266,25.0417600146039,121.530451043206,25.0445199751198,2016-04-28,"12_35"
"570",570,"ZN0B0E0","新生高    八德路-長安東路",45.418182,4.3,55.5,0,121.530451043206,25.0445199751198,121.529929035464,25.0482229884047,2016-04-28,"12_35"
"571",571,"ZN0C0E0","新生高    長安東路-民生東路",68.58559,5.4,111.5,0,121.529929035464,25.0482229884047,121.527834991006,25.0580210253257,2016-04-28,"12_35"
"572",572,"ZN0D0E0","新生高    民生東路-民權東路",77.55769,5.1,108,0,121.527834991006,25.0580210253257,121.527920015602,25.0626209720921,2016-04-28,"12_35"
"573",573,"ZN0E0E0","新生高    民權東路-民族東路",60.6,4.2,80,0,121.527920015602,25.0626209720921,121.528063040076,25.0683780157201,2016-04-28,"12_35"
"574",574,"ZN0F0E0","新生高    民族東路-中山北路",41.497437,7.6,195,1,121.528063040076,25.0683780157201,121.526515048147,25.0744939685962,2016-04-28,"12_35"
"575",575,"ZN2B0E0","新生高    民族東路-常春路",51.216496,6.1,101,1,121.527500962848,25.0684099869996,121.527275983599,25.05486797244,2016-04-28,"12_35"
"576",576,"ZN2C0E0","新生高    常春路-長安東路",56.858406,3.3,113.5,0,121.527275983599,25.05486797244,121.529315048607,25.0481229795987,2016-04-28,"12_35"
"577",577,"ZN2D0E0","新生高    長安東路-八德路",53.908257,8.866667,218,0,121.529315048607,25.0481229795987,121.530055043211,25.0443380281949,2016-04-28,"12_35"
"578",578,"ZN2E0E0","新生高    八德路-濟南路",60.239437,4,71.5,0,121.530055043211,25.0443380281949,121.529345963312,25.0418200062659,2016-04-28,"12_35"
"579",579,"ZIME520","桂林路    康定路-中華路",38.764706,4.2,37,0,121.501794036448,25.0383079783981,121.503843963401,25.0379939957712,2016-04-28,"12_35"
"580",580,"ZIME560","桂林路    中華路-康定路",32.13793,5.7,43.5,0,121.505160971467,25.0377549740791,121.503843963401,25.0379939957712,2016-04-28,"12_35"
"581",581,"ZIQDB00","桂林路    環河南路-康定路",26.741936,8.9,63.5,1,121.499359007,25.0366640361962,121.499801972417,25.0384510166092,2016-04-28,"12_35"
"582",582,"ZM7PP60","健康路    三民路-光復北路",47.36842,1.3,21.5,0,121.558071018075,25.0537710361299,121.556594046076,25.0536500051492,2016-04-28,"12_35"
"583",583,"ZM8PX60","健康路    塔悠路-三民路",47.107143,7.8,92,0,121.560480029864,25.0539610333122,121.558071018075,25.0537710361299,2016-04-28,"12_35"
"584",584,"ZMCSE20","健康路    三民路-塔悠路",40.698414,16.6,150.5,0,121.567261022773,25.0542959595979,121.569838992141,25.0544760409088,2016-04-28,"12_35"
"585",585,"ZRKQZ40","基湖路    堤頂大道-樂群一路",41.266666,4,16,0,121.56434000264,25.0786830098929,121.563198032993,25.0760600169591,2016-04-28,"12_35"
"586",586,"ZSPRA00","基湖路    樂群一路-堤頂大道",32.263157,5.2,21,1,121.563198032993,25.0760600169591,121.56434000264,25.0786830098929,2016-04-28,"12_35"
"587",587,"ZSPRA40","基湖路    內湖路-堤頂大道",29.81579,4.5,38.5,0,121.565014032304,25.0808109638181,121.56434000264,25.0786830098929,2016-04-28,"12_35"
"588",588,"ZCNKM20","福和橋(往東)",37.47222,2.6,37.5,0,121.527191965573,25.0058279992405,121.536298988058,25.0109500438487,2016-04-28,"12_35"
"589",589,"ZEFMN40","基隆路    台科大-辛亥路",40.036366,5.3,57.5,1,121.548697955585,25.0209529930949,121.546649048669,25.0191459845886,2016-04-28,"12_35"
"590",590,"ZF9NH00","基隆路    和平東路-辛亥路",55.31841,11,214.5,0,121.548697955585,25.0209529930949,121.550270031923,25.0223379595141,2016-04-28,"12_35"
"591",591,"ZFMNV00","基隆路    辛亥路-樂業街",36.456955,12.1,159,0,121.550270031923,25.0223379595141,121.552538018027,25.024342990434,2016-04-28,"12_35"
"592",592,"ZG7PG50","基隆路   光復南路-和平東路",43.446808,5.5,97,0,121.556058975459,25.0274349782037,121.555025031734,25.0265179787745,2016-04-28,"12_35"
"593",593,"ZGTPW00","基隆路往北 和平-光復",40.383457,13.5,135.5,0,121.557256035227,25.0291639754068,121.557395974638,25.0293889718943,2016-04-28,"12_35"
"594",594,"ZGTPW50","基隆路往南   信義路-光復南路",40.91971,10.666667,142.5,0,121.558972965305,25.0320100367059,121.557395974638,25.0293889718943,2016-04-28,"12_35"
"595",595,"ZI9QP10","基隆路   信義路-松壽路",72.01111,3.8,90.5,0,121.559572982138,25.0330190123501,121.561339958224,25.0359290444265,2016-04-28,"12_35"
"596",596,"ZI9QP12","基隆路地下道 松高路-忠孝東路",35.903225,2.1,31,0,121.559572982138,25.0330190123501,121.561339958224,25.0359290444265,2016-04-28,"12_35"
"597",597,"ZIKQU50","基隆路   忠孝東路-松高路",32.112,44.6,129.5,1,121.564464988337,25.041143998202,121.562308045387,25.0375229893969,2016-04-28,"12_35"
"598",598,"ZJERC40","基隆路    松隆路-忠孝東路",23.47,41.3,115,1,121.565833015229,25.0434050150789,121.564464988337,25.041143998202,2016-04-28,"12_35"
"599",599,"ZJERC50","基隆路地下道 松隆路-忠孝東路",51.106384,4.8,94.5,0,121.565833015229,25.0434050150789,121.564464988337,25.041143998202,2016-04-28,"12_35"
"600",600,"ZJERC51","基隆路地下道 忠孝東路-仁愛路",70.49383,3,81,0,121.565833015229,25.0434050150789,121.564464988337,25.041143998202,2016-04-28,"12_35"
"601",601,"ZJERC52","基隆路地下道 仁愛路-莊敬路",57.685184,5.9,109,0,121.565833015229,25.0434050150789,121.564464988337,25.041143998202,2016-04-28,"12_35"
"602",602,"ZJVRL10","基隆路地下道 忠孝東路-松隆路",44.508774,10.3,116,0,121.564464988337,25.041143998202,121.565833015229,25.0434050150789,2016-04-28,"12_35"
"603",603,"ZJVRL11","基隆路地下道 莊敬路-仁愛路",52.816666,6.1,121,0,121.564464988337,25.041143998202,121.565833015229,25.0434050150789,2016-04-28,"12_35"
"604",604,"ZL9SB00","基隆路    永吉路-南京東路",44.848103,3.75,84,0,121.568668999219,25.0481160326374,121.569388952581,25.049394985048,2016-04-28,"12_35"
"605",605,"ZIDDL00","康定路    艋舺大道-桂林路",38.090908,2.8,22.5,0,121.501225987764,25.0352050366073,121.501469028516,25.0365849766857,2016-04-28,"12_35"
"606",606,"ZH6CN60","莒光路    萬大路-西園路",81,0,1,0,121.499128048313,25.0311129696554,121.496789992364,25.0310400013737,2016-04-28,"12_35"
"607",607,"ZH6DG20","莒光路    西園路-萬大路",57.11111,0.6,9,0,121.499128048313,25.0311129696554,121.500584951897,25.0311530298818,2016-04-28,"12_35"
"608",608,"ZH6DG60","莒光路    中華路-萬大路",45.285713,0.6666667,7,0,121.502260029259,25.0312110268967,121.500584951897,25.0311530298818,2016-04-28,"12_35"
"609",609,"ZH7E720","莒光路    萬大路-中華路",41,0.25,4,0,121.502260029259,25.0312110268967,121.504123006686,25.0312500407107,2016-04-28,"12_35"
"610",610,"ZH7E760","莒光路    和平西路-中華路",32,0,3,1,121.506758960352,25.0312319580554,121.504123006686,25.0312500407107,2016-04-28,"12_35"
"611",611,"ZPMSV40","堤頂大道  舊宗路-民權東路",51.074326,5.866667,148,0,121.574644036603,25.0689740335339,121.572434000748,25.0648929728907,2016-04-28,"12_35"
"612",612,"ZPMSV41","堤頂大道  港墘路-舊宗路",41.74775,7.9333334,114,1,121.574644036603,25.0689740335339,121.572434000748,25.0648929728907,2016-04-28,"12_35"
"613",613,"ZRPSV00","堤頂大道  舊宗路-港墘路",43.38889,7.9333334,128,0,121.576456997579,25.0689400113753,121.573104990119,25.0727450219422,2016-04-28,"12_35"
"614",614,"ZRPSV01","堤頂大道  民權東路-高速公路",54.08387,4.666667,155,0,121.576456997579,25.0689400113753,121.573104990119,25.0727450219422,2016-04-28,"12_35"
"615",615,"ZRRST60","港墘路    瑞光路-堤頂大道",37.968254,13.6,132,0,121.574925973856,25.0763489994483,121.572251018319,25.0745540072367,2016-04-28,"12_35"
"616",616,"ZSGRX60","堤頂大道  港墘路-樂群一路",45.893616,6.2,94.5,0,121.568615951823,25.0773579907238,121.569426041674,25.0788620194116,2016-04-28,"12_35"
"617",617,"ZSPRA20","堤頂大道  樂群二路-基湖路",54.313725,4.6,57.5,0,121.562681985922,25.0802690253066,121.56434000264,25.0786830098929,2016-04-28,"12_35"
"618",618,"ZSPRA60","堤頂大道  樂群一路-基湖路",55.57647,5,85.5,0,121.569426041674,25.0788620194116,121.56434000264,25.0786830098929,2016-04-28,"12_35"
"619",619,"ZT5QV00","堤頂大道  基湖路-樂群二路",35.25862,6.4,59.5,1,121.56434000264,25.0786830098929,121.559675991089,25.0798829786784,2016-04-28,"12_35"
"620",620,"ZTXQL00","堤頂大道  樂群二路-內湖路",55.02941,2.3,34.5,0,121.559675991089,25.0798829786784,121.560798025759,25.0844919629128,2016-04-28,"12_35"
"621",621,"ZEWM500","復興南路  和平東路-辛亥路",38.717392,6,48.5,0,121.546649048669,25.0191459845886,121.543358978541,25.0212439864241,2016-04-28,"12_35"
"622",622,"ZFQM600","復興南路  辛亥路-和平東路",41.638298,5.25,47,0,121.543358978541,25.0212439864241,121.543424023128,25.0248549855301,2016-04-28,"12_35"
"623",623,"ZHLM800","復興南路  信義路-和平東路",46.866665,6.8,113.5,0,121.543450996578,25.0265249930903,121.543514975026,25.029802044624,2016-04-28,"12_35"
"624",624,"ZHMM600","復興南路  和平東路-信義路",31.386364,8.066667,91.5,1,121.543514975026,25.029802044624,121.543589997887,25.0333580219207,2016-04-28,"12_35"
"625",625,"ZIAM700","復興南路  仁愛路-信義路",40.256096,5.0000005,83.5,0,121.543589997887,25.0333580219207,121.543641970198,25.0360669774207,2016-04-28,"12_35"
"626",626,"ZJHM700","復興南路  八德路-仁愛路",40.574627,9.2,146,0,121.543679972316,25.0379439557612,121.543765995297,25.0416090380889,2016-04-28,"12_35"
"627",627,"ZK8M700","復興南路  仁愛路-八德路",45.27451,6.2666674,106.5,0,121.543765995297,25.0416090380889,121.543858974563,25.0448049947736,2016-04-28,"12_35"
"628",628,"ZLZM900","復興北路  民生東路-八德路",46.04386,6.8,120.5,0,121.543979964999,25.0498779617246,121.544039016678,25.0518279865621,2016-04-28,"12_35"
"629",629,"ZMQMV00","復興北路  長安東路-民生東路",37.2193,9.066667,120.5,0,121.544039016678,25.0518279865621,121.544080009502,25.0545359821337,2016-04-28,"12_35"
"630",630,"ZMZM900","復興北路  民族東路-民生東路",47.17347,5.2,113.5,0,121.544127005921,25.0560889961357,121.544143954275,25.0577500050787,2016-04-28,"12_35"
"631",631,"ZPWMA00","復興北路  復興北路479巷-民族東路",49.2,5.6,33,0,121.544261967908,25.0642500363121,121.544311026851,25.0663800226034,2016-04-28,"12_35"
"632",632,"ZFNN700","敦化南路  和平東路-基隆路",42.918365,2.4,49,0,121.548697955585,25.0209529930949,121.54872397733,25.0245550136163,2016-04-28,"12_35"
"633",633,"ZG8N700","敦化南路  基隆路-和平東路",33.68421,6,39.5,0,121.54872397733,25.0245550136163,121.548777018159,25.0299090120621,2016-04-28,"12_35"
"634",634,"ZGHN840","敦化南路  信義路-和平東路",31.666666,4.6,60,1,121.548772023306,25.0309469886371,121.548750040726,25.0281210101874,2016-04-28,"12_35"
"635",635,"ZHLN700","敦化南路  和平東路-信義路",38.345238,6.4,85.5,0,121.548772023306,25.0309469886371,121.548801983011,25.0332490373958,2016-04-28,"12_35"
"636",636,"ZHLN740","敦化南路  仁愛路-信義路",50.45283,6.4,75,0,121.548832990746,25.0378350028179,121.548801983011,25.0332490373958,2016-04-28,"12_35"
"637",637,"ZI6NV00","敦化南路  信義路-仁愛路",55.16129,5.8,91.5,0,121.548801983011,25.0332490373958,121.548841029422,25.0353880048891,2016-04-28,"12_35"
"638",638,"ZIMN840","敦化南路  忠孝東路-仁愛路",55.857143,2.7,36,0,121.548869022134,25.0414999940247,121.548832990746,25.0378350028179,2016-04-28,"12_35"
"639",639,"ZJGN700","敦化南路  仁愛路-忠孝東路",44.203125,8.125,69,0,121.548832990746,25.0378350028179,121.548869022134,25.0414999940247,2016-04-28,"12_35"
"640",640,"ZJGN740","敦化南路  市民大道-忠孝東路",53.530304,5.1,70,0,121.548813990848,25.0425840163909,121.548869022134,25.0414999940247,2016-04-28,"12_35"
"641",641,"ZJGPQ00","敦化南路  忠孝東路-市民大道",41.966667,9.25,67,0,121.548869022134,25.0414999940247,121.548883040402,25.0448050256844,2016-04-28,"12_35"
"642",642,"ZLPN800","敦化北路  南京東路-民生東路",52.71064,28.7,283.5,0,121.548917990989,25.0481810293354,121.548953968455,25.0517199839821,2016-04-28,"12_35"
"643",643,"ZLPN840","敦化北路　南京往南",58.32558,1.9,45,0,121.548975960019,25.054409990941,121.548953968455,25.0517199839821,2016-04-28,"12_35"
"644",644,"ZMYN840","敦化北路　民生往南",44.5,1,12,0,121.550771020132,25.0614809697749,121.549010024689,25.0576959838419,2016-04-28,"12_35"
"645",645,"ZNUNJ00","敦化北路  民生東路-民權東路",42.07317,2.5,45,0,121.549010024689,25.0576959838419,121.550771020132,25.0614809697749,2016-04-28,"12_35"
"646",646,"ZRRST40","堤頂大道  樂群一路-港墘路",46.942856,6.3,106.5,0,121.568615951823,25.0773579907238,121.572251018319,25.0745540072367,2016-04-28,"12_35"
"647",647,"ZS9TE00","港墘路    堤頂大道-瑞光路",26.727272,15.2,46.5,1,121.572251018319,25.0745540072367,121.574925973856,25.0763489994483,2016-04-28,"12_35"
"648",648,"ZSKTL00","港墘路    瑞光路-內湖路",39.57143,11.6,97.5,0,121.574925973856,25.0763489994483,121.576463957465,25.0787899816642,2016-04-28,"12_35"
"649",649,"ZN7ST40","塔悠路    民生東路-南京東路",37.27778,3.3333335,54.5,0,121.569336036624,25.0573130410427,121.569219980236,25.0579359682357,2016-04-28,"12_35"
"650",650,"ZPDS600","塔悠路    民生東路-民權東路",60.08772,2.3,57,0,121.568987952517,25.0592009613265,121.568254989216,25.0635370375905,2016-04-28,"12_35"
"651",651,"ZHWGD60","愛國東路  杭州南路-中山南路",50.12,3.2,52.5,0,121.518562980948,25.0341250146345,121.516464971111,25.0348820142513,2016-04-28,"12_35"
"652",652,"ZF9KB40","新生南路  和平東路-辛亥路",42.555557,2.2222223,22.5,0,121.534621959602,25.0239930302186,121.534426045252,25.0223860105166,2016-04-28,"12_35"
"653",653,"ZFYKD00","新生南路  和平東路-信義路",49.086956,1.4666666,23.5,0,121.534621959602,25.0239930302186,121.534867967877,25.0260230159196,2016-04-28,"12_35"
"654",654,"ZFYKD40","新生南路  信義路-和平東路",45.75714,6.6,159,0,121.534501041606,25.0282630326504,121.534867967877,25.0260230159196,2016-04-28,"12_35"
"655",655,"ZHNJV00","新生南路  和平東路-信義路",59.71028,4.4,127.5,0,121.533668995557,25.0306229867882,121.532731042103,25.0335689678089,2016-04-28,"12_35"
"656",656,"ZHNJV40","新生南路  仁愛路-信義路",57.63158,0.8,57,0,121.532745998436,25.0370089766945,121.532731042103,25.0335689678089,2016-04-28,"12_35"
"657",657,"ZINJW00","新生南路  信義路-仁愛路",52.944443,1.6666666,56,0,121.532745998436,25.0370089766945,121.53278995384,25.0381459966656,2016-04-28,"12_35"
"658",658,"ZJWJ700","濟南路　新生南(往北)",47.55,1.125,20.5,0,121.53278995384,25.0381459966656,121.532799029026,25.0401319618055,2016-04-28,"12_35"
"659",659,"ZJWJ740","濟南路　新生南(往南)",40.642857,3.25,44,0,121.532867951087,25.0422989956186,121.532799029026,25.0401319618055,2016-04-28,"12_35"
"660",660,"Z1TT960","新光路    秀明路-指南路",20.866667,2.4,15,1,121.57369500163,24.9908399886069,121.573683016811,24.9880870052629,2016-04-28,"12_35"
"661",661,"Z2AT940","新光路    動物園-秀明路",44.333332,2.25,22,0,121.574766985995,24.991260984932,121.573668989484,24.9916169569256,2016-04-28,"12_35"
"662",662,"Z2RTQ20","新光路    秀明路-動物園",48.041668,2.1,25.5,0,121.573668989484,24.9916169569256,121.576326038864,24.9963739744138,2016-04-28,"12_35"
"663",663,"Z2WUA20","新光路    動物園-木柵路",42.36,4.125,37,0,121.57731999534,24.9970019967358,121.578691028804,24.9978269832943,2016-04-28,"12_35"
"664",664,"Z2ZUI60","新光路    木柵路-動物園",46.962963,2.3,27,0,121.556305979647,24.9833049682009,121.580062038462,24.9986430191561,2016-04-28,"12_35"
"665",665,"ZRGUF00","瑞光路    民權東路-陽光街",24.06383,10,48,1,121.583348953413,25.0696270248052,121.580784016705,25.0721549896682,2016-04-28,"12_35"
"666",666,"ZRLUA20","瑞光路    港墘路-陽光街",23.6875,18,50,1,121.575419950873,25.076058008818,121.579185993159,25.0737239793243,2016-04-28,"12_35"
"667",667,"ZS6TI00","瑞光路    陽光街-港墘路",27.925,12.8,44.5,0,121.576941978354,25.0751140015776,121.575419950873,25.076058008818,2016-04-28,"12_35"
"668",668,"ZS9TE20","瑞光路    基湖路-港墘路",37.179485,9.6,42,0,121.572759036003,25.0773240048015,121.574925973856,25.0763489994483,2016-04-28,"12_35"
"669",669,"ZSNRE00","瑞光路    港墘路-基湖路",38.128204,6.8,41,0,121.572759036003,25.0773240048015,121.567487043713,25.079736043713,2016-04-28,"12_35"
"670",670,"ZGQDF40","萬大路    莒光路-西藏路",23.62963,4.4,27.5,1,121.500521983662,25.0302869935773,121.500537976666,25.0293929749052,2016-04-28,"12_35"
"671",671,"ZH6DG00","萬大路    西藏路-莒光路",28.235294,6,36.5,0,121.500521983662,25.0302869935773,121.500584951897,25.0311530298818,2016-04-28,"12_35"
"672",672,"ZWLJQ20","中正路    文林路-雨農路",25.59091,50.3,75.5,1,121.527914004661,25.0957539877762,121.532081004957,25.0965149679756,2016-04-28,"12_35"
"673",673,"ZWLJQ60","福林路    至善路-雨農路",48.846153,7.5,13,0,121.536465021284,25.0992169702622,121.532081004957,25.0965149679756,2016-04-28,"12_35"
"674",674,"ZX9KL00","福林路  雨農路-至善路",16.821428,21.5,31.5,1,121.532081004957,25.0965149679756,121.536465021284,25.0992169702622,2016-04-28,"12_35"
"675",675,"ZGBBW60","艋舺大道  西園路-西藏路",34.175674,5.6,79,0,121.491412989636,25.0320320121273,121.493567010528,25.0304360140662,2016-04-28,"12_35"
"676",676,"ZH9H820","艋舺大道  西藏路-西園路",33.284405,7.4,110,0,121.517577958089,25.0307160052516,121.519077965172,25.0316040148366,2016-04-28,"12_35"
"677",677,"ZHPEB20","艋舺大道  西園路-和平西路",56,3,7,0,121.502278002316,25.0331429837056,121.504857003723,25.0337749705175,2016-04-28,"12_35"
"678",678,"ZZLKH60","德行東路  忠誠路-東山路",33.38095,4.6,21,0,121.537643994892,25.1102899663973,121.535907038271,25.1100249627925,2016-04-28,"12_35"
"679",679,"ZRKQZ20","樂群一路  敬業三路-堤頂大道",46.36111,3.8,36,0,121.556333008992,25.0770699600733,121.563198032993,25.0760600169591,2016-04-28,"12_35"
"680",680,"ZSDPM60","樂群一路  堤頂大道-敬業三路",64,1,11,0,121.563198032993,25.0760600169591,121.556333008992,25.0770699600733,2016-04-28,"12_35"
"681",681,"Z1NQM40","興隆路    木柵路-木新路",31.05,3.6,20,0,121.56015395749,24.9887250125052,121.560907970987,24.9866280101785,2016-04-28,"12_35"
"682",682,"Z1VQH00","興隆路    木新路-木柵路",67.86957,2,23,0,121.560907970987,24.9866280101785,121.56015395749,24.9887250125052,2016-04-28,"12_35"
"683",683,"ZKLLH40","龍江路    南京東路-八德路",30.931034,11,29,0,121.540416005287,25.0482930031654,121.540507984494,25.0467130279066,2016-04-28,"12_35"
"684",684,"ZLQLI00","龍江路    八德路-南京東路",35.166668,8.6,24,0,121.540416005287,25.0482930031654,121.540450964514,25.0519040106691,2016-04-28,"12_35"
"685",685,"ZLQLI40","龍江路    民生東路-南京東路",23.40909,5.25,22.5,1,121.540503002328,25.0546399550223,121.540450964514,25.0519040106691,2016-04-28,"12_35"
"686",686,"ZMZLI00","龍江路    南京東路-民生東路",28.28125,4.4,32.5,0,121.540548959927,25.0561019717132,121.540695002758,25.057808013133,2016-04-28,"12_35"
"687",687,"ZNZLJ40","龍江路    民族東路-民權東路",22.961538,19.8,58,1,121.540932009273,25.064270962134,121.540832956369,25.0621860248392,2016-04-28,"12_35"
"688",688,"ZQDLJ00","龍江路    民權東路-民族東路",36.47619,13,48.5,0,121.540968999086,25.0659680093312,121.541008015539,25.0680809705608,2016-04-28,"12_35"
"689",689,"ZJJIA20","濟南路    中山北路-杭州南路",36.25,3.8,17.5,0,121.522650962936,25.0423980324317,121.524412994634,25.0419860111556,2016-04-28,"12_35"
"690",690,"ZJMHU60","濟南路    杭州南路-中山南路",38.52381,4,21,0,121.524412994634,25.0419860111556,121.522650962936,25.0423980324317,2016-04-28,"12_35"
"691",691,"ZHPBV00","環河南路  雙園街-和平西路",38.4,2.4,15,0,121.492139966366,25.0328610069458,121.493064999479,25.0338780288592,2016-04-28,"12_35"
"692",692,"ZQGF700","環河北路  民權西路-民族西路",53.408535,6.3999996,164.5,0,121.508455007197,25.0604770203252,121.509152959755,25.0686990238915,2016-04-28,"12_35"
"693",693,"ZR9F600","環河北路  民族西路-敦煌路",63.548386,1.7333333,62.5,0,121.509152959755,25.0686990238915,121.509138014824,25.0721570054014,2016-04-28,"12_35"
"694",694,"ZU8EF00","環河北路  敦煌路-葫蘆街",45.20714,6.0666666,140,0,121.508831954395,25.0750200412149,121.505624988292,25.0856570244771,2016-04-28,"12_35"
"695",695,"ZU8EF40","環河北路  葫蘆街-敦煌路",60.34437,4.2,151,1,121.544695970665,24.9963479680919,121.505624988292,25.0856570244771,2016-04-28,"12_35"
"696",696,"ZRPSV70","舊宗路    陽光街-港墘路",42.238094,5.5,65.5,0,121.573532983041,25.0730589879242,121.573104990119,25.0727450219422,2016-04-28,"12_35"
"697",697,"Z1XLD00","羅斯福六段　　338巷(往北)",45.991665,15.666667,153,0,121.539627994258,24.9884039846149,121.539593023896,24.9893789696449,2016-04-28,"12_35"
"698",698,"Z2WKS40","羅斯福路  興隆路-景隆街",38.56701,9.6,104,0,121.539572010853,25.0004930345653,121.539924954984,24.9996249638555,2016-04-28,"12_35"
"699",699,"ZB9L800","羅斯福路  景隆街-興隆路",32.988888,6.2,90.5,0,121.538875976488,25.0021749689403,121.538777027579,25.0043600422202,2016-04-28,"12_35"
"700",700,"ZCPKT00","基隆路    羅斯福路-台科大",40.33871,6.4,69,0,121.538218048803,25.0079910080027,121.537151963996,25.0111190411723,2016-04-28,"12_35"
"701",701,"ZCPKT40","羅斯福路  新生南路-舟山路",37.088234,8.933333,125,0,121.615421998675,25.045238998741,121.537151963996,25.0111190411723,2016-04-28,"12_35"
"702",702,"ZDTJW00","羅斯福路  舟山路-新生南路",36.66234,5.2000003,85.5,0,121.615421998675,25.045238998741,121.532676048938,25.0163530294391,2016-04-28,"12_35"
"703",703,"ZELJA00","羅斯福路  新生南路-辛亥路",43.442307,3.0666666,55.5,0,121.530653955262,25.0182920047246,121.529263036135,25.0196959585062,2016-04-28,"12_35"
"704",704,"ZEVIV40","羅斯福路  和平東路-辛亥路",41.77778,5.5333333,94.5,0,121.526321019366,25.0222799558399,121.528019016897,25.0208199577727,2016-04-28,"12_35"
"705",705,"ZG9HT00","羅斯福路  辛亥路-和平東路",40.816666,3.5333333,63.5,0,121.524447024164,25.0243270217011,121.522427026731,25.027032997263,2016-04-28,"12_35"
"706",706,"ZG9HT40","羅斯福路  愛國西路-和平東路",41.30841,7.8666663,117,0,121.521698026325,25.0280380386735,121.522427026731,25.027032997263,2016-04-28,"12_35"
"707",707,"ZGTHG00","羅斯福路  和平東路-愛國東路",42.974358,4.111111,40.5,0,121.521698026325,25.0280380386735,121.520388040963,25.0298390434143,2016-04-28,"12_35"
"708",708,"Z1VJK40","環河路   二號疏散門-秀朗大橋(往南)",68.04386,4.8,120.5,0,121.535720023976,24.9956970399229,121.530923048693,24.9888780366807,2016-04-28,"12_35"
"709",709,"Z2ASP40","木柵路    萬芳路-秀明路",45.295456,5,44,0,121.571743015186,24.9948559781927,121.571124042016,24.9916540118031,2016-04-28,"12_35"
"710",710,"Z2XTE40","木柵路    北二高-萬芳路",54.26923,3.2,27,0,121.575677996718,24.9995900320669,121.574570982811,24.9981499979952,2016-04-28,"12_35"
"711",711,"Z36Q560","至善路    產業道路-中社路",51,1,2,0,121.56567803258,25.1131100094587,121.5586820184,25.1119720174553,2016-04-28,"12_35"
"712",712,"Z56BU20","大度路    模構溪-貴子坑溪",47.02128,4.2222223,95.5,0,121.471406959474,25.122847008826,121.486079991891,25.121852037788,2016-04-28,"12_35"
"713",713,"Z56BU21","大度路    立德路-模構溪",54.60452,3.8,186.5,0,121.471406959474,25.122847008826,121.486079991891,25.121852037788,2016-04-28,"12_35"
"714",714,"Z9FKW40","竹子湖路 頂湖路口-湖田國小",37.4,2.3333333,5,0,121.538266991863,25.1739609595096,121.538424992067,25.1704069966872,2016-04-28,"12_35"
"715",715,"Z9FLB00","陽金公路　　　第二停車場-竹子湖派出所",44.8,3.4,20,0,121.545945950784,25.1554710113384,121.540059043383,25.1702439582841,2016-04-28,"12_35"
"716",716,"Z9HKV40","竹子湖路 中正山岔路口-頂湖路口",42.5,1,2,0,121.53325598564,25.1774710062518,121.538266991863,25.1739609595096,2016-04-28,"12_35"
"717",717,"Z9IJV70","竹子湖路 玉瀧谷入口-中正山岔路口",42.166668,1.3333334,6,0,121.535294977421,25.1693950335072,121.53325598564,25.1774710062518,2016-04-28,"12_35"
"718",718,"ZAAPB40","辛亥路    興隆路-懷恩隧道",42.38095,4.8,42.5,0,121.554592045127,25.0008260047598,121.554082978219,24.9998619843972,2016-04-28,"12_35"
"719",719,"ZCCKW00","羅斯福路五段 興隆路一段-汀洲路四段",51.97619,4.9,132.5,0,121.538777027579,25.0043600422202,121.538218048803,25.0079910080027,2016-04-28,"12_35"
"720",720,"ZD9JF40","思源街    汀州路-永福橋",58.342857,4.8,37,0,121.532225011006,25.0150820419637,121.530037960063,25.013373970355,2016-04-28,"12_35"
"721",721,"ZDTJT00","水源快 永春300巷-水源33巷",61.61905,2,42,0,121.525982952687,25.0150499941485,121.523984392375,25.0181323884863,2016-04-28,"12_35"
"722",722,"ZE7GH40","水源快 泉州街-中正橋",52.153847,1.8,13,0,121.512337036562,25.024008036655,121.515554967994,25.0176109602662,2016-04-28,"12_35"
"723",723,"ZEGCQ40","華中橋(往南)",37.3,3.8,54,0,121.497297962507,25.0193920120634,121.495672046971,25.0167069648863,2016-04-28,"12_35"
"724",724,"ZGIA660","萬板橋入城",54.944443,0.9,18,0,121.491765969925,25.0287539942334,121.48351202909,25.0284549768819,2016-04-28,"12_35"
"725",725,"ZGKBM20","萬板橋出城",51.53012,9,266,0,121.48351202909,25.0284549768819,121.491765969925,25.0287539942334,2016-04-28,"12_35"
"726",726,"ZGNEB00","中華路    泉州街-和平西路",27.282051,7.8,41,0,121.505894026742,25.0280020254308,121.504797970319,25.0291800395642,2016-04-28,"12_35"
"727",727,"ZHHDF40","康定路    桂林路-艋舺大道",41.65,6,21,0,121.501225987764,25.0352050366073,121.500523024255,25.0328149544301,2016-04-28,"12_35"
"728",728,"ZHHDF60","艋舺大道  和平西路-西園路",43.54717,4.8,53,0,121.502278002316,25.0331429837056,121.500523024255,25.0328149544301,2016-04-28,"12_35"
"729",729,"ZHSIP20","信義路二段 杭州南路一段-金山南路一段",50.661766,4,70,0,121.532731042103,25.0335689678089,121.52675898022,25.0342589664573,2016-04-28,"12_35"
"730",730,"ZIPIZ00","金山南路  信義路-仁愛路",33.07143,11.8,103,0,121.527272972601,25.0340489558628,121.528340969147,25.0382519822543,2016-04-28,"12_35"
"731",731,"ZJFQQ00","忠孝東　逸仙路(往北)",48.01639,5.4,70,0,121.561506001618,25.0375530161359,121.561582048975,25.0412180286531,2016-04-28,"12_35"
"732",732,"ZKGKP60","八德路    復興北路-建國北路",35.565216,6.3333335,25,0,121.540507984494,25.0467130279066,121.536660023401,25.0460589913958,2016-04-28,"12_35"
"733",733,"ZLKSH00","環東大道 南京東-永吉(往市民大道)",68.91912,9.733334,275,0,121.569388952581,25.049394985048,121.570635997613,25.0510870184925,2016-04-28,"12_35"
"734",734,"ZLKSH01","環東大道 南京東-永吉(下基隆路車道)",58.48052,8.2,77,0,121.569388952581,25.049394985048,121.570635997613,25.0510870184925,2016-04-28,"12_35"
"735",735,"ZMEKQ20","長春路    松江路-建國北路",57,1,2,0,121.534823975309,25.0547690306678,121.536845962901,25.0547340197055,2016-04-28,"12_35"
"736",736,"ZMGXG40","向陽路    南京東路-重陽路",55.252335,8.3,114,0,121.5927380079,25.0617350311717,121.594905003222,25.0548470311376,2016-04-28,"12_35"
"737",737,"ZMGXG60","重陽路    興華路-向陽路",34.238094,3,21,1,121.598270998839,25.0562240026668,121.594905003222,25.0548470311376,2016-04-28,"12_35"
"738",756,"ZSXTK20","內湖路一段629巷至港墘路(往東)",43.517857,3.5,56,0,121.574458952193,25.0803140070887,121.575813981766,25.0798309947066,2016-04-28,"12_35"
"739",738,"ZN5KR00","建國北路  南京東路-民生東路",33.870968,14.2,127,0,121.536882030345,25.0561880388567,121.536919039933,25.057858005413,2016-04-28,"12_35"
"740",739,"ZN5KR20","民生東路  松江路-建國北路",42.705883,11.133333,172,0,121.53313299757,25.0579159728731,121.536919039933,25.057858005413,2016-04-28,"12_35"
"741",740,"ZN5KR60","民生東路  龍江路-建國北路",45.6625,3.4,80.5,0,121.539168991943,25.0578130194978,121.536919039933,25.057858005413,2016-04-28,"12_35"
"742",741,"ZNE4D00","三重路    南港路-重陽路",48.857143,1.3333334,7,0,121.613990028591,25.0561510020384,121.614202995377,25.0590299560764,2016-04-28,"12_35"
"743",742,"ZNES640","塔悠路    民權東路-民生東路",56.18421,2.1,38.5,0,121.566393042917,25.0617389986567,121.56842301712,25.0592030345056,2016-04-28,"12_35"
"744",743,"ZNES900","塔悠路    南京東路-民生東路",39.037037,3.1333332,56,0,121.569336036624,25.0573130410427,121.568987952517,25.0592009613265,2016-04-28,"12_35"
"745",744,"ZPBEX40","環河北路  民族西路-民權西路",48.3578,6,109,0,121.509152959755,25.0686990238915,121.508408030157,25.06338404172,2016-04-28,"12_35"
"746",745,"ZPBTD70","舊宗一路 新湖三路-新湖二路",41.62037,5.15,113,0,121.578010563984,25.0617465942066,121.57673898964,25.0634769719204,2016-04-28,"12_35"
"747",746,"ZRCM940","北安路　　大直橋(往南)",56.61842,3,76,0,121.544439045382,25.0797320109504,121.54394103146,25.0723759943564,2016-04-28,"12_35"
"748",747,"ZRNIF00","中山北路三段 酒泉街-新生北路三段",55.577778,3,93.5,0,121.523484986936,25.0706980075331,121.52537896751,25.0742620007958,2016-04-28,"12_35"
"749",748,"ZRNIF40","中山北   圓山隧道(往南)",47.942528,11.4,276.5,0,121.524396034032,25.0797770077648,121.52537896751,25.0742620007958,2016-04-28,"12_35"
"750",749,"ZS7SN60","堤頂大道二段 基湖路-堤頂大道二段246巷",62.38889,3.8,73.5,0,121.56434000264,25.0786830098929,121.568615951823,25.0773579907238,2016-04-28,"12_35"
"751",750,"ZSHZU60","康寧路至康湖路",45.19355,1.4,32.5,0,121.606728971073,25.0815539591478,121.60709802556,25.0775119867938,2016-04-28,"12_35"
"752",751,"ZSMQQ40","堤頂大道  內湖路-樂群二路",55.4,1.6,25,0,121.560798025759,25.0844919629128,121.562681985922,25.0802690253066,2016-04-28,"12_35"
"753",752,"ZSNVA60","內湖路二段66巷至文德路(往西)",35.634617,17.625,54.5,0,121.581201016291,25.0784730419353,121.578872007996,25.0785819934189,2016-04-28,"12_35"
"754",753,"ZSQVZ20","文德路101巷至220巷(往東)",54.217392,2.4,46.5,0,121.583618987703,25.0785000267399,121.588001994132,25.0787989772924,2016-04-28,"12_35"
"755",754,"ZSSWC60","文德路　成功路(往西)",39.163933,6.8,64,0,121.590956045347,25.0807640102294,121.588795956516,25.0789939938149,2016-04-28,"12_35"
"756",755,"ZSVMA00","濱江街　　大直橋(往北)",57.564518,2,63,0,121.54394103146,25.0723759943564,121.544439045382,25.0797320109504,2016-04-28,"12_35"
"757",757,"ZT6HS40","後港街 承德路(往南)",50.5625,1.6666666,32,0,121.5231270065,25.0821649794345,121.522416987497,25.0807320219209,2016-04-28,"12_35"
"758",758,"ZT8SZ60","內湖路一段洲子街至591巷(往西)",37.367645,6,70.5,0,121.574141993349,25.080432958623,121.573151968088,25.080771001613,2016-04-28,"12_35"
"759",759,"ZTHRR20","內湖一段二八五(往東)",45.064518,4.1,63,0,121.565517009718,25.0823620446203,121.566873977606,25.0821579806827,2016-04-28,"12_35"
"760",760,"ZTWD760","重陽大橋 延平北路六段-重陽橋 ",63.97959,3,51.5,0,121.505624988292,25.0856570244771,121.499370989401,25.084592036831,2016-04-28,"12_35"
"761",761,"ZTXQJ20","內湖路一段文湖路至91巷(往東)",40.252335,3.6666667,110.5,0,121.559698043141,25.0849069801418,121.560812033407,25.0845420153818,2016-04-28,"12_35"
"762",762,"ZTYXQ60","成功路五段324巷至420巷(往西)",40.363636,3.1,46,0,121.598776038888,25.0846779763565,121.596515044747,25.0844610221507,2016-04-28,"12_35"
"763",763,"ZTZY920","成功四段三二四(往東)",35.333332,7.8,46,0,121.595224987996,25.0841869673208,121.598776038888,25.0846779763565,2016-04-28,"12_35"
"764",764,"ZU5QC60","內湖路一段91巷至文湖路(往西)",31.666666,0,3,0,121.560812033407,25.0845420153818,121.559698043141,25.0849069801418,2016-04-28,"12_35"
"765",765,"ZU8P760","北安路 劍南路-敬業三路",52.044117,5.35,131.5,0,121.556317982132,25.0846900178608,121.553911974051,25.0853220410784,2016-04-28,"12_35"
"766",766,"ZUIFC60","百齡橋 通河東街一段-重陽橋",47.916203,9.000001,189,0,121.515487974394,25.090281016709,121.510577042701,25.0870570201792,2016-04-28,"12_35"
"767",767,"ZV9GE20","百齡橋 重陽橋-通河東街一段",48.188526,9.85,247.5,0,121.510577042701,25.0870570201792,121.515487974394,25.090281016709,2016-04-28,"12_35"
"768",768,"ZV9IT40","中山北路  中正路-小北街",36.069443,2.9,72,1,121.528014004153,25.0937130284284,121.527473957656,25.0902389796397,2016-04-28,"12_35"
"769",769,"ZWVFW00","承德路    中正路-洲美路",57.45652,3.75,47.5,0,121.514055017166,25.0959740116679,121.513357991724,25.0976729730527,2016-04-28,"12_35"
"770",770,"ZYQKQ70","仰德大道二段　2巷(嶺頭山莊)(往西)",39.479168,7.8,48,0,121.539758042194,25.1018589858249,121.537158956528,25.1060750183634,2016-04-28,"12_35"
"771",771,"ZZKPR60","至善路    中社路-至善路",46.545456,2.8,22,0,121.5586820184,25.1119720174553,121.557154982438,25.1098199874148,2016-04-28,"12_35"
