"","_id","SectionId","SectionName","AvgSpd","AvgOcc","TotalVol","MOELevel","StartWgsX","StartWgsY","EndWgsX","EndWgsY","date","time"
"1",1,"Z0111C0","市高往東  環河中華",40.707317,17.6,164,0,121.506955002167,25.0499479957493,121.507057986923,25.0504089798186,2016-05-27,"11_10"
"2",2,"Z0120C0","市高往東  中華承德",69.09804,6.9,313,1,121.507057986923,25.0504089798186,121.514669994797,25.0488470329132,2016-05-27,"11_10"
"3",3,"Z0130A0","市高往東  承德中山",72.87417,8.266666,302,0,121.514669994797,25.0488470329132,121.530466977389,25.0458740396192,2016-05-27,"11_10"
"4",4,"Z0130A1","市高往東  中山林森",69.65951,10,327,1,121.514669994797,25.0488470329132,121.530466977389,25.0458740396192,2016-05-27,"11_10"
"5",5,"Z0140C0","市高往東  新生建國",58.15,12.7,263.5,0,121.530466977389,25.0458740396192,121.536157036992,25.0443180284222,2016-05-27,"11_10"
"6",6,"Z0140C1","市高往東  建國復興",66.3029,10.2,245.5,0,121.530466977389,25.0458740396192,121.536157036992,25.0443180284222,2016-05-27,"11_10"
"7",7,"Z0150C0","市高往東  復興敦化",66.97493,12.933332,360,0,121.536157036992,25.0443180284222,121.557631047561,25.0447609827095,2016-05-27,"11_10"
"8",8,"Z0150C1","市高往東  敦化上方",66.84507,0.8,72,0,121.536157036992,25.0443180284222,121.557631047561,25.0447609827095,2016-05-27,"11_10"
"9",9,"Z0150C2","市高往東  敦化延吉",72.13559,6.333333,236,1,121.536157036992,25.0443180284222,121.557631047561,25.0447609827095,2016-05-27,"11_10"
"10",10,"Z0160C0","市高往東  延吉永吉",74.50265,6.6,189,0,121.557631047561,25.0447609827095,121.569229955283,25.0455460393449,2016-05-27,"11_10"
"11",11,"Z0380F0","正氣橋  麥一市民",68.94915,2.3,59,0,121.569772042499,25.0461890146634,121.569771009262,25.0459439976653,2016-05-27,"11_10"
"12",12,"Z0390G0","市高往西  永吉光復",67.49416,10.6,257,0,121.569771009262,25.0459439976653,121.567512021271,25.0458909827904,2016-05-27,"11_10"
"13",13,"Z03A0G1","市高往西  光復延吉",56.72477,18.2,327,1,121.567512021271,25.0458909827904,121.557667048171,25.0454680148637,2016-05-27,"11_10"
"14",14,"Z03B0G0","市高往西  延吉復興",78.46207,6.0666666,291.5,0,121.557667048171,25.0454680148637,121.536126020332,25.0450250384754,2016-05-27,"11_10"
"15",15,"Z03C0G0","市高往西  復興建國",62.958332,9.2,242,1,121.536126020332,25.0450250384754,121.530571036066,25.0465189949323,2016-05-27,"11_10"
"16",16,"Z03C0G1","市高往西  建國新生",72.16129,10.3,248,0,121.536126020332,25.0450250384754,121.530571036066,25.0465189949323,2016-05-27,"11_10"
"17",17,"Z03D0G0","市高往西  新生林森",66.78161,3.7999997,175,1,121.530571036066,25.0465189949323,121.515177951736,25.0495210244858,2016-05-27,"11_10"
"18",18,"Z03D0G1","市高往西  林森中山",68.14734,9.266666,319,1,121.530571036066,25.0465189949323,121.515177951736,25.0495210244858,2016-05-27,"11_10"
"19",19,"Z03E0G0","市高往西  承德重慶",48.142857,18,242,2,121.515177951736,25.0495210244858,121.507228991091,25.0510220354424,2016-05-27,"11_10"
"20",20,"Z03E0G1","市高往西  重慶中華",42.507874,12.7,256.5,1,121.515177951736,25.0495210244858,121.507228991091,25.0510220354424,2016-05-27,"11_10"
"21",21,"Z5062G0","市高往西  中華環河",53,10,116,1,121.507228991091,25.0510220354424,121.497868957546,25.0400649616175,2016-05-27,"11_10"
"22",22,"Z1001B0","建國快往北 辛亥高架接建高",94.77273,2.4,66,0,121.536995038696,25.0228289705983,121.53770600753,25.0229289599307,2016-05-27,"11_10"
"23",23,"Z1010A0","建國快往北 辛亥信義",75.40385,9.333333,277,0,121.53770600753,25.0229289599307,121.53806600958,25.0355689692847,2016-05-27,"11_10"
"24",24,"Z1010A1","建國快往北 和平信義",77.21296,7.333333,228.5,0,121.53770600753,25.0229289599307,121.53806600958,25.0355689692847,2016-05-27,"11_10"
"25",25,"Z1011A0","建國快往北 信義路上匝道",43.42647,9.2,68,0,121.537818032218,25.0344000079271,121.53806600958,25.0355689692847,2016-05-27,"11_10"
"26",26,"Z1020A0","建國快往北 信義仁愛",66.68051,9.4,313,0,121.53806600958,25.0355689692847,121.537962958846,25.0357070206232,2016-05-27,"11_10"
"27",27,"Z1030A0","建國快往北 仁愛忠孝",59.81982,9.466666,225,0,121.537962958846,25.0357070206232,121.53712002298,25.0420240374186,2016-05-27,"11_10"
"28",28,"Z1040A0","建國快往北 忠孝長安",66.804665,14.533333,383.5,0,121.53712002298,25.0420240374186,121.536836031321,25.0460820090283,2016-05-27,"11_10"
"29",29,"Z1050A0","建國快往北 南京東路",70.33977,5.866667,260.5,0,121.537031988413,25.0497290015224,121.536885031022,25.0495280262993,2016-05-27,"11_10"
"30",30,"Z1060A0","建國快往北 南京民權",69.7785,11.266667,309,0,121.536885031022,25.0495280262993,121.537105027258,25.061757993861,2016-05-27,"11_10"
"31",31,"Z1070A0","建國快往北 民權民族",68.326385,17.7,315,0,121.537105027258,25.061757993861,121.534361045097,25.0672949565866,2016-05-27,"11_10"
"32",32,"Z1080A0","建國快往北 民族濱江",94.234566,3.4,82,0,121.534361045097,25.0672949565866,121.533422973875,25.0689429692608,2016-05-27,"11_10"
"33",33,"Z10D2A0","建國快往北 民權東路下匝道",56.913044,9.4,92,0,121.537105027258,25.061757993861,121.537488045992,25.06147096043,2016-05-27,"11_10"
"34",34,"Z10E2A0","建國快往北 南京東路下匝道",54.756096,7.8,82,0,121.537031988413,25.0497290015224,121.537171960091,25.050782973455,2016-05-27,"11_10"
"35",35,"Z1210E0","建國快往南 濱江民權",49.047432,21.8,261,0,121.533418991878,25.0689390112276,121.53435399476,25.0672920027059,2016-05-27,"11_10"
"36",36,"Z1220E0","建國快往南 民權東路",70.72,12,227,0,121.53435399476,25.0672920027059,121.536693985588,25.0612780140168,2016-05-27,"11_10"
"37",37,"Z1221E0","建國快往南 民權上匝道",41.627117,7,59,0,121.536437036293,25.0617689851535,121.536693985588,25.0612780140168,2016-05-27,"11_10"
"38",38,"Z1230E0","建國快往南 民權長春",83.70588,0.46666664,18.5,0,121.536693985588,25.0612780140168,121.536592989789,25.0533579739567,2016-05-27,"11_10"
"39",39,"Z1231E0","建國快往南 長春路上匝道",48.342857,8.6,70.5,0,121.536882030345,25.0561880388567,121.536592989789,25.0533579739567,2016-05-27,"11_10"
"40",40,"Z1240E0","建國快往南 長春長安",53.935028,10.666667,354,1,121.536592989789,25.0533579739567,121.536352037032,25.0461559817578,2016-05-27,"11_10"
"41",41,"Z1241E0","建國快往南 長安東路上匝道",40.52174,5,69.5,0,121.53670903176,25.0483700001353,121.536352037032,25.0461559817578,2016-05-27,"11_10"
"42",42,"Z1250E0","建國快往南 長安忠孝",72.61089,9.6,270,0,121.536352037032,25.0461559817578,121.536372990119,25.0430219911443,2016-05-27,"11_10"
"43",43,"Z1260E0","建國快往南 忠孝仁愛",67.77104,11.6,304,0,121.536372990119,25.0430219911443,121.537569973104,25.0395320152659,2016-05-27,"11_10"
"44",44,"Z1270E0","建國快往南 仁愛信義",72.17262,6.1333337,172.5,0,121.537569973104,25.0395320152659,121.537580011017,25.034604994102,2016-05-27,"11_10"
"45",45,"Z1280E0","建國快往南 信義和平",61.885136,10.1,161.5,1,121.537580011017,25.034604994102,121.537365024448,25.0277679879518,2016-05-27,"11_10"
"46",46,"Z1290E0","建國快往南 和平辛亥",57.485,15.8,227,1,121.537365024448,25.0277679879518,121.53728803944,25.0240599764049,2016-05-27,"11_10"
"47",47,"Z12B2E0","建國快往南 民權下匝道",31.69903,20.4,103.5,0,121.53435399476,25.0672920027059,121.535397954012,25.0655879895417,2016-05-27,"11_10"
"48",48,"Z12C2E0","建國快往南 忠孝東路下匝道",29.098446,26.9,409.5,0,121.536372990119,25.0430219911443,121.536485987571,25.0418200366026,2016-05-27,"11_10"
"49",49,"Z12D2E0","建國快往南 仁愛路下匝道",61.666668,4.2,52,0,121.537569973104,25.0395320152659,121.537391996702,25.0387139928824,2016-05-27,"11_10"
"50",50,"Z12E2E0","建國快往南 仁愛路下匝道",55.636364,1,11,0,121.537580011017,25.034604994102,121.537276036053,25.0354569902613,2016-05-27,"11_10"
"51",51,"Z12F2E0","建國快往南 和平東路下匝道",47.433964,5.8,53,0,121.537365024448,25.0277679879518,121.536989035092,25.026846043666,2016-05-27,"11_10"
"52",52,"Z12G2E0","建國快往南 辛亥路下匝道",30.910715,14.4,56,0,121.53728803944,25.0240599764049,121.53759697438,25.0222600110569,2016-05-27,"11_10"
"53",53,"Z2101B0","基隆快往東 水快上匝道",51.71795,13.8,120,0,121.534551026926,25.0064900369957,121.530827029155,25.0209600054365,2016-05-27,"11_10"
"54",54,"Z2110C0","基隆快往東 水源辛亥",70.86793,4.4,106.5,0,121.530827029155,25.0209600054365,121.544666015207,25.0173669632625,2016-05-27,"11_10"
"55",55,"Z2120C0","基隆快往東 辛亥敦化",69.349396,3.7,83,0,121.544666015207,25.0173669632625,121.547078966678,25.0194600254024,2016-05-27,"11_10"
"56",56,"Z2130C0","基隆快往東 敦化樂業",60.80702,4.6,57,0,121.547078966678,25.0194600254024,121.550236016768,25.0223980319086,2016-05-27,"11_10"
"57",57,"ZEFM0C0","基隆快往東 辛亥下匝道",39.966667,8.4,63.5,0,121.544666015207,25.0173669632625,121.546649048669,25.0191459845886,2016-05-27,"11_10"
"58",58,"ZEWN0C0","基隆快往東 敦化下匝道",33,11.75,47.5,0,121.547078966678,25.0194600254024,121.548697955585,25.0209529930949,2016-05-27,"11_10"
"59",59,"Z2310G0","基隆快往西 樂業敦化",61.54762,7.2,85,0,121.550230044874,25.022392005194,121.547075954271,25.0194510083942,2016-05-27,"11_10"
"60",60,"Z2311G0","基隆快往西 敦化上匝道",41.666668,3,9,0,121.548697955585,25.0209529930949,121.547075954271,25.0194510083942,2016-05-27,"11_10"
"61",61,"Z2320G0","基隆快往西 敦化羅斯福",68,0.5,2,0,121.547075954271,25.0194510083942,121.544658976273,25.0173659959567,2016-05-27,"11_10"
"62",62,"Z2321G0","基隆快往西 羅斯福路上匝道",61.636364,5.2,35.5,0,121.540373965139,25.013833044365,121.544658976273,25.0173659959567,2016-05-27,"11_10"
"63",63,"Z2330G0","基隆快往西 羅斯福水源",68.36735,1.8,49.5,0,121.544658976273,25.0173659959567,121.530824034973,25.0209549603874,2016-05-27,"11_10"
"64",64,"Z3110C0","辛亥高架 汀州路地下道",49.886906,5.0666666,168,0,121.530689984473,25.0209799954032,121.533310973508,25.0225279642767,2016-05-27,"11_10"
"65",65,"Z3120C0","辛亥高架 泰順新生",70.520325,4.9,123,0,121.533310973508,25.0225279642767,121.535352972987,25.0225910440046,2016-05-27,"11_10"
"66",66,"Z3132C0","辛亥高架 辛亥路下匝道",63.17647,0.6,17,0,121.535352972987,25.0225910440046,121.536995038696,25.0228289705983,2016-05-27,"11_10"
"67",67,"Z3310G0","辛亥高架 建高接辛高",59.46875,5.6,130,0,121.535665953559,25.022585041419,121.535348970526,25.0225820303175,2016-05-27,"11_10"
"68",68,"Z3311G0","辛亥高架 辛亥上匝道",45.794872,4,39.5,0,121.535665953559,25.022585041419,121.535348970526,25.0225820303175,2016-05-27,"11_10"
"69",69,"Z4010A0","水源快往北 中正路-景美",64.01005,6.466666,202.5,0,121.537137968395,24.9900590035432,121.535866990787,24.995892962813,2016-05-27,"11_10"
"70",70,"Z4011A0","水源快往北 景美上匝道",39,7.4,53.5,0,121.539924954984,24.9996249638555,121.535866990787,24.995892962813,2016-05-27,"11_10"
"71",71,"Z4020A0","水源快往北 景美-基隆快",57.96281,9.533334,244.5,0,121.535866990787,24.995892962813,121.534551026926,25.0064900369957,2016-05-27,"11_10"
"72",72,"Z4031A0","水源快往北 福和橋上匝道",51.42857,0.75,7,0,121.530617011823,25.0081510342297,121.53337597531,25.008194972905,2016-05-27,"11_10"
"73",73,"Z4040H0","水源快往北 福和橋-師大路",67.37143,2.6,70,0,121.53337597531,25.008194972905,121.522921040872,25.0203360131995,2016-05-27,"11_10"
"74",74,"Z4050G0","水源快往北 師大路-泉州街",54.536587,3.6,82,0,121.522921040872,25.0203360131995,121.512387014104,25.0242559571385,2016-05-27,"11_10"
"75",75,"Z4060G0","水源快往北 泉州街-青年路",51.6625,5.8,80,1,121.512387014104,25.0242559571385,121.504085957724,25.0200459916201,2016-05-27,"11_10"
"76",76,"Z4070G0","水源快往北 青年路-萬大路",42.482143,4.8,56,0,121.504085957724,25.0200459916201,121.496988966074,25.0166209545364,2016-05-27,"11_10"
"77",77,"Z4080G0","水源快往北 華中橋",61.31915,2.625,47,0,121.496988966074,25.0166209545364,121.493546960585,25.0188819622546,2016-05-27,"11_10"
"78",78,"Z4081G0","水源快往北 萬大路上匝道",60.5,0.25,16,0,121.495850997188,25.0170060123111,121.493546960585,25.0188819622546,2016-05-27,"11_10"
"79",79,"Z40A2G0","水源快往北 萬大路下匝道",36.27778,8,19.5,0,121.496988966074,25.0166209545364,121.495850997188,25.0170060123111,2016-05-27,"11_10"
"80",80,"Z4210D0","水源快往南 西園路-華中橋",72.807014,5.1333337,172,0,121.490670975297,25.0240550372173,121.494897959806,25.0165149868655,2016-05-27,"11_10"
"81",81,"Z4220D0","水源快往南 華中橋",60.652172,2.2,46,1,121.494897959806,25.0165149868655,121.49758002879,25.0160439753475,2016-05-27,"11_10"
"82",82,"Z4221E0","水源快往南 萬大路上匝道",51.714287,0.5,7,0,121.495850997188,25.0170060123111,121.49758002879,25.0160439753475,2016-05-27,"11_10"
"83",83,"Z4231C0","水源快往南 富民街上匝道",20.545454,6.4,22,1,121.500347043131,25.0180069774255,121.500586041983,25.0174489562607,2016-05-27,"11_10"
"84",84,"Z4250B0","水源快往南 富民街-泉州街",62.555557,3.2,108,0,121.500586041983,25.0174489562607,121.508575958881,25.0223029895734,2016-05-27,"11_10"
"85",85,"Z4261E0","水源快往南 泉州街上匝道",40.725,9,42,0,121.512416020795,25.0242259740788,121.513597015627,25.0238910179486,2016-05-27,"11_10"
"86",86,"Z4270C0","水源快往南 泉州街-中正橋",58.548386,5.8,124,0,121.513597015627,25.0238910179486,121.517301026601,25.0212440410053,2016-05-27,"11_10"
"87",87,"Z4271C0","水源快往南 中正橋上匝道",33.229507,10,62,0,121.516420014929,25.0218210214711,121.517301026601,25.0212440410053,2016-05-27,"11_10"
"88",88,"Z4280C0","水源快往南 中正橋-師大路",54.777107,9.5,166,0,121.517301026601,25.0212440410053,121.519818971223,25.0206189990961,2016-05-27,"11_10"
"89",89,"Z4290C0","水源快往南 師大路",37.52,2,50.5,0,121.519818971223,25.0206189990961,121.52318904069,25.0190460360213,2016-05-27,"11_10"
"90",90,"Z42A0D0","水源快往南 師大路-永福橋",61.86207,2.3333335,59.5,0,121.52318904069,25.0190460360213,121.526604004471,25.0136400414621,2016-05-27,"11_10"
"91",91,"Z42B0D0","水源快往南 永福橋-基隆路",55.17647,2.7,68.5,1,121.526604004471,25.0136400414621,121.533012969887,25.0077350276523,2016-05-27,"11_10"
"92",92,"Z42B1D0","水源快往南 福和橋上匝道",39,1.25,7,0,121.530617011823,25.0081510342297,121.533012969887,25.0077350276523,2016-05-27,"11_10"
"93",93,"Z42B1E0","水源快往南 基高上匝道",73.30337,12.4,101,0,121.530824034973,25.0209549603874,121.533012969887,25.0077350276523,2016-05-27,"11_10"
"94",94,"Z42C0E0","水源快往南 基隆路-景美",69.703125,3.4666667,130,0,121.533012969887,25.0077350276523,121.535291969736,24.9960160097742,2016-05-27,"11_10"
"95",95,"Z42F2E0","水源快往南 泉州街下匝道",51.857143,3.3333333,15,0,121.508575958881,25.0223029895734,121.512416020795,25.0242259740788,2016-05-27,"11_10"
"96",96,"Z42I2E0","水源快往南 永福橋下匝道",57.375,1,8,0,121.526604004471,25.0136400414621,121.527920044784,25.0117400117055,2016-05-27,"11_10"
"97",97,"Z42K2C0","水源快往南 華中橋下匝道",43.816326,6.4,49,0,121.494897959806,25.0165149868655,121.495752005932,25.0165099750557,2016-05-27,"11_10"
"98",98,"Z0112A0","環河快往北 市民下匝道",20.963856,13,84.5,1,121.505632045463,25.0479460104869,121.507057986923,25.0504089798186,2016-05-27,"11_10"
"99",99,"Z5050A0","環河快往北 西園華江",62.13483,3.0000005,91.5,0,121.4909020335,25.0247749907051,121.491948992589,25.0363589545033,2016-05-27,"11_10"
"100",100,"Z5051A0","環河快往北 華江橋上匝道",42.27778,12.8,90,0,121.489444030584,25.0354040152171,121.491948992589,25.0363589545033,2016-05-27,"11_10"
"101",101,"Z5060B0","環河快往北 華江貴陽",60.881355,8.6,182,0,121.491948992589,25.0363589545033,121.497868957546,25.0400649616175,2016-05-27,"11_10"
"102",102,"Z5070A0","環河快往北 貴陽市民",77.77444,3.9333332,133.5,0,121.497868957546,25.0400649616175,121.505632045463,25.0479460104869,2016-05-27,"11_10"
"103",103,"Z5070A1","環河快往北  貴陽市民",64.37838,8,188,0,121.497868957546,25.0400649616175,121.505632045463,25.0479460104869,2016-05-27,"11_10"
"104",104,"Z5080A0","環河快往北 市民民生",61.4717,4.1,106.5,0,121.505632045463,25.0479460104869,121.508492028217,25.0570309650365,2016-05-27,"11_10"
"105",105,"Z50B0A0","環河快往北 酒泉敦煌",49.37181,16.466667,191.375,0,121.509256996901,25.0721649933788,121.508641013476,25.0767900150083,2016-05-27,"11_10"
"106",106,"Z50C2A0","環河快往北 貴陽街下匝道",57.48,2.6,25,0,121.497868957546,25.0400649616175,121.497707968591,25.0394379567263,2016-05-27,"11_10"
"107",107,"Z5250E0","環河快往南 民生西-忠孝橋",60.507042,3.5,72.5,0,121.508490045987,25.0570549865263,121.506820022925,25.0520699678275,2016-05-27,"11_10"
"108",108,"Z5260E0","環河快往南 忠孝橋",69.190475,5,126,0,121.506820022925,25.0520699678275,121.503459020046,25.0468649631992,2016-05-27,"11_10"
"109",109,"Z5261E0","環河快往南 忠孝橋上匝道",60.6,1.4,15,0,121.504301011176,25.0499669605124,121.503459020046,25.0468649631992,2016-05-27,"11_10"
"110",110,"Z5261F0","環河快往南 市民上匝道",34.544445,10,90,0,121.507228991091,25.0510220354424,121.503459020046,25.0468649631992,2016-05-27,"11_10"
"111",111,"Z5270E0","環河快往南 忠孝橋-中興橋",50.857143,0.6,14,0,121.503459020046,25.0468649631992,121.501675036559,25.0454489818402,2016-05-27,"11_10"
"112",112,"Z5280E0","環河快往南 中興橋",35.694443,5,36,0,121.501675036559,25.0454489818402,121.500127997034,25.0428969866014,2016-05-27,"11_10"
"113",113,"Z5290E0","環河快往南 中興橋-桂林路",60.23077,1.5,13.5,0,121.500127997034,25.0428969866014,121.495768980163,25.0390590284779,2016-05-27,"11_10"
"114",114,"Z52A0E0","環河快往南 桂林路-華江橋",57.833332,2.2,24,0,121.495768980163,25.0390590284779,121.491098012531,25.0361979990397,2016-05-27,"11_10"
"115",115,"Z52B0E0","環河快往南 華江橋",67.264366,10.4,262.5,0,121.491098012531,25.0361979990397,121.488941968621,25.0336170151409,2016-05-27,"11_10"
"116",116,"Z52B1E0","環河快往南 華江橋上匝道",43.055557,2.8,18.5,0,121.489444030584,25.0354040152171,121.488941968621,25.0336170151409,2016-05-27,"11_10"
"117",117,"Z52C0E0","環河快往南 華江橋-西藏路",73.37037,1.8,54,0,121.488941968621,25.0336170151409,121.488264038685,25.0296530048539,2016-05-27,"11_10"
"118",118,"Z52C2E0","環河快往南 西藏路下匝道",38.346153,3.8,26,0,121.490064014881,25.0304020134316,121.488264038685,25.0296530048539,2016-05-27,"11_10"
"119",160,"Z8050A0","洲美往北　大業匝道",76.09375,1.3,32,0,121.493663023759,25.1217349827357,121.498706994097,25.1257360159759,2016-05-27,"11_10"
"120",119,"Z52D0E0","環河快往南 西藏路-西園路",52.13793,3.2,29,0,121.488264038685,25.0296530048539,121.490514011287,25.0244009718354,2016-05-27,"11_10"
"121",120,"Z6120C0","環東出城　正氣橋",43.64706,5.9,138,1,121.568370994278,25.0472350435512,121.570605021905,25.0510110311818,2016-05-27,"11_10"
"122",121,"Z6130C0","環東出城　麥帥一橋",64.9313,6.1,131,0,121.570605021905,25.0510110311818,121.574926995873,25.0534200156251,2016-05-27,"11_10"
"123",122,"Z6140C0","環東出城　堤頂舊宗",50.916668,0.8,12,1,121.574926995873,25.0534200156251,121.57748301202,25.0549450438494,2016-05-27,"11_10"
"124",123,"Z6150C0","環東出城　堤頂舊宗",77.59375,3.3,96,0,121.57748301202,25.0549450438494,121.584862988947,25.0586160247397,2016-05-27,"11_10"
"125",124,"Z6150C1","環東出城  堤頂舊宗",72.27778,3.3,90,0,121.57748301202,25.0549450438494,121.584862988947,25.0586160247397,2016-05-27,"11_10"
"126",125,"Z6151C0","環東出城　舊宗匝道",35.391304,28,47,1,121.56613702014,25.051338962847,121.584862988947,25.0586160247397,2016-05-27,"11_10"
"127",126,"Z6160C1","環東出城  彩虹經貿1",47.636364,6.4,145,1,121.584862988947,25.0586160247397,121.616541008175,25.0625849622717,2016-05-27,"11_10"
"128",127,"Z6160C2","環東出城  彩虹經貿2",69.17391,6.9,161,0,121.584862988947,25.0586160247397,121.616541008175,25.0625849622717,2016-05-27,"11_10"
"129",128,"Z6160C3","環東出城  彩虹經貿3",88.13913,3.8,115,0,121.584862988947,25.0586160247397,121.616541008175,25.0625849622717,2016-05-27,"11_10"
"130",129,"Z6160C4","環東出城  彩虹經貿4",76.707146,1,141,0,121.584862988947,25.0586160247397,121.616541008175,25.0625849622717,2016-05-27,"11_10"
"131",130,"Z6160C5","環東出城  彩虹經貿5",78.77444,5.4,133,0,121.584862988947,25.0586160247397,121.616541008175,25.0625849622717,2016-05-27,"11_10"
"132",131,"Z6160C6","環東出城  彩虹經貿6",55.434784,7,161,1,121.584862988947,25.0586160247397,121.616541008175,25.0625849622717,2016-05-27,"11_10"
"133",132,"Z6160C7","環東出城  彩虹經貿7",48.53982,5.9,113,1,121.584862988947,25.0586160247397,121.616541008175,25.0625849622717,2016-05-27,"11_10"
"134",133,"Z6170C1","環東出城　南湖橋段1",65.652695,7.5,167,0,121.616541008175,25.0625849622717,121.617806017444,25.0621700152228,2016-05-27,"11_10"
"135",134,"Z6171C0","環東出城　園區匝道",59.25714,1.6,35,1,121.506686988079,25.0504710048466,121.617806017444,25.0621700152228,2016-05-27,"11_10"
"136",135,"Z6180A0","環東出城　往國道三號",72.46875,2.2,64,0,121.617806017444,25.0621700152228,121.619272988714,25.0611980022906,2016-05-27,"11_10"
"137",136,"Z6310G0","環東進城　前方",65.40269,4.0666666,149,0,121.619543975639,25.0614559745982,121.616821033512,25.0628670066886,2016-05-27,"11_10"
"138",137,"Z6320G0","環東進城　經貿園區",72.265625,2.8,64,0,121.616821033512,25.0628670066886,121.616641022636,25.0629230055203,2016-05-27,"11_10"
"139",138,"Z6330G2","環東出城  經貿彩虹2",69.548195,7,166,0,121.616641022636,25.0629230055203,121.584602985496,25.0590689905561,2016-05-27,"11_10"
"140",161,"ZLGGYA0","洲美往北　北投匝道",59.466667,0.5,15.5,0,121.499039991332,25.1065160441939,121.518394001597,25.0506200193959,2016-05-27,"11_10"
"141",139,"Z6330G3","環東出城  經貿彩虹3",74.267975,5.7,153,0,121.616641022636,25.0629230055203,121.584602985496,25.0590689905561,2016-05-27,"11_10"
"142",140,"Z6330G4","環東出城  經貿彩虹4",76.8805,5.4,159,0,121.616641022636,25.0629230055203,121.584602985496,25.0590689905561,2016-05-27,"11_10"
"143",141,"Z6330G5","環東出城  經貿彩虹5",75.21739,5.6,161,0,121.616641022636,25.0629230055203,121.584602985496,25.0590689905561,2016-05-27,"11_10"
"144",142,"Z6330G6","環東出城  經貿彩虹6",65.653336,6.2,150,0,121.616641022636,25.0629230055203,121.584602985496,25.0590689905561,2016-05-27,"11_10"
"145",143,"Z6330G7","環東出城  經貿彩虹7",57.710228,8.4,176,1,121.616641022636,25.0629230055203,121.584602985496,25.0590689905561,2016-05-27,"11_10"
"146",144,"Z6330G8","環東出城  經貿彩虹8",59.526012,7.8,173,0,121.616641022636,25.0629230055203,121.584602985496,25.0590689905561,2016-05-27,"11_10"
"147",145,"Z6340G0","環東進城　舊宗新明",72.298134,4.7,166.5,0,121.584602985496,25.0590689905561,121.577017014874,25.055012037314,2016-05-27,"11_10"
"148",146,"Z6350G0","環東進城  堤頂麥一",75.4321,3.2,81,0,121.577017014874,25.055012037314,121.574868993047,25.0538609882666,2016-05-27,"11_10"
"149",147,"Z6360G0","環東進城　麥帥一橋",65.32298,7.7,161,0,121.574868993047,25.0538609882666,121.570337952539,25.0515299950425,2016-05-27,"11_10"
"150",148,"Z6360G1","環東進城　麥帥一橋",61.48624,4.4,109,1,121.574868993047,25.0538609882666,121.570337952539,25.0515299950425,2016-05-27,"11_10"
"151",149,"Z6380E0","環東進城　永吉匝道",46.84,8.9,151,0,121.568211967079,25.0479089629847,121.566930011803,25.0458089733302,2016-05-27,"11_10"
"152",150,"Z7010A0","正氣橋出城接麥二橋",49.93085,11.2,188.5,1,121.572381048053,25.0517659831681,121.572381048053,25.0517659831681,2016-05-27,"11_10"
"153",151,"Z7230E0","麥二正氣",56.9,4.5,100,0,121.572381048053,25.0517659831681,121.536157036992,25.0443180284222,2016-05-27,"11_10"
"154",152,"Z8001H0","洲美往北　中正社中",73.01818,3.9333332,122,0,121.501322045006,25.0905279940405,121.506718964987,25.0840970372638,2016-05-27,"11_10"
"155",153,"Z8001H1","洲美往北  中正社中1",64.125984,3.6666665,136,0,121.501322045006,25.0905279940405,121.506718964987,25.0840970372638,2016-05-27,"11_10"
"156",154,"Z8010A0","洲美往北　社中通河",60.666668,4.2,135,0,121.506718964987,25.0840970372638,121.498530964268,25.0990859660389,2016-05-27,"11_10"
"157",155,"Z8010A2","洲美往北　跨河橋段",61.82192,2.4666667,79,0,121.506718964987,25.0840970372638,121.498530964268,25.0990859660389,2016-05-27,"11_10"
"158",156,"Z8020A0","洲美往北　福國路段",79.42759,3.733333,146,0,121.498530964268,25.0990859660389,121.499175972166,25.1026189964555,2016-05-27,"11_10"
"159",157,"Z8030A0","洲美往北　焚化廠南",79.54667,4.0666666,151.5,0,121.499175972166,25.1026189964555,121.499039991332,25.1065160441939,2016-05-27,"11_10"
"160",158,"Z8040A0","洲美往北　焚化廠北",88.04256,2.2,96,0,121.499039991332,25.1065160441939,121.493663023759,25.1217349827357,2016-05-27,"11_10"
"161",159,"Z8040A1","洲美往北   往大度",84.166664,0.2,36,0,121.499039991332,25.1065160441939,121.493663023759,25.1217349827357,2016-05-27,"11_10"
"162",162,"Z8211A0","洲美往南　大度匝道",61.075756,1.6,69.5,0,121.464409006352,25.12372703342,121.499415011407,25.1164069706791,2016-05-27,"11_10"
"163",163,"Z8220E1","洲美往南  焚化廠北",64.66871,3.733333,168,0,121.499415011407,25.1164069706791,121.499410028525,25.1162300382646,2016-05-27,"11_10"
"164",164,"Z8230E0","洲美往南　焚化廠南",73.544945,5.133333,179,0,121.499410028525,25.1162300382646,121.498717979057,25.1023440083671,2016-05-27,"11_10"
"165",165,"Z8240E0","洲美往南　福國路段",72.05147,3.7333336,136,0,121.498717979057,25.1023440083671,121.498122950903,25.0993239617516,2016-05-27,"11_10"
"166",166,"Z8250E0","洲美往南　跨河橋段",49.45181,8,183.5,0,121.498122950903,25.0993239617516,121.505457987033,25.0856429679772,2016-05-27,"11_10"
"167",167,"Z8250E2","洲美往南　通河社中",59.52,3.8,108,0,121.498122950903,25.0993239617516,121.505457987033,25.0856429679772,2016-05-27,"11_10"
"168",168,"Z8260A0","環北往南　社中中正",67.155846,1.4666666,78.5,0,121.505457987033,25.0856429679772,121.507375025755,25.0814500272669,2016-05-27,"11_10"
"169",169,"Z9010A0","信快往北  木柵入口",68.8421,4.5,43,0,121.576575015947,25.0001809673246,121.581303018416,25.0061379810342,2016-05-27,"11_10"
"170",170,"Z9011A0","E_I-N-EN1",71.916664,7,36.5,0,121.582282989818,25.0046809888682,121.581303018416,25.0061379810342,2016-05-27,"11_10"
"171",171,"Z9030A0","信快往北 文山隧道",80.1875,1.7333333,81.5,0,121.581819044289,25.0080029688007,121.58007302298,25.0185520437394,2016-05-27,"11_10"
"172",172,"Z9040A0","信快往北  文山象山間",65.69863,0.46666664,75.5,0,121.58007302298,25.0185520437394,121.576318004777,25.0215079894489,2016-05-27,"11_10"
"173",173,"Z9050A0","信快往北  象山隧道",80.40741,1.6666667,82,0,121.576318004777,25.0215079894489,121.573106996005,25.0306110259661,2016-05-27,"11_10"
"174",174,"Z9060A0","信快往北  象山出口",45.60241,3.4666667,86,1,121.573106996005,25.0306110259661,121.57304703705,25.0323369694062,2016-05-27,"11_10"
"175",175,"ZGYS7A0","E_I-N-EX2",42.27869,10.6,66.5,0,121.57304703705,25.0323369694062,121.568318010097,25.0299530329774,2016-05-27,"11_10"
"176",176,"Z9201A0","E_I-S-EN2",49.035713,9,28,1,121.574585031664,25.0329529736002,121.572957964431,25.0328939824679,2016-05-27,"11_10"
"177",177,"Z9211A0","信快往北  松仁匝道",39.846153,5.55,132.5,1,121.568318010097,25.0299530329774,121.572483004907,25.0327419748003,2016-05-27,"11_10"
"178",178,"Z9230A0","信快往北  象山隧道",81.8961,1.6666666,78,0,121.572327042517,25.0308000093377,121.57589398737,25.0210529932084,2016-05-27,"11_10"
"179",179,"Z9240A0","信快往北  象山文山間",58.70707,1.7999998,101,0,121.57589398737,25.0210529932084,121.579738003233,25.0181450112202,2016-05-27,"11_10"
"180",180,"Z9250A0","信快往北  文山隧道",74.5125,2.1333334,82,0,121.579738003233,25.0181450112202,121.58125897475,25.0081889703121,2016-05-27,"11_10"
"181",181,"Z9260A0","信快往北  萬芳出口",53.827587,3.9333336,89.5,1,121.58125897475,25.0081889703121,121.580423983686,25.0049820284797,2016-05-27,"11_10"
"182",182,"ZJTJ960","八德路    松江路-忠孝東路",34.041668,7,28,0,121.532877004208,25.0443479756871,121.530008998433,25.0436089944644,2016-05-27,"11_10"
"183",183,"ZK5JW60","八德路    建國北路-新生北路",23.842106,7.5,19.5,1,121.535606954197,25.045648042121,121.532877004208,25.0443479756871,2016-05-27,"11_10"
"184",184,"ZK7K820","八德路    新生南路-建國北路",31.5,5.75,19.5,0,121.532877004208,25.0443479756871,121.533978046748,25.0446509770139,2016-05-27,"11_10"
"185",185,"ZKLLH20","八德路    建國北路-復興北路",38.468086,3.5,55,0,121.536660023401,25.0460589913958,121.540507984494,25.0467130279066,2016-05-27,"11_10"
"186",186,"ZKRM820","八德路    敦化北路-復興北路",44.17647,4.4,51.5,0,121.542154998418,25.0471219561995,121.543931037249,25.0475489915048,2016-05-27,"11_10"
"187",187,"ZKWN820","八德路    復興北路-敦化南路",45.5,2.2,11.5,0,121.54684699938,25.0481800005474,121.548917990989,25.0481810293354,2016-05-27,"11_10"
"188",188,"ZKWN860","八德路    光復南路-敦化北路",39.29762,23.8,101,0,121.552615002533,25.048185017375,121.548917990989,25.0481810293354,2016-05-27,"11_10"
"189",189,"ZKWNV20","八德路    敦化南路-光復南路",32.22449,26,55,0,121.548917990989,25.0481810293354,121.552615002533,25.048185017375,2016-05-27,"11_10"
"190",190,"ZKWPX60","八德路    東興街?-光復北路",35.692307,6.2,39,0,121.558442020541,25.0482450205768,121.557817980928,25.0481839882944,2016-05-27,"11_10"
"191",191,"ZKZQW20","八德路    光復南路-東興街",36.31579,1.625,19,0,121.560881987113,25.0484879813674,121.562665970558,25.048661976267,2016-05-27,"11_10"
"192",192,"ZL6RM20","八德路    基隆路-東興街",46.57143,2.3333333,7.5,0,121.565481960656,25.0489490280874,121.566246026065,25.0490280018431,2016-05-27,"11_10"
"193",193,"ZL9SB20","八德路    東興街-基隆路",43.357143,3.5,14.5,0,121.566246026065,25.0490280018431,121.569388952581,25.049394985048,2016-05-27,"11_10"
"194",194,"ZLDTB20","八德路    基隆路-東新街",37.46875,3.1666667,32,0,121.572285964123,25.0500069670554,121.574505013287,25.0499799840799,2016-05-27,"11_10"
"195",195,"ZLDTB60","八德路    東新街-基隆路",28.785715,9,44.5,0,121.575991993912,25.0500010388504,121.574505013287,25.0499799840799,2016-05-27,"11_10"
"196",196,"ZLNUW60","南港路    向陽路-東新街",32.869564,8.066667,99.5,0,121.584267978293,25.0522529863072,121.582729010121,25.0516809679925,2016-05-27,"11_10"
"197",197,"ZMAR840","三民路    民生東路-南京東路",47.9,5.8,25.5,0,121.563595975985,25.0568559981804,121.563871020332,25.0541290298898,2016-05-27,"11_10"
"198",198,"ZMTR600","三民路    南京東路-民生東路",69.07317,8.8,50,0,121.563871020332,25.0541290298898,121.563595975985,25.0568559981804,2016-05-27,"11_10"
"199",199,"ZNQQE40","三民路    民權東路-民生東路",33.31579,4.25,19.5,0,121.563142983751,25.0618319799925,121.563236955513,25.060902007694,2016-05-27,"11_10"
"200",200,"ZP8QY00","三民路    民生東路-民權東路",43.590908,3,23,0,121.563142983751,25.0618319799925,121.56305804233,25.0628079608207,2016-05-27,"11_10"
"201",201,"ZMQ4C40","三重路    重陽路-南港路",45.344826,5,29,0,121.57778395346,25.0474489884482,121.613990028591,25.0561510020384,2016-05-27,"11_10"
"202",202,"Z4ZD520","大度路    立德路-大業路",69.068184,2.4,92.5,0,121.493554980993,25.1214749744342,121.499800962679,25.1210930165618,2016-05-27,"11_10"
"203",203,"Z58AH60","大度路    模構溪-立德路",53.33047,20.2,258.5,0,121.481430047917,25.1222009787626,121.471406959474,25.122847008826,2016-05-27,"11_10"
"204",204,"Z5AAF60","大度路    大業路-貴子坑溪",63.757355,4.0666666,143,0,121.486079991891,25.121852037788,121.466876988914,25.1232139811149,2016-05-27,"11_10"
"205",205,"Z5AAF61","大度路 貴水二溪-聖景路",60.184875,4.5999994,122.5,0,121.486079991891,25.121852037788,121.466876988914,25.1232139811149,2016-05-27,"11_10"
"206",206,"Z5B2R60","大度路    貴子坑溪-模構溪",63.015385,6.3333335,205,0,121.466876988914,25.1232139811149,121.481430047917,25.1222009787626,2016-05-27,"11_10"
"207",207,"Z7JCE40","大業路    中央北路-承德路",50.341774,2.266667,80.5,0,121.497173973346,25.1360519600889,121.496304977611,25.1345019669943,2016-05-27,"11_10"
"208",208,"Z3AIL00","中山北路  德行東路-士東路",40.18,3.4,50,0,121.525253015121,25.1087089734359,121.526529012548,25.112758021431,2016-05-27,"11_10"
"209",209,"Z4NJD00","中山北路  士東路-天母東路",53.653847,3.6,26,0,121.528577048448,25.1163439672642,121.530083045652,25.1182429548424,2016-05-27,"11_10"
"210",210,"ZHWGD40","中山南路  仁愛路-愛國西路",35.64151,8.5,57,0,121.517742001752,25.0392739842801,121.516464971111,25.0348820142513,2016-05-27,"11_10"
"211",211,"ZIVGU00","中山南路  愛國東路-信義路",47.22807,5,58,0,121.516464971111,25.0348820142513,121.517742001752,25.0392739842801,2016-05-27,"11_10"
"212",212,"ZIVGU40","中山南路  忠孝西路-仁愛路",48,6.6666665,44.5,0,121.518155021069,25.0407080117975,121.517742001752,25.0392739842801,2016-05-27,"11_10"
"213",213,"ZKEHB00","中山南路  仁愛路-忠孝東路",33.242424,7.9,68.5,0,121.519250950846,25.0444959843402,121.519582972501,25.0456320015231,2016-05-27,"11_10"
"214",214,"ZKEHB40","中山北路  長安西路-忠孝西路",33.05263,10.2,62.5,0,121.5203119583,25.0471550161381,121.519582972501,25.0456320015231,2016-05-27,"11_10"
"215",215,"ZLBHN00","中山北路  忠孝東路-長安東路",10.756098,5.25,41,2,121.519250950846,25.0444959843402,121.521621966763,25.0498139771949,2016-05-27,"11_10"
"216",216,"ZLBHN40","中山北路  南京西路-長安西路",52,2,30,0,121.52257401473,25.0522299753826,121.521621966763,25.0498139771949,2016-05-27,"11_10"
"217",217,"ZLRHT00","中山北路  長安西路-南京東路",63.764706,1.5,34.5,0,121.521621966763,25.0498139771949,121.52257401473,25.0522299753826,2016-05-27,"11_10"
"218",218,"ZLRHT40","中山北路　南京往南",54.714287,3.7,56,0,121.522713974682,25.0549919835593,121.52257401473,25.0522299753826,2016-05-27,"11_10"
"219",219,"ZN5HV00","民生東　中山北(往北)",56.148148,3.7,56,0,121.522713974682,25.0549919835593,121.522845004353,25.0578899846763,2016-05-27,"11_10"
"220",220,"ZNLHV00","中山北路  民權東路-錦州街",48.3,3.9,61.5,0,121.522845004353,25.0578899846763,121.522954993974,25.0603360232939,2016-05-27,"11_10"
"221",221,"ZP7HI40","中山北路  民族東路-民權東路",63.65306,4,58,0,121.522241006668,25.0648800135277,121.522608016415,25.0627480091243,2016-05-27,"11_10"
"222",222,"ZQFHV00","中山北路  民權東路-民族東路",52.735847,3.9,55.5,0,121.522456963987,25.0668379817813,121.522870035759,25.0684350355759,2016-05-27,"11_10"
"223",223,"ZSVI900","中山北三段 北安路-中山北四段1巷",45.50746,8,70.5,0,121.526876997522,25.0759860132315,121.524396034032,25.0797770077648,2016-05-27,"11_10"
"224",224,"ZSVI940","通河街　中山北(往南)",46.436123,13.466667,241,0,121.525484975308,25.0841879571588,121.524396034032,25.0797770077648,2016-05-27,"11_10"
"225",225,"ZTTIF00","中山北路　劍潭往北",57.16017,6.2,240,0,121.524396034032,25.0797770077648,121.525484975308,25.0841879571588,2016-05-27,"11_10"
"226",226,"ZTTIF40","中山北路  小北街-基河路",34.816994,23.1,166.5,0,121.525650020016,25.0857400139857,121.525484975308,25.0841879571588,2016-05-27,"11_10"
"227",227,"ZU5IF00","中山北路  基河路-小北街",51.307087,10,130,0,121.525484975308,25.0841879571588,121.52718495366,25.0876670187764,2016-05-27,"11_10"
"228",228,"ZVYIV00","中山北路  小北街-中正路",30.557142,7.6,140,1,121.527473957656,25.0902389796397,121.528014004153,25.0937130284284,2016-05-27,"11_10"
"229",229,"ZYBIB00","中山北路  德行東路-忠誠路",33.46,8.7,105,0,121.525543043736,25.1024700426213,121.52484602371,25.1040249679002,2016-05-27,"11_10"
"230",230,"ZYSIB00","中山北路  忠誠路-德行東路",42.71875,12.8,106.5,0,121.52484602371,25.1040249679002,121.524896032415,25.1064259709129,2016-05-27,"11_10"
"231",231,"ZZLIE40","中山北路  天母東路-士東路",60.19355,2.4,31,0,121.525253015121,25.1087089734359,121.525950049097,25.1116950429302,2016-05-27,"11_10"
"232",232,"ZZYII40","中山北路  士東路-德行東路",28.404495,8.8,98.5,0,121.526529012548,25.112758021431,121.525253015121,25.1087089734359,2016-05-27,"11_10"
"233",233,"ZU8EF20","重陽大橋 重陽橋 -延平北路六段",59.3125,8.666667,181.5,0,121.499370989401,25.084592036831,121.505624988292,25.0856570244771,2016-05-27,"11_10"
"234",234,"ZVEGK60","中正路    文林路-承德路",37.661972,10.8,73,0,121.517704994726,25.0918079730647,121.516491996487,25.0910000387343,2016-05-27,"11_10"
"235",235,"ZW7HN20","中正路    承德路-文林路",52.839287,3,56.5,0,121.52003199482,25.0933530172806,121.52189001497,25.0943849867539,2016-05-27,"11_10"
"236",236,"ZWGIV60","中正路    雨農路-文林路",27.37037,16.1,59,1,121.530285031655,25.0961960292212,121.527914004661,25.0957539877762,2016-05-27,"11_10"
"237",237,"ZG7EQ00","中華路    和平西路-水源路",30.75,10.6,43.5,0,121.508164027194,25.0258549787553,121.507077029818,25.0267439883943,2016-05-27,"11_10"
"238",238,"ZI9EM00","中華路    和平西路-愛國西路",26.416666,3.05,128,1,121.505301004035,25.03340303799,121.506630000043,25.0359989709198,2016-05-27,"11_10"
"239",239,"ZIKPW60","仁愛路光復往西",54.982758,3.2,65.5,0,121.56042603886,25.0375930247427,121.557582024175,25.0376670102663,2016-05-27,"11_10"
"240",240,"ZIKQP20","仁愛路   逸仙路-光復南路",52,3,33.5,0,121.56042603886,25.0375930247427,121.561506001618,25.0375530161359,2016-05-27,"11_10"
"241",241,"ZILPI20","仁愛路   光復南路-敦化南路",45.5,2.0666668,35.5,0,121.552935023966,25.0377569602288,121.555442046408,25.0377109564045,2016-05-27,"11_10"
"242",242,"ZIMNN60","仁愛路安和路往西",56.714287,2,56.5,0,121.552935023966,25.0377569602288,121.551775004519,25.0377789671945,2016-05-27,"11_10"
"243",243,"ZINKW20","仁愛路    建國南路-新生南路",49.71795,2.5333333,46.5,0,121.53278995384,25.0381459966656,121.537882966645,25.0380649934768,2016-05-27,"11_10"
"244",244,"ZINLD60","仁愛路    復興南路-建國南路",23.465517,2.0666668,59,1,121.543679972316,25.0379439557612,121.539974007135,25.0380210265144,2016-05-27,"11_10"
"245",245,"ZINM760","仁愛路    敦化南路-復興北路",42.5625,6,34.5,0,121.546048040929,25.0378910351051,121.543679972316,25.0379439557612,2016-05-27,"11_10"
"246",246,"ZIPIZ60","金山南路  信義路-仁愛路",52.80392,2.2666667,52,0,121.52941104638,25.0382129641192,121.528340969147,25.0382519822543,2016-05-27,"11_10"
"247",247,"ZIPJA20","仁愛路    新生南路-金山南路",53.46552,3.266667,61.5,0,121.528340969147,25.0382519822543,121.52941104638,25.0382129641192,2016-05-27,"11_10"
"248",248,"ZIRHZ20","仁愛路    杭州南路-中山南路",45.6,1.2,58.5,0,121.521595040537,25.0387639638472,121.523417010188,25.0385230073086,2016-05-27,"11_10"
"249",249,"ZV9IP40","文林路    中正路-基河路",48.76923,7.6,27,0,121.525956002142,25.0923389607966,121.527037041757,25.0902129967989,2016-05-27,"11_10"
"250",250,"ZY9H840","文林北路  承德路-德行西路",46.033333,4.5833335,66,0,121.520752973895,25.1022339731109,121.519637009102,25.1032309691362,2016-05-27,"11_10"
"251",251,"ZYRGM00","文林北路  德行西路-承德路",41.255814,9.083334,94.5,0,121.520752973895,25.1022339731109,121.516615012448,25.1061029568463,2016-05-27,"11_10"
"252",252,"Z1NMM20","木柵路    興隆路-和興路",51.05263,1.6,21.5,0,121.544016982749,24.9884689866207,121.545971014879,24.986728970597,2016-05-27,"11_10"
"253",253,"Z27SN20","木新路    興隆路-木柵路",33.25926,4.2,27,0,121.568615035016,24.988909958163,121.570930960222,24.9907069825126,2016-05-27,"11_10"
"254",254,"Z2LSS20","木柵路    秀明路-萬芳路",51.382355,3.4,35,0,121.569046007132,24.9987579698985,121.571743015186,24.9948559781927,2016-05-27,"11_10"
"255",255,"ZACTV20","木柵路    萬芳路-北二高",43.5,7,44.5,0,121.574570982811,24.9981499979952,121.575677996718,24.9995900320669,2016-05-27,"11_10"
"256",256,"ZAWVC20","木柵路    北二高-新光路",61.933334,2.75,16,0,121.581921996822,25.0023919784946,121.583964992877,25.0029429905388,2016-05-27,"11_10"
"257",257,"Z1CRT60","木新路    木柵路-興隆路",30.948717,8.8,39.5,0,121.56875002671,24.9839530093009,121.566735961769,24.9832559576,2016-05-27,"11_10"
"258",258,"ZSBID60","北安路    明水路-中山北路",49.372093,21.8,96.5,0,121.537560952393,25.0777889720838,121.526876997522,25.0759860132315,2016-05-27,"11_10"
"259",259,"ZSJJX20","北安路    中山北路-明水路",52.0625,3.8,33.5,0,121.529015999351,25.0777479915008,121.533200981536,25.0780399695584,2016-05-27,"11_10"
"260",260,"ZSWMR40","北安路    大直街-通北街",47.07317,3.5,42,0,121.548179978795,25.0805040395406,121.547413975489,25.079874995817,2016-05-27,"11_10"
"261",261,"ZJGPQ20","市民大道  復興北路-敦化北路",38.090908,20.2,106.5,0,121.546218997063,25.0450760260571,121.548883040402,25.0448050256844,2016-05-27,"11_10"
"262",262,"ZK6L860","市民大道  敦化北路-建國北路",34.858974,9.7,84.5,0,121.542381983637,25.0446300134924,121.539486992585,25.0444869867107,2016-05-27,"11_10"
"263",263,"ZK6NY60","市民大道  敦化北路-復興北路",34.724636,6.3,70,0,121.556752972869,25.044929037857,121.553044027324,25.0445180305677,2016-05-27,"11_10"
"264",264,"ZK6P820","市民大道  敦化北路-光復北路",33.613335,11.8,78.5,0,121.548883040402,25.0448050256844,121.553785987587,25.0441180322778,2016-05-27,"11_10"
"265",265,"ZK8LT20","市民大道  建國北路-復興北路",39.816326,3.8,49.5,0,121.539486992585,25.0444869867107,121.542381983637,25.0446300134924,2016-05-27,"11_10"
"266",266,"ZK9KC60","市民大道  建國北路-金山北路",41.672413,6.875,59,0,121.536654952605,25.044894027352,121.53478201032,25.0450279866061,2016-05-27,"11_10"
"267",267,"ZKJJP20","市民大道  金山北路-建國北路",32.507084,15.2,2047,1,121.615421998675,25.045238998741,121.532890983601,25.0454499827697,2016-05-27,"11_10"
"268",268,"ZKNIV20","市民大道  中山北路-金山北路",32.652172,4.75,46,1,121.526052005025,25.047513980359,121.527754976858,25.0470660157481,2016-05-27,"11_10"
"269",269,"ZKQQY20","市民大道  光復南路-基隆路",41.282608,3.5,47,0,121.55778403127,25.045105009154,121.562977017142,25.0473070427485,2016-05-27,"11_10"
"270",270,"ZKSIE60","市民大道  金山北路-中山北路",40.7,6.3,82.5,0,121.527754976858,25.0470660157481,121.526052005025,25.047513980359,2016-05-27,"11_10"
"271",271,"ZKVHI20","市民大道  重慶北路-中山北路",32.603775,4.3,53.5,0,121.516775988975,25.0499119871932,121.520761957648,25.0480390041157,2016-05-27,"11_10"
"272",272,"ZL5GL60","市民大道  中山北路-重慶北路",37.738094,19,182.5,0,121.514850033308,25.0490519785949,121.516423961792,25.0487760337543,2016-05-27,"11_10"
"273",273,"ZLAFP60","市民大道  重慶北路-環河北路",41.640625,5.3,64,0,121.513314967253,25.0494279843331,121.511989016427,25.0499020209939,2016-05-27,"11_10"
"274",274,"ZLXFX20","市民大道  環河北路-重慶北路",30.4,28.3,125.5,0,121.511989016427,25.0499020209939,121.513314967253,25.0494279843331,2016-05-27,"11_10"
"275",275,"ZMSEX60","民生西路  重慶北路-環河北路",32.595745,7,47.5,0,121.509004974381,25.0568730220494,121.50827197583,25.0568570248746,2016-05-27,"11_10"
"276",276,"ZMTG520","民生西路  環河北路-重慶北路",28.477272,6.8,44.5,0,121.511602029279,25.0569270241787,121.513792994809,25.0569739901897,2016-05-27,"11_10"
"277",277,"ZMTG560","民生西路  承德路-重慶北路",40.217392,6,32.5,0,121.515556954,25.0570130175921,121.513792994809,25.0569739901897,2016-05-27,"11_10"
"278",278,"ZMTHB20","民生西路  承德路-雙連站",40.708862,20,184.5,0,121.519185998666,25.0574509664278,121.519722000221,25.0575220384742,2016-05-27,"11_10"
"279",279,"ZMTHB60","民生西路  中山北路-雙連站",22.632652,20.2,56,1,121.522845004353,25.0578899846763,121.519722000221,25.0575220384742,2016-05-27,"11_10"
"280",280,"ZMUGG20","民生西路  重慶北路-承德路",45.32,6.6,37.5,0,121.513792994809,25.0569739901897,121.515556954,25.0570130175921,2016-05-27,"11_10"
"281",281,"ZMXH820","民生西路  雙連站-承德路",25.681818,34.5,24.5,1,121.51817497086,25.0573370422045,121.519185998666,25.0574509664278,2016-05-27,"11_10"
"282",282,"ZMYN820","民生東路  復興北路-敦化北路",42.440475,5.333333,86.5,0,121.54621504649,25.0577149568673,121.549010024689,25.0576959838419,2016-05-27,"11_10"
"283",283,"ZMYN860","民生東路  光復北路-敦化北路",24.285715,1.2,7,0,121.552123981625,25.0579729758179,121.549010024689,25.0576959838419,2016-05-27,"11_10"
"284",284,"ZMZL960","民生東路  建國北路-龍江路",44.837208,4.133333,86,0,121.540695002758,25.057808013133,121.539168991943,25.0578130194978,2016-05-27,"11_10"
"285",285,"ZMZLI20","民生東路  復興北路-龍江路",52.22449,3.0833333,50,0,121.539168991943,25.0578130194978,121.540695002758,25.057808013133,2016-05-27,"11_10"
"286",286,"ZMZM920","民生東路  龍江路-復興北路",45.951218,6.916667,92,0,121.542191988586,25.0577839575877,121.544143954275,25.0577500050787,2016-05-27,"11_10"
"287",287,"ZMZM960","民生東路  敦化北路-復興北路",40.363636,2.2,34.5,0,121.54621504649,25.0577149568673,121.544143954275,25.0577500050787,2016-05-27,"11_10"
"288",288,"ZN5HV20","民生西　中山北(往東)",27.411764,5.5,17,0,121.519722000221,25.0575220384742,121.522845004353,25.0578899846763,2016-05-27,"11_10"
"289",289,"ZN5HV60","民生西路  雙連站-中山北路",34.107143,9,32,0,121.525521993862,25.058043041147,121.522845004353,25.0578899846763,2016-05-27,"11_10"
"290",290,"ZN5IG20","民生東路  新生北路-林森北路",42.93182,7,44,0,121.522845004353,25.0578899846763,121.525521993862,25.058043041147,2016-05-27,"11_10"
"291",291,"ZN5IG60","民生東路  中山北路-林森北路",29.155556,6,46,0,121.527593974766,25.0580270277509,121.525521993862,25.058043041147,2016-05-27,"11_10"
"292",292,"ZN5IU20","民生東路  林森北路-新生北路",42.561405,5.2,58,0,121.525521993862,25.058043041147,121.527593974766,25.0580270277509,2016-05-27,"11_10"
"293",293,"ZN5JX20","民生東路  新生北路-松江路",44.2625,5.3,83.5,0,121.531547994803,25.0579399813517,121.53313299757,25.0579159728731,2016-05-27,"11_10"
"294",294,"ZN5JX60","民生東路  建國北路-松江路",46.374233,10,178,0,121.536919039933,25.057858005413,121.53313299757,25.0579159728731,2016-05-27,"11_10"
"295",295,"ZN8PG20","民生東路  敦化北路-光復北路",37.555557,3.2,19,0,121.552123981625,25.0579729758179,121.555236965001,25.0582509892992,2016-05-27,"11_10"
"296",296,"ZN8PT60","民生東路  松江路-新生北路",37.0625,4.75,32,0,121.53313299757,25.0579159728731,121.530199965209,25.0579630368021,2016-05-27,"11_10"
"297",297,"ZN9PZ60","民生東路  三民路-光復北路",36.92105,10.6,44.5,0,121.560520980176,25.0586280119212,121.5582810095,25.0584920009933,2016-05-27,"11_10"
"298",298,"ZNCRE20","民生東路  光復北路-三民路",45.342106,9.75,41.5,0,121.560520980176,25.0586280119212,121.563407019984,25.0588610281959,2016-05-27,"11_10"
"299",299,"ZQDLJ20","民族東路  松江路-復興北路",48.934784,3.9,47,0,121.536280012836,25.0681609592538,121.541008015539,25.0680809705608,2016-05-27,"11_10"
"300",300,"ZQEIH20","民族東路  中山北路-新生北路",45.36986,4.5,73,0,121.522870035759,25.0684350355759,121.525754004841,25.068351994266,2016-05-27,"11_10"
"301",301,"ZQEIV20","民族東路  松江路-新生北路",55.53125,2.4,32,0,121.525754004841,25.068351994266,121.527845966731,25.0683090008077,2016-05-27,"11_10"
"302",302,"ZQEJF20","民族東路  新生北路-松江路",43.270832,3.7,48.5,0,121.527845966731,25.0683090008077,121.53046196583,25.0682630230775,2016-05-27,"11_10"
"303",303,"ZQEJY20","民族東路  復興北路-松江路",37.022728,4.4,44.5,0,121.53046196583,25.0682630230775,121.533306991068,25.0682079612344,2016-05-27,"11_10"
"304",304,"ZQFHC20","民族西路  中山北路-承德路",36.4,5.5,40,0,121.51841003728,25.0684950038011,121.519570012124,25.0685090049757,2016-05-27,"11_10"
"305",305,"ZQFHV20","民族西路  承德路-中山北路",39.83486,7.533333,121,0,121.519570012124,25.0685090049757,121.522870035759,25.0684350355759,2016-05-27,"11_10"
"306",306,"ZQFHV60","民族東路  新生北路-中山北路",46.77778,1.6666666,9,0,121.525754004841,25.068351994266,121.522870035759,25.0684350355759,2016-05-27,"11_10"
"307",307,"ZQGFY60","民族西路  承德路-環河北路",33.342857,12.6,41.5,0,121.515922954464,25.0685580163344,121.51373200123,25.0686110250405,2016-05-27,"11_10"
"308",308,"ZQGGJ20","民族西路  環河北路-承德路",34.733334,9,31.5,0,121.51373200123,25.0686110250405,121.515922954464,25.0685580163344,2016-05-27,"11_10"
"309",309,"ZNUNJ20","民權東路  復興北路-敦化北路",31.951456,6.533334,103,0,121.547949042975,25.0618890047209,121.550771020132,25.0614809697749,2016-05-27,"11_10"
"310",310,"ZNUNJ60","民權東路 光復北路-敦化北路",66.06542,3.8,113.5,0,121.554579045723,25.0618819961467,121.550771020132,25.0614809697749,2016-05-27,"11_10"
"311",311,"ZNXPC20","民權東路  敦化北路-光復北路",46.038094,3.733333,107.5,0,121.550771020132,25.0614809697749,121.554579045723,25.0618819961467,2016-05-27,"11_10"
"312",312,"ZNXPC60","民權東路  撫遠街-光復北路",58.242424,5.133333,104.5,0,121.559160048094,25.0622719808216,121.554579045723,25.0618819961467,2016-05-27,"11_10"
"313",313,"ZNZM920","民權東路  建國北路-復興北路",43.17073,3.5,41,0,121.540832956369,25.0621860248392,121.544232992862,25.062200957326,2016-05-27,"11_10"
"314",314,"ZNZM960","民權東路  光復北路-敦化北路",45.62857,3.6666667,70.5,0,121.54665001827,25.0619299949912,121.544232992862,25.062200957326,2016-05-27,"11_10"
"315",315,"ZP5KR20","民權東路  松江路-建國北路",37.113636,6.4,49.5,0,121.533203037377,25.062466042796,121.537017999938,25.0623710424569,2016-05-27,"11_10"
"316",316,"ZP5KR60","民權東路  松江路-建國北路",59.5,0.33333334,4,0,121.540832956369,25.0621860248392,121.537017999938,25.0623710424569,2016-05-27,"11_10"
"317",317,"ZP5QG20","民權東路  光復北路-撫遠街",46.105263,1.8333334,19,0,121.559160048094,25.0622719808216,121.560171962386,25.0624119833773,2016-05-27,"11_10"
"318",318,"ZP6IG60","民權東路  中山北路-新生北路",64.82353,3.9,55.5,0,121.527752013645,25.0626210276048,121.525630951348,25.0626739621405,2016-05-27,"11_10"
"319",319,"ZP6IV60","民權東路  松江路-新生北路",45.092594,6,58,0,121.53029899333,25.0625490279007,121.527752013645,25.0626210276048,2016-05-27,"11_10"
"320",320,"ZP6JY20","民權東路  新生北路-松江路",47.794872,7,88.5,0,121.53029899333,25.0625490279007,121.533203037377,25.062466042796,2016-05-27,"11_10"
"321",321,"ZP6JY60","民權東路  建國北路-松江路",43.373333,10.6,80,0,121.537017999938,25.0623710424569,121.533203037377,25.062466042796,2016-05-27,"11_10"
"322",322,"ZP8GI20","民權西路        　大龍街(往東)",45.07865,2.8,92.5,0,121.516163984285,25.0598450024429,121.515958038642,25.0629250128546,2016-05-27,"11_10"
"323",323,"ZQEUU60","民權東路  瑞光路-撫遠街",55.194443,4.9,76.5,0,121.584317046042,25.0687650163875,121.582500003105,25.0682489842762,2016-05-27,"11_10"
"324",324,"ZQKVX60","民權東往西　成功路-瑞光路",45.243904,2.3,42,0,121.590899033537,25.0689469699906,121.5878369866,25.0690490446365,2016-05-27,"11_10"
"325",325,"ZQKWL60","民權東路  民權隧道-成功路",29.333334,3.625,28,1,121.578835034172,25.0561200135216,121.590899033537,25.0689469699906,2016-05-27,"11_10"
"326",326,"ZQUWI20","民權東路  成功路-民權隧道",59.260868,2.9,49,0,121.590899033537,25.0689469699906,121.595239042545,25.0685590338722,2016-05-27,"11_10"
"327",327,"ZKDTY20","永吉路    基隆路-松山路",39.88095,19.2,91,1,121.577000980946,25.0454469963599,121.57779395367,25.045417010901,2016-05-27,"11_10"
"328",328,"ZKESJ10","永吉路    松山路-基隆路",43.174603,11,65,0,121.569048972781,25.0445750447065,121.57034304881,25.0456269949513,2016-05-27,"11_10"
"329",329,"Z3UNW00","仰德大道三段    陽明山國小(往北)",61.82353,4.25,25.5,0,121.548889955492,25.1106999832386,121.551666997229,25.1175510283918,2016-05-27,"11_10"
"330",330,"Z7HMH00","仰德大道四段　格致中學(往北)",36.137257,12.8,54.5,1,121.552832971224,25.1189279642201,121.545848991172,25.1338050273114,2016-05-27,"11_10"
"331",331,"ZXSLB20","仰德大道二段　2巷(嶺頭山莊)(往東)",48.423077,5.4,52,0,121.537158956528,25.1060750183634,121.539758042194,25.1018589858249,2016-05-27,"11_10"
"332",332,"ZHEPV00","光復南路 基隆路-信義路",37.909092,3.8333333,23,0,121.557395974638,25.0293889718943,121.557448026394,25.0321149827166,2016-05-27,"11_10"
"333",333,"ZHEPV40","舊宗路一段南京六行善(往北)",41.11111,2.7,64,0,121.557472029698,25.0330630202679,121.557448026394,25.0321149827166,2016-05-27,"11_10"
"334",334,"ZHKPV40","光復南路 仁愛路-信義路",37.363636,4.5,67.5,0,121.557521953655,25.0353829553836,121.557472029698,25.0330630202679,2016-05-27,"11_10"
"335",335,"ZIKPW00","仁愛路　光復南(往北)",27.854166,17.9,125.5,0,121.557521953655,25.0353829553836,121.557582024175,25.0376670102663,2016-05-27,"11_10"
"336",336,"ZJFPW00","光復南路 仁愛路-忠孝東路",41.2125,2.7333333,81.5,0,121.557619023949,25.0393190063412,121.557657972539,25.0413139705787,2016-05-27,"11_10"
"337",337,"ZJFPW40","光復南路   市民大道-忠孝東路",33.06154,8,68,0,121.557817980928,25.0481839882944,121.557657972539,25.0413139705787,2016-05-27,"11_10"
"338",338,"ZKAPX00","光復南路  忠孝東路-市民大道",55.833332,0.9,12,0,121.557657972539,25.0413139705787,121.55778403127,25.045105009154,2016-05-27,"11_10"
"339",339,"ZKAPX40","光復南路  八德路-市民大道",41.19403,11,100.5,0,121.557800985264,25.0466399849394,121.55778403127,25.045105009154,2016-05-27,"11_10"
"340",340,"ZKLPX00","光復南路  市民大道-八德路",43.058823,14.25,102,0,121.55778403127,25.045105009154,121.557800985264,25.0466399849394,2016-05-27,"11_10"
"341",341,"ZKWPX40","光復北路  南京東路-八德路",25.607843,7.5,51.5,1,121.557308017462,25.0515439744428,121.557817980928,25.0481839882944,2016-05-27,"11_10"
"342",342,"ZL7PX00","光復北路  八德路-南京東路",22.134329,15,71,1,121.557817980928,25.0481839882944,121.557842010172,25.0491139674837,2016-05-27,"11_10"
"343",343,"ZLNPU40","光復北路  健康路-南京東路",31.107143,8.75,57,0,121.556594046076,25.0536500051492,121.557308017462,25.0515439744428,2016-05-27,"11_10"
"344",344,"ZM7PP00","光復北路  南京東路-健康路",31.375,12.333333,32.5,0,121.557308017462,25.0515439744428,121.556594046076,25.0536500051492,2016-05-27,"11_10"
"345",345,"ZM7PP40","光復北路  民生東路-健康路",38.62069,7,32,0,121.555604029826,25.0562180368435,121.556594046076,25.0536500051492,2016-05-27,"11_10"
"346",346,"ZN8PG00","光復北路  健康路-民生東路",27.75,10.2,37,0,121.555604029826,25.0562180368435,121.555236965001,25.0582509892992,2016-05-27,"11_10"
"347",347,"ZN8PG40","光復北路  民權東路-民生東路",34.51613,8.5,31.5,0,121.554579045723,25.0618819961467,121.555236965001,25.0582509892992,2016-05-27,"11_10"
"348",348,"ZNXPC00","光復北路  民生東路-民權東路",44.448277,5.2,30,0,121.555236965001,25.0582509892992,121.554579045723,25.0618819961467,2016-05-27,"11_10"
"349",349,"ZLAJE40","吉林路    南京東路-長安東路",34.736843,4.6,20,0,121.530049017891,25.0504970028238,121.530034960641,25.0496940059509,2016-05-27,"11_10"
"350",350,"ZLRJE00","吉林路    長安東路-南京東路",39.555557,3,9,0,121.52960297329,25.048152016889,121.530084993618,25.0520410356862,2016-05-27,"11_10"
"351",351,"ZLRJE40","吉林路  民生東路-南京東路",40.454544,3.4,22,0,121.530112024283,25.0536480257702,121.530084993618,25.0520410356862,2016-05-27,"11_10"
"352",352,"ZMEJE00","吉林路    南京東路-民生東路",45.2,1.75,15,0,121.530112024283,25.0536480257702,121.53013697346,25.0548400027191,2016-05-27,"11_10"
"353",353,"ZP6JF40","吉林路    民族東路-民生東路",35.923077,2.8,13.5,0,121.530367981607,25.0648059759803,121.53029899333,25.0625490279007,2016-05-27,"11_10"
"354",354,"ZPLJF00","吉林路    民生東路-民族東路",45,3.8,22,0,121.53029899333,25.0625490279007,121.530367981607,25.0648059759803,2016-05-27,"11_10"
"355",355,"ZMLXB00","向陽路    重陽路-新明路",68.55769,3.6,56.5,0,121.594905003222,25.0548470311376,121.594135048916,25.0555719922456,2016-05-27,"11_10"
"356",356,"ZFNNH40","安和路    樂利路-和平東路",41.666668,13.4,68,0,121.549828991591,25.0280270129986,121.550318964963,25.0244679550359,2016-05-27,"11_10"
"357",357,"ZGNNK40","安和路    信義路-樂利街",32.25,6.5,22.5,0,121.551611046257,25.0297450439059,121.550794959106,25.0290159835927,2016-05-27,"11_10"
"358",358,"ZHLNV00","安和路    樂利街-信義路",33,3.2,14.5,0,121.552432042233,25.0317009965039,121.552467960776,25.0331719873244,2016-05-27,"11_10"
"359",359,"ZHLNV40","安和路    仁愛路-信義路",36.42105,3.8,20,0,121.552527965838,25.035330014608,121.552467960776,25.0331719873244,2016-05-27,"11_10"
"360",360,"ZIMNN00","安和路    信義路-仁愛路",45.6,1.8,10,0,121.552501995633,25.0361689992417,121.551775004519,25.0377789671945,2016-05-27,"11_10"
"361",361,"ZJGMT00","安和路    仁愛路-敦化南路",41,1.4,11,0,121.546144043555,25.0415559881941,121.54718403224,25.0415430434721,2016-05-27,"11_10"
"362",362,"ZQ6WK40","成功路    民權東路-南京東路",41.296,12.3,130.5,0,121.590703951387,25.067539018744,121.590850032986,25.0628439710575,2016-05-27,"11_10"
"363",363,"ZQKWL00","成功路    南京東路-民權東路",43.206184,9.4,105,0,121.590518979189,25.0660680113132,121.590899033537,25.0689469699906,2016-05-27,"11_10"
"364",364,"ZQKWL40","成功路    民權東路-陽光街",39.384617,14.6,101.5,1,121.590448033929,25.0699599893922,121.590899033537,25.0689469699906,2016-05-27,"11_10"
"365",365,"ZJPEI60","成都路    中華路-康定路",43.31746,15.3,64,0,121.507587971462,25.042359975048,121.505934044635,25.0427360392706,2016-05-27,"11_10"
"366",366,"ZJUDT20","成都　　康定路(往東)",37.015625,9.2,72,0,121.491488965562,25.0486350135639,121.502626999904,25.0435240419137,2016-05-27,"11_10"
"367",367,"Z3ZT820","至善路    中社路-產業道路",53.5,1,6,0,121.56567803258,25.1131100094587,121.573992032337,25.1163199945961,2016-05-27,"11_10"
"368",368,"ZWRLS20","至善路    福林路-故宮路",59.333332,0.8333334,7,0,121.539927017509,25.0973710017973,121.542305981721,25.0971909722556,2016-05-27,"11_10"
"369",369,"ZWXMM60","至善路    至善路-故宮路",37.42857,5.3333335,15,0,121.550250990901,25.1002949696846,121.546524026218,25.0981420294763,2016-05-27,"11_10"
"370",370,"ZX9KL60","福林路    雨農路-至善路",55,0.6666667,2,0,121.539927017509,25.0973710017973,121.536465021284,25.0992169702622,2016-05-27,"11_10"
"371",371,"ZXWNW20","至善路    故宮路-至善路",44.73077,4.6,27,0,121.550250990901,25.1002949696846,121.552876962193,25.1022530355286,2016-05-27,"11_10"
"372",372,"ZZKPR20","至善路    至善路-中社路",48.857143,1.4,14,0,121.557462985376,25.1076619562863,121.557154982438,25.1098199874148,2016-05-27,"11_10"
"373",373,"ZFWBS00","光復橋(往北)",51.65116,1.9,43,0,121.49086798313,25.0244600211102,121.492498025584,25.0258449627048,2016-05-27,"11_10"
"374",374,"ZGKCG40","西園路    和平西路-西藏路",29.225807,2.5,31.5,0,121.49632003092,25.0301110424846,121.495630982185,25.0286869877743,2016-05-27,"11_10"
"375",375,"ZHZD800","西園路    西藏路-和平西路",32.294117,1.4166666,17,0,121.496789992364,25.0310400013737,121.499313966025,25.0352559817825,2016-05-27,"11_10"
"376",376,"ZJPEI40","西寧南路  峨嵋街-內江街",37.90244,3.7,41.5,0,121.506196015376,25.0436650415371,121.505934044635,25.0427360392706,2016-05-27,"11_10"
"377",377,"ZKJEP40","西寧北路  忠孝西路-峨嵋街",29.636364,1.4,11,0,121.507321980866,25.0475609785168,121.507029990711,25.0465419809687,2016-05-27,"11_10"
"378",378,"ZGKCG20","西藏路    艋舺大道-西園路",26.733334,4.5,17.5,1,121.495352031791,25.0282639566907,121.495630982185,25.0286869877743,2016-05-27,"11_10"
"379",379,"ZGKCG60","西藏路    萬大路-西園路",53.29032,1.9,32.5,0,121.4991810355,25.0293430084573,121.495630982185,25.0286869877743,2016-05-27,"11_10"
"380",797,"ZTZY920","成功四段三二四(往東)",33.29032,6.1,35,0,121.595224987996,25.0841869673208,121.598776038888,25.0846779763565,2016-05-27,"11_10"
"381",380,"ZGQDF20","西藏路    西園路-萬大路",60.060608,1.8,34.5,0,121.4991810355,25.0293430084573,121.500537976666,25.0293929749052,2016-05-27,"11_10"
"382",381,"ZGUEI60","西藏路    汀洲路-中華路",33.695652,2.625,23,0,121.507211962894,25.0306430435373,121.504117977474,25.0299949685813,2016-05-27,"11_10"
"383",382,"ZGYER20","西藏路    中華路-汀州路",35.565216,2.3,23,0,121.504117977474,25.0299949685813,121.507211962894,25.0306430435373,2016-05-27,"11_10"
"384",383,"Z1CPB00","辛亥路    木新路-光輝路",41.142857,11.8,62,0,121.553863985992,24.979864968356,121.554027961826,24.9832139755255,2016-05-27,"11_10"
"385",384,"Z1CPB40","辛亥路    光輝路-木新路",44.78125,5.6,34,0,121.554193981955,24.9848290313096,121.554027961826,24.9832139755255,2016-05-27,"11_10"
"386",385,"Z1HPC00","辛亥路    光輝路-懷恩隧道",43.38889,4,18,0,121.554027961826,24.9832139755255,121.554193981955,24.9848290313096,2016-05-27,"11_10"
"387",386,"Z1SNV00","辛亥路    懷恩隧道-光輝路",45.409092,3.8,22,0,121.554193981955,24.9848290313096,121.552345039233,24.9877980335106,2016-05-27,"11_10"
"388",387,"ZAGPE40","辛亥路    懷恩隧道-興隆路",55.214287,1.4,14,0,121.556817970959,25.0045190313385,121.554592045127,25.0008260047598,2016-05-27,"11_10"
"389",388,"ZB5PL00","辛亥路    興隆路-萬美街",35.73077,12,53.5,0,121.556817970959,25.0045190313385,121.558152990685,25.0060670412361,2016-05-27,"11_10"
"390",389,"ZB5PL40","辛亥路    萬美街-興隆路",34.954544,5.75,22,0,121.558541952787,25.0066609840938,121.558152990685,25.0060670412361,2016-05-27,"11_10"
"391",390,"ZB5PL60","辛亥路    辛亥隧道-萬美街",43.162163,6.6,37.5,0,121.558541952787,25.0066609840938,121.558152990685,25.0060670412361,2016-05-27,"11_10"
"392",391,"ZBQP700","辛亥路    萬美街-辛亥隧道",45.166668,5.6,36,0,121.558152990685,25.0060670412361,121.558541952787,25.0066609840938,2016-05-27,"11_10"
"393",392,"ZDYN960","辛亥路    基隆路-辛亥隧道",51.06,7.7,102,0,121.550875961883,25.018326973487,121.549057016913,25.0170070234282,2016-05-27,"11_10"
"394",393,"ZEFMN20","辛亥路    基隆路-復興南路",35.842106,10.3,84.5,0,121.543358978541,25.0212439864241,121.546649048669,25.0191459845886,2016-05-27,"11_10"
"395",394,"ZEFMN60","辛亥路    辛亥隧道-基隆路",40.243244,3.2,81.5,0,121.549057016913,25.0170070234282,121.546649048669,25.0191459845886,2016-05-27,"11_10"
"396",395,"ZEWM520","辛亥路    復興南路-建國南路",55.08108,9.133333,166.5,0,121.541079986254,25.0213150435746,121.543358978541,25.0212439864241,2016-05-27,"11_10"
"397",396,"ZEWM560","辛亥路    復興南路-基隆路",48.395832,3.8,49.5,0,121.546649048669,25.0191459845886,121.543358978541,25.0212439864241,2016-05-27,"11_10"
"398",397,"ZF9KB20","辛亥路    汀州路-建國南路",33.72222,2.9,25.5,0,121.531857969838,25.0218990356169,121.534426045252,25.0223860105166,2016-05-27,"11_10"
"399",398,"ZF9KB60","辛亥路    建國南路-汀州路",35.525,3.6,44.5,0,121.537576990046,25.0222670349586,121.534426045252,25.0223860105166,2016-05-27,"11_10"
"400",399,"ZF9KW60","辛亥路    復興南路-建國南路",49.477272,2.8333333,44.5,0,121.543358978541,25.0212439864241,121.537576990046,25.0222670349586,2016-05-27,"11_10"
"401",400,"ZEUPN60","和平東路  臥龍街-基隆路",35.29032,2.6,31,0,121.557560005957,25.0196380340218,121.556513993491,25.0205809639847,2016-05-27,"11_10"
"402",401,"ZEZPT20","和平東路  基隆路-臥龍街",33.142857,3,32.5,0,121.55464904923,25.0223849731817,121.555546993352,25.0215150147704,2016-05-27,"11_10"
"403",402,"ZFPMQ20","和平東路  復興南路-基隆路",43.9863,7.2,81.5,0,121.543424023128,25.0248549855301,121.546683031722,25.0246709606404,2016-05-27,"11_10"
"404",403,"ZFQM660","和平東路  基隆路-復興南路",45.575,7.2,84,0,121.546683031722,25.0246709606404,121.543424023128,25.0248549855301,2016-05-27,"11_10"
"405",404,"ZFTLH60","和平東路  復興南路-新生南路",43.44086,5.9333334,98.5,0,121.537671024771,25.0256339943513,121.538838961141,25.0254760168588,2016-05-27,"11_10"
"406",405,"ZFYKD20","和平西路  師大路-新生南路",49.237762,9.866667,160,0,121.533620018857,25.0261720409252,121.534867967877,25.0260230159196,2016-05-27,"11_10"
"407",406,"ZFZK620","和平東路  羅斯福路-師大路",42.849316,4.9333334,75,0,121.531599953592,25.0263149712506,121.533620018857,25.0261720409252,2016-05-27,"11_10"
"408",407,"ZG6J520","和平西路  新生南路-師大路",53.81208,12.6,167,0,121.525913962462,25.0267859703791,121.528519039679,25.0265699870944,2016-05-27,"11_10"
"409",408,"ZG8IK60","和平西路  重慶南路-羅斯福路",45.444443,0.8333333,9,0,121.528519039679,25.0265699870944,121.525913962462,25.0267859703791,2016-05-27,"11_10"
"410",409,"ZG9HT60","和平東路  師大路-羅斯福路",47.48718,1.6,39,0,121.523912978148,25.0269469657233,121.522427026731,25.027032997263,2016-05-27,"11_10"
"411",410,"ZGBGJ60","和平西路  羅斯福路-重慶南路",39.877193,4.8,57,0,121.517986992022,25.0267239754063,121.515957978162,25.0272459956899,2016-05-27,"11_10"
"412",411,"ZGMFQ20","和平西路  南海路-重慶南路",44.22449,3.4,49,0,121.509164048097,25.030545997559,121.512031024664,25.0290380232257,2016-05-27,"11_10"
"413",412,"ZGXF860","和平西路  重慶南路-南海路",43,1.6,25,0,121.512031024664,25.0290380232257,121.509164048097,25.030545997559,2016-05-27,"11_10"
"414",413,"ZH7EV20","莒光路    中華路-和平西路",21,2.5,4.5,1,121.505301004035,25.03340303799,121.507889043338,25.0312189821961,2016-05-27,"11_10"
"415",414,"ZHHEF20","和平西路  南海路-中華路",41.469387,3.8,51.5,0,121.504857003723,25.0337749705175,121.505301004035,25.03340303799,2016-05-27,"11_10"
"416",415,"ZHZC820","和平西路  中華路-水源路",45.04762,4.5,54,0,121.491524963513,25.0354639551665,121.494408993903,25.0354079836009,2016-05-27,"11_10"
"417",416,"ZHZDJ20","和平西路  環河南路-中華路",42.689655,3.9,35,0,121.499313966025,25.0352559817825,121.501225987764,25.0352050366073,2016-05-27,"11_10"
"418",417,"ZISCI20","華江橋(往東)",72.888885,1,10.5,0,121.49086798313,25.0244600211102,121.496048048653,25.0388149699351,2016-05-27,"11_10"
"419",418,"ZJCTT20","忠孝東路  松信路-松山路",70,1.8,36,0,121.575325038745,25.0408320443226,121.576929974667,25.0407980148635,2016-05-27,"11_10"
"420",419,"ZJCTT60","忠孝東路  松山路-松信路",49,35.466667,63,0,121.577831967601,25.0407769954083,121.576929974667,25.0407980148635,2016-05-27,"11_10"
"421",420,"ZJDST20","忠孝東路 松仁路-松信路",34.395348,4,44.5,0,121.570191965881,25.0409869811321,121.571935956922,25.0409349574797,2016-05-27,"11_10"
"422",421,"ZJERC20","忠孝東　基隆路(往東)",42.98649,8.6,85.5,0,121.562730957348,25.0411869587421,121.564464988337,25.041143998202,2016-05-27,"11_10"
"423",422,"ZJERC60","忠孝東路往西 松仁路-基隆路",40.822582,4.1666665,66.5,0,121.568686003029,25.0410379832092,121.564464988337,25.041143998202,2016-05-27,"11_10"
"424",423,"ZJES820","忠孝東路往東 基隆路-松仁路",41.066666,2.3333335,64.5,0,121.564464988337,25.041143998202,121.568686003029,25.0410379832092,2016-05-27,"11_10"
"425",424,"ZJFQQ60","忠孝東路  基隆路-逸仙路",37.98148,5.7,56,1,121.562730957348,25.0411869587421,121.561582048975,25.0412180286531,2016-05-27,"11_10"
"426",425,"ZJGNK60","忠孝四段170往西",47.993828,4.85,165.5,0,121.552971038,25.0414130111333,121.550770978706,25.0414659619593,2016-05-27,"11_10"
"427",426,"ZJGPC20","忠孝東路　延吉往東",42.56,5.533334,54.5,0,121.552971038,25.0414130111333,121.554487045962,25.0413890343382,2016-05-27,"11_10"
"428",427,"ZJHKR20","忠孝東路  復興北路-建國南路",64.117645,0.75,17.5,0,121.532867951087,25.0422989956186,121.537077016111,25.0417060435019,2016-05-27,"11_10"
"429",428,"ZJHM720","忠孝東路  建國南路-復興北路",30.468468,14.333334,114.5,1,121.541634979028,25.0416349682104,121.543765995297,25.0416090380889,2016-05-27,"11_10"
"430",429,"ZJHML20","忠孝東路  復興南路-大安路",49.74775,4.933333,111,0,121.543765995297,25.0416090380889,121.546144043555,25.0415559881941,2016-05-27,"11_10"
"431",430,"ZJHML60","忠孝東路  敦化南路-大安路",49.62857,4.9333334,105,0,121.54718403224,25.0415430434721,121.546144043555,25.0415559881941,2016-05-27,"11_10"
"432",431,"ZJLJW20","忠孝東路  新生北路-建國南路",69.333336,0.44444445,6.5,0,121.529867965964,25.0431219811591,121.532867951087,25.0422989956186,2016-05-27,"11_10"
"433",432,"ZJQJI20","忠孝東路  建國南路-中山北路",43.387096,7,129.5,0,121.529867965964,25.0431219811591,121.530730009031,25.0428839936556,2016-05-27,"11_10"
"434",433,"ZJTJ820","忠孝東路  杭州北路-中山北路",45.09589,7,147,0,121.526849011636,25.0439449738104,121.529006971227,25.0433510221623,2016-05-27,"11_10"
"435",434,"ZJXIQ20","忠孝東路  林森北路-杭州北路",49.32143,1.7333332,60.5,0,121.525107021695,25.0443669744632,121.526849011636,25.0439449738104,2016-05-27,"11_10"
"436",435,"ZK5IE20","忠孝東路  八德路-林森北路",41.967392,2.4,92.5,1,121.523344996927,25.044788032304,121.525107021695,25.0443669744632,2016-05-27,"11_10"
"437",436,"ZK8HY20","忠孝東路  館前路-林森北路",35.342857,8.333333,78.5,0,121.521632042379,25.0451920145688,121.523344996927,25.044788032304,2016-05-27,"11_10"
"438",437,"ZKAHN20","忠孝東路  林森北路-館前路",40.422222,2,50,0,121.519582972501,25.0456320015231,121.521632042379,25.0451920145688,2016-05-27,"11_10"
"439",438,"ZKCUX20","忠孝東路  東新街-中坡南路",44.627453,6.6,60.5,0,121.581931038571,25.0441729612756,121.582718974582,25.0452810424302,2016-05-27,"11_10"
"440",439,"ZKLGD20","忠孝西路  中華路-館前路",47.01923,5.133333,105,0,121.511009976667,25.0479730195554,121.515008984925,25.0467950373473,2016-05-27,"11_10"
"441",440,"ZKVVH20","忠孝東路  中坡南路-東新街",44.19298,7.8,67.5,0,121.582718974582,25.0452810424302,121.585100032729,25.0479620345473,2016-05-27,"11_10"
"442",441,"ZKXET20","忠孝西路  環河北路-塔城街",29.77922,5.9333334,79.5,0,121.506503986656,25.0488909901789,121.507623047764,25.048616959465,2016-05-27,"11_10"
"443",442,"ZKXET60","忠孝西路  中華路-環河北路",44.025,3.6,40,0,121.506758999056,25.0506060000321,121.507623047764,25.048616959465,2016-05-27,"11_10"
"444",443,"ZLEWS20","忠孝東路  東新街-向陽路",42.705128,7.5,81.5,0,121.589050998969,25.0492460032113,121.591322049175,25.0497339722126,2016-05-27,"11_10"
"445",444,"ZLEWS60","忠孝東路  向陽路-東新街",42.476746,7.2,93.5,0,121.575325038745,25.0408320443226,121.591322049175,25.0497339722126,2016-05-27,"11_10"
"446",445,"ZM64J20","忠孝東路  向陽路-研究院路",58.296295,2,29.5,1,121.61261503992,25.0527349841585,121.615243008538,25.0530400109657,2016-05-27,"11_10"
"447",446,"ZM64J60","忠孝東路  研究院路-向陽路",67.28846,4.5,57.5,0,121.61629396121,25.053161955416,121.615243008538,25.0530400109657,2016-05-27,"11_10"
"448",447,"Z37JI40","忠誠路    天母東路-德行東路",53.25926,1.5999999,28,0,121.532934016338,25.1149020373679,121.531068977338,25.1124079749547,2016-05-27,"11_10"
"449",448,"Z4FKA00","忠誠路    德行東路-天母東路",52.072727,2.6666667,56.5,0,121.532934016338,25.1149020373679,121.53466299808,25.1180829630573,2016-05-27,"11_10"
"450",449,"ZYBIB60","忠誠路    忠義街-中山北路",43.59155,4.466666,73.5,0,121.528898012559,25.1055090420039,121.52484602371,25.1040249679002,2016-05-27,"11_10"
"451",450,"ZYLJ600","忠誠路  中山北路-忠義街",43.532257,4,66.5,0,121.52484602371,25.1040249679002,121.528898012559,25.1055090420039,2016-05-27,"11_10"
"452",451,"ZZAJE00","忠誠路  忠義街-德行東路",57.864197,3.5333333,81,0,121.528898012559,25.1055090420039,121.530318019165,25.1083749664506,2016-05-27,"11_10"
"453",452,"ZZAJE60","忠誠路    中山北路-忠義街",32.238094,5,21,0,121.535907038271,25.1100249627925,121.530318019165,25.1083749664506,2016-05-27,"11_10"
"454",453,"Z3MER00","承德路    文林北路-吉利街",61.930557,7.166667,145.5,0,121.50923497412,25.1124480055163,121.507130965865,25.1143699686909,2016-05-27,"11_10"
"455",454,"Z4VDD40","承德路    文林北路-基河路",61.91772,4.25,160,0,121.51136898907,25.1105090269283,121.511873979864,25.105577986075,2016-05-27,"11_10"
"456",455,"ZLIGO40","承德路    南京西路-市民大道",48.101696,3.1999998,64.5,0,121.517691970298,25.0532490075265,121.517028000562,25.050877024964,2016-05-27,"11_10"
"457",456,"ZLYGU00","承德路    市民大道-南京西路",52.491226,2.9166667,61,0,121.517028000562,25.050877024964,121.517691970298,25.0532490075265,2016-05-27,"11_10"
"458",457,"ZMQGX40","承德路    民生西路-南京西路",60.75,0.6666666,21,0,121.51817497086,25.0573370422045,121.518144022001,25.0547379670373,2016-05-27,"11_10"
"459",458,"ZMWGW00","承德路    南京西路-民生西路",47.402596,4.133333,83.5,0,121.518144022001,25.0547379670373,121.51817497086,25.0573370422045,2016-05-27,"11_10"
"460",459,"ZMWGW40","承德路民生西路往南",48.19178,3.0666666,79.5,0,121.518217038202,25.0601989750841,121.51817497086,25.0573370422045,2016-05-27,"11_10"
"461",460,"ZP8GX00","承德路    民生西路-民權西路",38.98165,8.5,116.5,0,121.518217038202,25.0601989750841,121.518278034,25.0628709805022,2016-05-27,"11_10"
"462",461,"ZP8GX40","承德路    民族西路-民權西路",70,2.1333334,75.5,0,121.518329979386,25.0658410329101,121.518278034,25.0628709805022,2016-05-27,"11_10"
"463",462,"ZQFGY00","承德路    民權西路-民族西路",57.764706,5.8,113.5,0,121.518329979386,25.0658410329101,121.51841003728,25.0684950038011,2016-05-27,"11_10"
"464",463,"ZR8GZ40","承德路    劍潭路-民族西路",49.492958,4.5,72,0,121.519132992345,25.0730250139216,121.51860298358,25.0718979983684,2016-05-27,"11_10"
"465",464,"ZRTHD00","承德路    民族東路-劍潭路",49.699028,7.7333326,105,0,121.519132992345,25.0730250139216,121.520142954438,25.075179002518,2016-05-27,"11_10"
"466",465,"ZV7GX00","承德路    中正路-劍潭路",37.35484,4.533334,129,0,121.521558963159,25.0888150438412,121.518350989573,25.0897839795481,2016-05-27,"11_10"
"467",466,"ZVCGQ40","承德路    大業路-吉利街",53.28177,9.133333,193.5,0,121.5014999737,25.1194989799831,121.503336993095,25.1178130018371,2016-05-27,"11_10"
"468",467,"ZVEGK00","承德路    劍潭路-中正路",49.691357,3.0666668,82,0,121.518350989573,25.0897839795481,121.516491996487,25.0910000387343,2016-05-27,"11_10"
"469",468,"ZVVGB40","承德路    基河路-中正路",43.245903,9.083333,124.5,1,121.514055017166,25.0959740116679,121.515635003385,25.092103988547,2016-05-27,"11_10"
"470",469,"ZJQEB00","昆明街    成都路-忠孝西路",37.42857,1.9,21,0,121.504532045206,25.041495018513,121.504825008811,25.0430019877903,2016-05-27,"11_10"
"471",470,"ZSEMV60","明水路    樂群一路-大直橋",56.425,5.2,80,0,121.549573022597,25.0772759751444,121.547689985538,25.0774089666611,2016-05-27,"11_10"
"472",471,"ZSGLN60","明水路    大直橋-北安路",61.36,3,25,0,121.544389033262,25.0773219827372,121.541635006388,25.0776029893899,2016-05-27,"11_10"
"473",472,"ZT9NN00","明水路    北安路-樂群一路",37.93617,6,52.5,0,121.552044033409,25.0799839674544,121.551448019389,25.0818549822257,2016-05-27,"11_10"
"474",473,"ZHFHV00","杭州南路  羅斯福路-愛國東路",42.375,6.2,57,0,121.522002025786,25.0295359980159,121.522274983141,25.0308619897926,2016-05-27,"11_10"
"475",474,"ZI6I900","杭州南路  愛國東路-信義路",44.098038,3.6,56.5,0,121.52675898022,25.0342589664573,121.524326005961,25.035441042185,2016-05-27,"11_10"
"476",475,"ZIPIF00","杭州南路  信義路-仁愛路",42.545456,5.375,46,0,121.524326005961,25.035441042185,121.525200027068,25.0382819856299,2016-05-27,"11_10"
"477",476,"ZJGIK00","杭州南路  仁愛路-忠孝東路",37.982758,6,59.5,0,121.525743009547,25.0401489702973,121.52615501421,25.0415549907144,2016-05-27,"11_10"
"478",477,"ZIGHK40","信義路　林森南(往南)",34.772152,8.7,79.5,0,121.521595040537,25.0387639638472,121.521081991794,25.0370229803464,2016-05-27,"11_10"
"479",478,"ZJCHS40","林森南路  忠孝東路-仁愛路",46.866665,2.6666665,62,0,121.522650962936,25.0423980324317,121.522239033265,25.0410010298098,2016-05-27,"11_10"
"480",479,"ZJMHU00","林森南路  仁愛路-忠孝東路",35.69,12.8,110,0,121.522239033265,25.0410010298098,121.522650962936,25.0423980324317,2016-05-27,"11_10"
"481",480,"ZK8HY40","林森北路  長安東路-忠孝東路",30.941177,2.75,17.5,0,121.523806986935,25.0463219909129,121.523344996927,25.044788032304,2016-05-27,"11_10"
"482",481,"ZKII640","林森北路  忠孝東路-長安東路",39,1,4,0,121.524572008387,25.0491270245344,121.523806986935,25.0463219909129,2016-05-27,"11_10"
"483",482,"ZLRIF40","林森北路  長春路-長安東路",31.156862,2.7,56,0,121.525458978715,25.0549099825207,121.525377993726,25.0520939617721,2016-05-27,"11_10"
"484",483,"ZMFIG00","林森北路  長安東路-長春路",24.116667,6.5,71.5,0,121.525377993726,25.0520939617721,121.525458978715,25.0549099825207,2016-05-27,"11_10"
"485",484,"ZN5IG00","林森北路  長春路-民生東路",35.2,4.2,20,0,121.525458978715,25.0549099825207,121.525521993862,25.058043041147,2016-05-27,"11_10"
"486",485,"ZNKIG00","林森北路  民生東路-民權東路",39.64706,10.4,51,0,121.525521993862,25.058043041147,121.52557102941,25.0602910365096,2016-05-27,"11_10"
"487",486,"ZNKIG40","林森北路  民權東路-民生東路",25.976744,6.8,43,0,121.525606990661,25.0616809601453,121.52557102941,25.0602910365096,2016-05-27,"11_10"
"488",487,"ZPYIH00","林森北路  民權東路-民族東路",31.71875,7.8,33.5,0,121.525690048067,25.0648859887343,121.525707967089,25.0666460353804,2016-05-27,"11_10"
"489",488,"ZPYIH40","林森北路  民族東路-民權東路",34.17647,4.6,34.5,0,121.525754004841,25.068351994266,121.525707967089,25.0666460353804,2016-05-27,"11_10"
"490",489,"ZMEJW40","松江路    民生東路-南京東路",33.604168,4.6666665,51,0,121.53313299757,25.0579159728731,121.533070031058,25.0547930311624,2016-05-27,"11_10"
"491",490,"ZN5JX00","松江路    南京東路-民生東路",32.035713,17.2,99.5,0,121.533070031058,25.0547930311624,121.53313299757,25.0579159728731,2016-05-27,"11_10"
"492",491,"ZN5JX40","松江路  民權東路-民生東路",46.0229,11.2,160.5,0,121.533173047141,25.0602999587837,121.53313299757,25.0579159728731,2016-05-27,"11_10"
"493",492,"ZNLJX20","松江路    民生東路-民權東路",51.933334,3.0666666,80.5,0,121.534847955769,25.0602940260267,121.533173047141,25.0602999587837,2016-05-27,"11_10"
"494",493,"ZP6JY40","松江路    民生東路-民權東路",42.55294,6.7333336,92,0,121.533241968318,25.0647050407117,121.533203037377,25.062466042796,2016-05-27,"11_10"
"495",494,"ZQEJY00","松江路    民權東路-民族東路",38.390804,7.166667,90,0,121.537017999938,25.0623710424569,121.533306991068,25.0682079612344,2016-05-27,"11_10"
"496",495,"ZDYJC00","金山南路  愛國東路-信義路",40.21212,2.4,33.5,0,121.526847003873,25.0316669589232,121.527272972601,25.0340489558628,2016-05-27,"11_10"
"497",496,"ZDYJC40","金山南路  仁愛路-信義路",46.135136,5.4,74.5,0,121.528340969147,25.0382519822543,121.527272972601,25.0340489558628,2016-05-27,"11_10"
"498",497,"ZG8IK40","金山南路  愛國東路-和平東路",40.847828,4.4,46.5,0,121.526308995626,25.0288699736331,121.525913962462,25.0267859703791,2016-05-27,"11_10"
"499",498,"ZHAIQ00","金山南路  和平東路-愛國東路",40.30263,7.8,76.5,0,121.526582976893,25.0301700427729,121.526847003873,25.0316669589232,2016-05-27,"11_10"
"500",499,"ZHAIQ40","金山南路  信義路-愛國東路",48.11111,2.9,54,0,121.527272972601,25.0340489558628,121.526847003873,25.0316669589232,2016-05-27,"11_10"
"501",500,"ZIXJ740","金山南路  忠孝東路-仁愛路",21.957144,51.8,72,1,121.529195013205,25.0408220379251,121.528753043802,25.0394610024343,2016-05-27,"11_10"
"502",501,"ZJBJ900","金山南路  仁愛路-忠孝東路",44.811764,4.9,86.5,0,121.528753043802,25.0394610024343,121.529195013205,25.0408220379251,2016-05-27,"11_10"
"503",502,"ZSQYA00","金湖路    民權東路-康寧路",33.333332,4.8,24.5,0,121.60152301582,25.0745739629973,121.599591004498,25.078978040163,2016-05-27,"11_10"
"504",503,"ZKVJB60","長安東路  林森北路-新生北路",52.341465,7.2,43,0,121.5314569682,25.0484610170838,121.52960297329,25.048152016889,2016-05-27,"11_10"
"505",504,"ZL6IA60","長安東路  中山北路-林森北路",39.944443,4.8,38,0,121.528453029474,25.048237003662,121.524572008387,25.0491270245344,2016-05-27,"11_10"
"506",505,"ZLBHN20","長安西路  承德路-中山北路",37.1,3.8,30,0,121.517028000562,25.050877024964,121.521621966763,25.0498139771949,2016-05-27,"11_10"
"507",506,"ZLBHN60","長安東路  林森北路-中山北路",42.4,4.75,20.5,0,121.522839965486,25.0495300052462,121.521621966763,25.0498139771949,2016-05-27,"11_10"
"508",507,"ZLGGY60","長安西路  中山北路-承德路",44.384617,1.4,13,0,121.519977995024,25.0501899826042,121.518394001597,25.0506200193959,2016-05-27,"11_10"
"509",508,"ZLKGF40","長安西路  承德路-重慶北路",26.423077,6.25,26.5,0,121.516127982904,25.0536160251129,121.515453993572,25.0512350420078,2016-05-27,"11_10"
"510",509,"ZLMG620","長安西路  環河北路-重慶北路",26.777779,1.5,9,1,121.511868965836,25.0520420013174,121.513928993666,25.0515830323019,2016-05-27,"11_10"
"511",510,"ZLTEQ40","長安西路  重慶北路-環河北路",31.333334,1.6,15,1,121.507476028548,25.0537090347304,121.507242000006,25.0524010319773,2016-05-27,"11_10"
"512",511,"ZMDL800","長春路    復興北路-建國北路",24.589743,9.8,39,0,121.539122001065,25.0561339717854,121.539075961259,25.0546719547361,2016-05-27,"11_10"
"513",512,"ZMDL820","長春路    新生北路-松江路",51.794117,4.6,36.5,0,121.536845962901,25.0547340197055,121.539075961259,25.0546719547361,2016-05-27,"11_10"
"514",513,"ZMDLH20","長春路    建國北路-復興北路",27.98077,16,55,0,121.539075961259,25.0546719547361,121.540503002328,25.0546399550223,2016-05-27,"11_10"
"515",514,"ZMEJE20","長春路    松江路-新生北路",48.34375,8.4,40,0,121.527560028847,25.0548669637719,121.53013697346,25.0548400027191,2016-05-27,"11_10"
"516",515,"ZMEKD00","長春路    建國北路-松江路",42.42857,1.3333334,7,0,121.534792956807,25.0520060131358,121.534823975309,25.0547690306678,2016-05-27,"11_10"
"517",516,"ZMFHU60","長春路    新生北路-中山北路",69.73913,2.2,23,0,121.525458978715,25.0549099825207,121.522713974682,25.0549919835593,2016-05-27,"11_10"
"518",517,"ZMFIG20","長春路    中山北路-新生北路",32.31818,7,25.5,0,121.522713974682,25.0549919835593,121.525458978715,25.0549099825207,2016-05-27,"11_10"
"519",518,"ZGYS640","松仁路往南   信義路-松平路",45.744682,2.3,48.5,0,121.56829704186,25.0318759992408,121.568310021885,25.0304130431246,2016-05-27,"11_10"
"520",519,"ZHXS600","信義路   松仁路-松德路",43.936363,6.8666673,117.5,0,121.568291995067,25.0328239644553,121.56833098802,25.034792021521,2016-05-27,"11_10"
"521",520,"ZI9S600","松仁路住北   信義路-松壽路",39.209522,9.266666,123,0,121.568291995067,25.0328239644553,121.568354969459,25.0358029814327,2016-05-27,"11_10"
"522",521,"ZI9S640","松仁路往南 松高路-松壽路",41.820755,3.8666668,110,0,121.568439012417,25.0390520357679,121.568354969459,25.0358029814327,2016-05-27,"11_10"
"523",522,"ZJES800","松仁路往北 松高路-忠孝東路",51.535713,1.4666667,59,0,121.570191965881,25.0409869811321,121.568686003029,25.0410379832092,2016-05-27,"11_10"
"524",523,"ZI9R760","松壽路   松智路-市府路",28.181818,8.933333,47,1,121.565462026286,25.0358500395745,121.563529047497,25.0358840150263,2016-05-27,"11_10"
"525",524,"ZI9RI20","松壽路往東 市府路-松智路",32.358974,6.3,41,0,121.561339958224,25.0359290444265,121.565462026286,25.0358500395745,2016-05-27,"11_10"
"526",525,"ZI9RW20","松壽路   松智路-松仁路",35.22222,2.25,30.5,0,121.563529047497,25.0358840150263,121.567571981239,25.0358150020425,2016-05-27,"11_10"
"527",526,"ZIWR760","松高路往西   松仁路-市府路",31.46875,3.4999998,34.5,1,121.565526037298,25.0390909572895,121.563604049021,25.0391340109023,2016-05-27,"11_10"
"528",527,"ZI9RI40","松智路往南 松高路-松壽路",30.672413,5.533334,66.5,1,121.565526037298,25.0390909572895,121.565462026286,25.0358500395745,2016-05-27,"11_10"
"529",528,"ZIWRJ00","松智路往北   松高路-松壽路",36.34694,2.8666668,53.5,0,121.565462026286,25.0358500395745,121.565526037298,25.0390909572895,2016-05-27,"11_10"
"530",529,"ZSM4D60","康湖路  康樂隧道住西",60.05,0.95,13,0,121.62328997197,25.0782929587753,121.614297041317,25.0783040001469,2016-05-27,"11_10"
"531",530,"ZTEZS60","康湖路  成功隧道往西",68.85714,0.8333333,13,0,121.614297041317,25.0783040001469,121.606728971073,25.0815539591478,2016-05-27,"11_10"
"532",531,"ZM010A0","復北地下道往北",62.246376,2.9,69.5,0,121.543293010912,25.0526770071354,121.543604042915,25.0502569816267,2016-05-27,"11_10"
"533",532,"ZM210E0","復北地下道往南",27.394737,16.8,171.5,2,121.543685015519,25.0507070048541,121.543639996839,25.0478700113867,2016-05-27,"11_10"
"534",533,"ZHJRJ60","信義路往西 松仁路-松智路",41.807693,3.2,57,1,121.568291995067,25.0328239644553,121.565399005848,25.0328889864399,2016-05-27,"11_10"
"535",534,"ZHJS620","信義路   松智路-松仁路",36.967743,2.1,32,1,121.565399005848,25.0328889864399,121.568291995067,25.0328239644553,2016-05-27,"11_10"
"536",535,"ZHKPV60","信義路   光復南路-基隆路",24.423077,4.466666,111.5,1,121.559572982138,25.0330190123501,121.557472029698,25.0330630202679,2016-05-27,"11_10"
"537",536,"ZHKQD60","信義路往西 松智路-基隆路",24.956522,6.5,23.5,0,121.561346000281,25.0329670051349,121.559572982138,25.0330190123501,2016-05-27,"11_10"
"538",537,"ZHKQP20","信義路   基隆路-松智路",41.32857,4.8,70,0,121.559572982138,25.0330190123501,121.561346000281,25.0329670051349,2016-05-27,"11_10"
"539",538,"ZHMML20","信義路四段  復興南路-大安路一段",35.4,5.3,46.5,0,121.543589997887,25.0333580219207,121.545959009029,25.0333140381647,2016-05-27,"11_10"
"540",539,"ZHNJV20","信義路二段 金山南路一段-新生南路一段",26.75,5.6,53,1,121.529966998193,25.0336970279168,121.532731042103,25.0335689678089,2016-05-27,"11_10"
"541",540,"ZIBHV20","信義路　紹興南(往東)",38.38889,1.5833333,18.5,0,121.521081991794,25.0370229803464,121.522743967498,25.0362140038064,2016-05-27,"11_10"
"542",541,"ZIGHK20","信義路　林森南(往東)",35.785713,1.3333334,14.5,0,121.517742001752,25.0392739842801,121.521081991794,25.0370229803464,2016-05-27,"11_10"
"543",542,"ZLMR820","南京東　三民路(往東)",45,6,21.5,0,121.560826031736,25.0514589603378,121.563808990757,25.0514019858846,2016-05-27,"11_10"
"544",543,"ZLRHT61","南京東路二段 林森北路- 中山北路一段",45.938774,12.266666,162,0,121.525377993726,25.0520939617721,121.52257401473,25.0522299753826,2016-05-27,"11_10"
"545",544,"ZM6GJ00","南京西路  重慶北路-承德路",25.220339,20.5,60.5,1,121.515453993572,25.0512350420078,121.516127982904,25.0536160251129,2016-05-27,"11_10"
"546",545,"ZM7FI60","南京西路  西寧北路-重慶北路",39.266666,2.4,15.5,0,121.511757968972,25.0538570290277,121.511044004189,25.0538139857533,2016-05-27,"11_10"
"547",546,"ZM7FN60","南京西路  重慶北路-西寧北路",25.555555,4.4,19.5,1,121.514345042521,25.0540280223188,121.511757968972,25.0538570290277,2016-05-27,"11_10"
"548",547,"ZM9QH20","健康路    光復北路-三民路",48.041668,1.7,26.5,0,121.558071018075,25.0537710361299,121.560480029864,25.0539610333122,2016-05-27,"11_10"
"549",548,"ZMBWS20","南港路    東新街-向陽路",67.8,1.25,5.5,0,121.589773975213,25.0533690260495,121.591869039514,25.0540739950209,2016-05-27,"11_10"
"550",549,"ZMH3J60","南港路惠民街往西",42.471428,9,78.5,0,121.613222967702,25.055304999313,121.610307022877,25.0549559812064,2016-05-27,"11_10"
"551",550,"ZFVKW40","建國南路  和平東路-信義路",38.88372,7.4,87,0,121.537804008446,25.0334790135061,121.537671024771,25.0256339943513,2016-05-27,"11_10"
"552",551,"ZHMKW40","建國南路  信義路-和平東路",46.48649,1.6,37,0,121.537882966645,25.0380649934768,121.537804008446,25.0334790135061,2016-05-27,"11_10"
"553",552,"ZINKW00","建國南路  信義路-仁愛路",45.77778,1,9.5,0,121.537804008446,25.0334790135061,121.537882966645,25.0380649934768,2016-05-27,"11_10"
"554",553,"ZINKW40","建國南路  仁愛路-信義路",66.96364,2.0833333,59,0,121.537077016111,25.0417060435019,121.537882966645,25.0380649934768,2016-05-27,"11_10"
"555",554,"ZJ7KV40","建國南路  仁愛路-忠孝東路",33.810345,10.25,61.5,0,121.537077016111,25.0417060435019,121.537714045008,25.0401419725629,2016-05-27,"11_10"
"556",555,"ZJHKR40","建國南路  忠孝東路-仁愛路",42.24074,2.3333335,54,0,121.53670903176,25.0483700001353,121.537077016111,25.0417060435019,2016-05-27,"11_10"
"557",556,"ZK7KP40","建國北路  長安東路-忠孝東路",24.2,11.8,40.5,1,121.536660023401,25.0460589913958,121.536654952605,25.044894027352,2016-05-27,"11_10"
"558",557,"ZLAKQ20","建國北路  長安東路-南京東路",31.029127,9.866667,105,0,121.53670903176,25.0483700001353,121.536755027745,25.0496699659117,2016-05-27,"11_10"
"559",558,"ZLRKQ40","建國北路  南京東路-長安東路",42.545456,2.3,44.5,0,121.536845962901,25.0547340197055,121.536785012301,25.0519810422149,2016-05-27,"11_10"
"560",559,"ZMEKQ40","建國北路  民生東路-南京東路",36.407894,5.7,77,0,121.537017999938,25.0623710424569,121.536845962901,25.0547340197055,2016-05-27,"11_10"
"561",560,"ZN5KR40","建國北路  民權東路-民生東路",70,0.75,4,0,121.536969049226,25.0602590163787,121.536919039933,25.057858005413,2016-05-27,"11_10"
"562",561,"ZNLKR60","建國北路  民生東路-民權東路",34.28421,4.8,96,0,121.536919039933,25.057858005413,121.536969049226,25.0602590163787,2016-05-27,"11_10"
"563",562,"ZP5KR40","建國北路  民權東路-民生東路",45.07143,2.6,42.5,0,121.533306991068,25.0682079612344,121.537017999938,25.0623710424569,2016-05-27,"11_10"
"564",563,"ZPLKP40","建國北路  民權東路-民族東路",41.88372,3.1,45.5,0,121.533306991068,25.0682079612344,121.536731988135,25.0648819646366,2016-05-27,"11_10"
"565",564,"ZDKJT00","思源街    永福橋-汀州路",64.2,3.25,17.5,0,121.536298988058,25.0109500438487,121.532225011006,25.0150820419637,2016-05-27,"11_10"
"566",565,"Z0UVS20","指南路三段      永興橋(往東)",43.333332,2,6,0,121.58002702861,24.9850200340848,121.586386007339,24.9764449627281,2016-05-27,"11_10"
"567",566,"Z1IUI20","指南路    木新路-三段",49.216217,5.8,39,0,121.575850016972,24.9876089936322,121.58002702861,24.9850200340848,2016-05-27,"11_10"
"568",567,"ZHM3N40","研究院路  四段-三段",11,2,7.5,2,121.613304013734,25.0338629974488,121.610802951982,25.0330880416036,2016-05-27,"11_10"
"569",568,"ZHX4E40","研究院路  舊莊路-研究院路",51,1.3333334,7.5,0,121.616912004968,25.0360509867224,121.614367956927,25.0346169553628,2016-05-27,"11_10"
"570",569,"ZJM4U00","研究院路  研究院路-舊莊路",26.3,4.2,21.5,1,121.617002994333,25.0383530195968,121.616088990815,25.0438190201437,2016-05-27,"11_10"
"571",570,"ZJT4T00","胡適國小　研究(往北)",58.25,1.8333334,24.5,0,121.620339975442,25.0398560094018,121.616924962474,25.0425240066233,2016-05-27,"11_10"
"572",571,"ZKE4M40","研究院路  忠孝東路-舊莊路",31.222221,5.2,28,0,121.615420955902,25.0469359943905,121.615421998675,25.045238998741,2016-05-27,"11_10"
"573",572,"ZKP4L00","研究院路  舊莊路-忠孝東路",37.166668,4.75,24.5,0,121.616924962474,25.0425240066233,121.615420955902,25.0469359943905,2016-05-27,"11_10"
"574",573,"ZMZZC20","重陽路    向陽路-興華路",63.42857,10,14,0,121.604423028307,25.0576889819246,121.605365969207,25.0578289570684,2016-05-27,"11_10"
"575",574,"ZMZZC60","重陽路    三重路-興華路",59.333332,2.8,24,0,121.606674957763,25.0580949967257,121.605365969207,25.0578289570684,2016-05-27,"11_10"
"576",575,"ZND3C20","重陽路    興華路-向陽路",70,2.25,19.5,0,121.606674957763,25.0580949967257,121.609147045383,25.0588249913166,2016-05-27,"11_10"
"577",576,"ZFDGP01","中正橋 還河東路-重慶路三段",57.62963,3.45,110.5,0,121.515554967994,25.0176109602662,121.516851988793,25.0230440039356,2016-05-27,"11_10"
"578",577,"ZFVGM00","中正橋(往北)",64.84615,0.9,39,0,121.516834996122,25.02388403899,121.516376978859,25.025673016978,2016-05-27,"11_10"
"579",578,"ZFVGM40","中正橋(往南)",55.690475,1.3,43.5,0,121.515957978162,25.0272459956899,121.516376978859,25.025673016978,2016-05-27,"11_10"
"580",579,"ZGBGJ40","重慶南路  寧波西路-和平西路",51.16,2.8,51.5,0,121.515285034627,25.0297760208443,121.515957978162,25.0272459956899,2016-05-27,"11_10"
"581",580,"ZGSGF00","重慶南路  和平西路-寧波西路",47.632652,3.375,49.5,0,121.515957978162,25.0272459956899,121.515285034627,25.0297760208443,2016-05-27,"11_10"
"582",581,"ZGSGF40","重慶南路  南海路-寧波西路",46.122807,3.7,57.5,0,121.514411951374,25.0318909909112,121.515285034627,25.0297760208443,2016-05-27,"11_10"
"583",582,"ZHBGA00","重慶南路  寧波西街-南海路",54.537037,2.4,54.5,0,121.515285034627,25.0297760208443,121.514411951374,25.0318909909112,2016-05-27,"11_10"
"584",583,"ZHBGA40","重慶南路  愛國西路-南海路",47.791668,2.7,48,0,121.512464029297,25.0352839832108,121.514411951374,25.0318909909112,2016-05-27,"11_10"
"585",584,"ZHYFT00","重慶南路  南海路-愛國西路",50.45714,1.4,35,0,121.514411951374,25.0318909909112,121.512464029297,25.0352839832108,2016-05-27,"11_10"
"586",585,"ZHYFT40","重慶南路  凱達格蘭-愛國西路",43.25,3.1,44,0,121.512825007056,25.0387580163315,121.512464029297,25.0352839832108,2016-05-27,"11_10"
"587",586,"ZISFV00","重慶南路  愛國西路-凱達格蘭",46.57143,1.8,35,0,121.512464029297,25.0352839832108,121.512825007056,25.0387580163315,2016-05-27,"11_10"
"588",587,"ZJLFX40","重慶南路  忠孝西路-貴陽街",29.724138,18,31,0,121.513200976881,25.043423974533,121.513185975727,25.0422959656717,2016-05-27,"11_10"
"589",588,"ZJTFX00","重慶南路  凱達格蘭-忠孝西路",34.025,4.7,41.5,0,121.513185975727,25.0422959656717,121.513200976881,25.043423974533,2016-05-27,"11_10"
"590",589,"ZLMG600","重慶北路  南京西路-忠孝西路",43.833332,5.4,30.5,0,121.513657022645,25.0506269959056,121.513928993666,25.0515830323019,2016-05-27,"11_10"
"591",590,"ZM8GA00","重慶北路  忠孝西路-南京西路",41,3.8,24,0,121.513928993666,25.0515830323019,121.514345042521,25.0540280223188,2016-05-27,"11_10"
"592",591,"ZNNFY00","重慶北路  民權西路-南京西路",44.565216,1.8666666,47,0,121.513642993311,25.0592219587576,121.513560982172,25.0607570152558,2016-05-27,"11_10"
"593",592,"ZP8FZ00","重慶北路  南京西路-民權西路",49.646343,3.5333333,84,0,121.513560982172,25.0607570152558,121.513579991329,25.0629869739192,2016-05-27,"11_10"
"594",593,"ZP8FZ40","重慶北路  民族西路-民權西路",41.03077,4,65,0,121.513655977625,25.0646660225622,121.513579991329,25.0629869739192,2016-05-27,"11_10"
"595",594,"ZQGFY00","重慶北路  民權西路-民族西路",47.275864,3.0666668,59.5,0,121.513725959187,25.0672099803909,121.51373200123,25.0686110250405,2016-05-27,"11_10"
"596",595,"ZQGFY40","重慶北路　民族往南",54.351353,2.4666667,77.5,0,121.513739992576,25.0705030087528,121.51373200123,25.0686110250405,2016-05-27,"11_10"
"597",596,"ZT9FV00","重慶北路  酒泉街-後港街",37.946156,11.8,137.5,1,121.513790034659,25.0728989733292,121.513119963143,25.0810360205121,2016-05-27,"11_10"
"598",597,"ZTGFS00","重慶北路  後港街-中正路",46.183334,7.8666663,121.5,1,121.513119963143,25.0810360205121,121.511903039504,25.0839469842273,2016-05-27,"11_10"
"599",598,"ZN0A0E0","新生高   濟南-八德路",68.82758,1.8,31.5,0,121.529611986266,25.0417600146039,121.530451043206,25.0445199751198,2016-05-27,"11_10"
"600",599,"ZN0B0E0","新生高    八德路-長安東路",46.878788,2.5,33,0,121.530451043206,25.0445199751198,121.529929035464,25.0482229884047,2016-05-27,"11_10"
"601",600,"ZN0C0E0","新生高    長安東路-民生東路",67.35714,3.4,70,0,121.529929035464,25.0482229884047,121.527834991006,25.0580210253257,2016-05-27,"11_10"
"602",601,"ZN0D0E0","新生高    民生東路-民權東路",78.260414,4.8,98,0,121.527834991006,25.0580210253257,121.527920015602,25.0626209720921,2016-05-27,"11_10"
"603",602,"ZN0E0E0","新生高    民權東路-民族東路",58.830986,3.8,71,0,121.527920015602,25.0626209720921,121.528063040076,25.0683780157201,2016-05-27,"11_10"
"604",603,"ZN0F0E0","新生高    民族東路-中山北路",38.832115,5.9333334,137,1,121.528063040076,25.0683780157201,121.526515048147,25.0744939685962,2016-05-27,"11_10"
"605",604,"ZN2B0E0","新生高    民族東路-常春路",59.974026,4.3,77,0,121.527500962848,25.0684099869996,121.527275983599,25.05486797244,2016-05-27,"11_10"
"606",605,"ZN2C0E0","新生高    常春路-長安東路",59.51376,2.7,110.5,0,121.527275983599,25.05486797244,121.529315048607,25.0481229795987,2016-05-27,"11_10"
"607",606,"ZN2D0E0","新生高    長安東路-八德路",51.768818,7.533334,186,0,121.529315048607,25.0481229795987,121.530055043211,25.0443380281949,2016-05-27,"11_10"
"608",607,"ZN2E0E0","新生高    八德路-濟南路",58.42857,3.25,42,0,121.530055043211,25.0443380281949,121.529345963312,25.0418200062659,2016-05-27,"11_10"
"609",608,"ZIME520","桂林路    康定路-中華路",33.542374,16,70.5,0,121.501794036448,25.0383079783981,121.503843963401,25.0379939957712,2016-05-27,"11_10"
"610",609,"ZIME560","桂林路    中華路-康定路",33.809525,4.3,31.5,0,121.505160971467,25.0377549740791,121.503843963401,25.0379939957712,2016-05-27,"11_10"
"611",610,"ZIQDB00","桂林路    環河南路-康定路",31.104166,5.6,48.5,0,121.499359007,25.0366640361962,121.499801972417,25.0384510166092,2016-05-27,"11_10"
"612",611,"ZM7PP60","健康路    三民路-光復北路",50.333332,1.4,23.5,0,121.558071018075,25.0537710361299,121.556594046076,25.0536500051492,2016-05-27,"11_10"
"613",612,"ZM8PX60","健康路    塔悠路-三民路",52.957447,4.1,53.5,0,121.560480029864,25.0539610333122,121.558071018075,25.0537710361299,2016-05-27,"11_10"
"614",613,"ZMCSE20","健康路    三民路-塔悠路",58.76271,4.8,69.5,0,121.567261022773,25.0542959595979,121.569838992141,25.0544760409088,2016-05-27,"11_10"
"615",614,"ZRKQZ40","基湖路    堤頂大道-樂群一路",45.625,3,17.5,0,121.56434000264,25.0786830098929,121.563198032993,25.0760600169591,2016-05-27,"11_10"
"616",615,"ZSPRA00","基湖路    樂群一路-堤頂大道",32.625,1.6,8,1,121.563198032993,25.0760600169591,121.56434000264,25.0786830098929,2016-05-27,"11_10"
"617",616,"ZSPRA40","基湖路    內湖路-堤頂大道",35.866665,5.3,47.5,0,121.565014032304,25.0808109638181,121.56434000264,25.0786830098929,2016-05-27,"11_10"
"618",617,"ZCNKM20","福和橋(往東)",38.325,2.9,41.5,0,121.527191965573,25.0058279992405,121.536298988058,25.0109500438487,2016-05-27,"11_10"
"619",618,"ZEFMN40","基隆路    台科大-辛亥路",41.444443,2.6,28.5,1,121.548697955585,25.0209529930949,121.546649048669,25.0191459845886,2016-05-27,"11_10"
"620",619,"ZF9NH00","基隆路    和平東路-辛亥路",51.394737,1,39.5,0,121.548697955585,25.0209529930949,121.550270031923,25.0223379595141,2016-05-27,"11_10"
"621",620,"ZFMNV00","基隆路    辛亥路-樂業街",38.413044,4.6,93,0,121.550270031923,25.0223379595141,121.552538018027,25.024342990434,2016-05-27,"11_10"
"622",621,"ZG7PG50","基隆路   光復南路-和平東路",45.02353,4.9,87.5,0,121.556058975459,25.0274349782037,121.555025031734,25.0265179787745,2016-05-27,"11_10"
"623",622,"ZGTPW00","基隆路往北 和平-光復",41.188034,10.5,120,0,121.557256035227,25.0291639754068,121.557395974638,25.0293889718943,2016-05-27,"11_10"
"624",623,"ZGTPW50","基隆路往南   信義路-光復南路",39.671757,11.066667,135.5,0,121.558972965305,25.0320100367059,121.557395974638,25.0293889718943,2016-05-27,"11_10"
"625",624,"ZI9QP10","基隆路   信義路-松壽路",71.39535,3.8,87.5,0,121.559572982138,25.0330190123501,121.561339958224,25.0359290444265,2016-05-27,"11_10"
"626",625,"ZI9QP12","基隆路地下道 松高路-忠孝東路",36.555557,1.8,29.5,0,121.559572982138,25.0330190123501,121.561339958224,25.0359290444265,2016-05-27,"11_10"
"627",626,"ZIKQU50","基隆路   忠孝東路-松高路",38.433334,10.8,92.5,0,121.564464988337,25.041143998202,121.562308045387,25.0375229893969,2016-05-27,"11_10"
"628",627,"ZJERC40","基隆路    松隆路-忠孝東路",35.761192,14.6,141.5,1,121.565833015229,25.0434050150789,121.564464988337,25.041143998202,2016-05-27,"11_10"
"629",628,"ZJERC50","基隆路地下道 松隆路-忠孝東路",52.135803,4.8,83.5,0,121.565833015229,25.0434050150789,121.564464988337,25.041143998202,2016-05-27,"11_10"
"630",629,"ZJERC51","基隆路地下道 忠孝東路-仁愛路",66.093025,51.7,43,0,121.565833015229,25.0434050150789,121.564464988337,25.041143998202,2016-05-27,"11_10"
"631",630,"ZJERC52","基隆路地下道 仁愛路-莊敬路",36.00909,18.6,110.5,1,121.565833015229,25.0434050150789,121.564464988337,25.041143998202,2016-05-27,"11_10"
"632",631,"ZJVRL10","基隆路地下道 忠孝東路-松隆路",40.982758,8.2,116.5,0,121.564464988337,25.041143998202,121.565833015229,25.0434050150789,2016-05-27,"11_10"
"633",632,"ZJVRL11","基隆路地下道 莊敬路-仁愛路",29.6,11.8,100,2,121.564464988337,25.041143998202,121.565833015229,25.0434050150789,2016-05-27,"11_10"
"634",633,"ZL9SB00","基隆路    永吉路-南京東路",38.714287,5.1,88,0,121.568668999219,25.0481160326374,121.569388952581,25.049394985048,2016-05-27,"11_10"
"635",634,"ZIDDL00","康定路    艋舺大道-桂林路",41.42105,3.8,19.5,0,121.501225987764,25.0352050366073,121.501469028516,25.0365849766857,2016-05-27,"11_10"
"636",635,"ZH6CN60","莒光路    萬大路-西園路",59.333332,0,3,0,121.499128048313,25.0311129696554,121.496789992364,25.0310400013737,2016-05-27,"11_10"
"637",636,"ZH6DG20","莒光路    西園路-萬大路",54.166668,1.75,16,0,121.499128048313,25.0311129696554,121.500584951897,25.0311530298818,2016-05-27,"11_10"
"638",637,"ZH6DG60","莒光路    中華路-萬大路",34.545456,1.5,11.5,0,121.502260029259,25.0312110268967,121.500584951897,25.0311530298818,2016-05-27,"11_10"
"639",638,"ZH7E720","莒光路    萬大路-中華路",27.625,5,18.5,1,121.502260029259,25.0312110268967,121.504123006686,25.0312500407107,2016-05-27,"11_10"
"640",639,"ZPMSV40","堤頂大道  舊宗路-民權東路",57.67692,1.8,65,0,121.574644036603,25.0689740335339,121.572434000748,25.0648929728907,2016-05-27,"11_10"
"641",640,"ZPMSV41","堤頂大道  港墘路-舊宗路",39.07921,7.6,105,1,121.574644036603,25.0689740335339,121.572434000748,25.0648929728907,2016-05-27,"11_10"
"642",641,"ZRPSV00","堤頂大道  舊宗路-港墘路",40.622223,5,135,1,121.576456997579,25.0689400113753,121.573104990119,25.0727450219422,2016-05-27,"11_10"
"643",642,"ZRPSV01","堤頂大道  民權東路-高速公路",55.88811,3.9333332,143,0,121.576456997579,25.0689400113753,121.573104990119,25.0727450219422,2016-05-27,"11_10"
"644",643,"ZRRST60","港墘路    瑞光路-堤頂大道",32.652172,10.2,71,1,121.574925973856,25.0763489994483,121.572251018319,25.0745540072367,2016-05-27,"11_10"
"645",644,"ZSGRX60","堤頂大道  港墘路-樂群一路",46.45299,7,117,0,121.568615951823,25.0773579907238,121.569426041674,25.0788620194116,2016-05-27,"11_10"
"646",645,"ZSPRA20","堤頂大道  樂群二路-基湖路",56.727272,2.8,35.5,0,121.562681985922,25.0802690253066,121.56434000264,25.0786830098929,2016-05-27,"11_10"
"647",646,"ZSPRA60","堤頂大道  樂群一路-基湖路",56.52727,3.5,55,0,121.569426041674,25.0788620194116,121.56434000264,25.0786830098929,2016-05-27,"11_10"
"648",647,"ZT5QV00","堤頂大道  基湖路-樂群二路",40.32558,4.2,43.5,1,121.56434000264,25.0786830098929,121.559675991089,25.0798829786784,2016-05-27,"11_10"
"649",648,"ZTXQL00","堤頂大道  樂群二路-內湖路",59.025642,1.7,39,0,121.559675991089,25.0798829786784,121.560798025759,25.0844919629128,2016-05-27,"11_10"
"650",649,"ZEWM500","復興南路  和平東路-辛亥路",44.913044,2.1,23.5,0,121.546649048669,25.0191459845886,121.543358978541,25.0212439864241,2016-05-27,"11_10"
"651",650,"ZFQM600","復興南路  辛亥路-和平東路",40.328125,6.3,66,0,121.543358978541,25.0212439864241,121.543424023128,25.0248549855301,2016-05-27,"11_10"
"652",651,"ZHLM800","復興南路  信義路-和平東路",42.32143,5,89,0,121.543450996578,25.0265249930903,121.543514975026,25.029802044624,2016-05-27,"11_10"
"653",652,"ZHMM600","復興南路  和平東路-信義路",30.405798,4.666667,77.5,1,121.543514975026,25.029802044624,121.543589997887,25.0333580219207,2016-05-27,"11_10"
"654",653,"ZIAM700","復興南路  仁愛路-信義路",34.434784,8.733334,100,0,121.543589997887,25.0333580219207,121.543641970198,25.0360669774207,2016-05-27,"11_10"
"655",654,"ZJHM700","復興南路  八德路-仁愛路",43.609024,8.6,143,0,121.543679972316,25.0379439557612,121.543765995297,25.0416090380889,2016-05-27,"11_10"
"656",655,"ZK8M700","復興南路  仁愛路-八德路",48.52,3.8,76,0,121.543765995297,25.0416090380889,121.543858974563,25.0448049947736,2016-05-27,"11_10"
"657",656,"ZLZM900","復興北路  民生東路-八德路",49.911766,5.666667,107,0,121.543979964999,25.0498779617246,121.544039016678,25.0518279865621,2016-05-27,"11_10"
"658",657,"ZMQMV00","復興北路  長安東路-民生東路",40.477066,7.533334,115,0,121.544039016678,25.0518279865621,121.544080009502,25.0545359821337,2016-05-27,"11_10"
"659",658,"ZMZM900","復興北路  民族東路-民生東路",45.38983,4.2,124.5,0,121.544127005921,25.0560889961357,121.544143954275,25.0577500050787,2016-05-27,"11_10"
"660",659,"ZPWMA00","復興北路  復興北路479巷-民族東路",40.136364,4.75,23,0,121.544261967908,25.0642500363121,121.544311026851,25.0663800226034,2016-05-27,"11_10"
"661",660,"ZFNN700","敦化南路  和平東路-基隆路",39.48649,2.4,37.5,0,121.548697955585,25.0209529930949,121.54872397733,25.0245550136163,2016-05-27,"11_10"
"662",661,"ZG8N700","敦化南路  基隆路-和平東路",25.75,7.75,29,1,121.54872397733,25.0245550136163,121.548777018159,25.0299090120621,2016-05-27,"11_10"
"663",662,"ZGHN840","敦化南路  信義路-和平東路",34.085106,3.3,47,1,121.548772023306,25.0309469886371,121.548750040726,25.0281210101874,2016-05-27,"11_10"
"664",663,"ZHLN700","敦化南路  和平東路-信義路",25.830986,7.1,71,1,121.548772023306,25.0309469886371,121.548801983011,25.0332490373958,2016-05-27,"11_10"
"665",664,"ZHLN740","敦化南路  仁愛路-信義路",52.10811,4.75,48.5,0,121.548832990746,25.0378350028179,121.548801983011,25.0332490373958,2016-05-27,"11_10"
"666",665,"ZI6NV00","敦化南路  信義路-仁愛路",55.144928,7.875,96.5,0,121.548801983011,25.0332490373958,121.548841029422,25.0353880048891,2016-05-27,"11_10"
"667",666,"ZIMN840","敦化南路  忠孝東路-仁愛路",51.675,2.9,40,0,121.548869022134,25.0414999940247,121.548832990746,25.0378350028179,2016-05-27,"11_10"
"668",667,"ZJGN700","敦化南路  仁愛路-忠孝東路",49.51351,3.3,40,0,121.548832990746,25.0378350028179,121.548869022134,25.0414999940247,2016-05-27,"11_10"
"669",668,"ZJGN740","敦化南路  市民大道-忠孝東路",54.04,4.25,50,0,121.548813990848,25.0425840163909,121.548869022134,25.0414999940247,2016-05-27,"11_10"
"670",669,"ZJGPQ00","敦化南路  忠孝東路-市民大道",51.190475,4.5,47,0,121.548869022134,25.0414999940247,121.548883040402,25.0448050256844,2016-05-27,"11_10"
"671",670,"ZKWN800","敦化南路  市民大道-南京東路",59.155556,2.9,45,0,121.548813990848,25.0425840163909,121.548917990989,25.0481810293354,2016-05-27,"11_10"
"672",671,"ZLPN800","敦化北路  南京東路-民生東路",46.51282,13.1,138,0,121.548917990989,25.0481810293354,121.548953968455,25.0517199839821,2016-05-27,"11_10"
"673",672,"ZLPN840","敦化北路　南京往南",63.588234,0.4,18,0,121.548975960019,25.054409990941,121.548953968455,25.0517199839821,2016-05-27,"11_10"
"674",673,"ZMYN840","敦化北路　民生往南",43,0.75,10,0,121.550771020132,25.0614809697749,121.549010024689,25.0576959838419,2016-05-27,"11_10"
"675",674,"ZNUNJ00","敦化北路  民生東路-民權東路",41.107143,3.4,60.5,0,121.549010024689,25.0576959838419,121.550771020132,25.0614809697749,2016-05-27,"11_10"
"676",675,"ZRRST40","堤頂大道  樂群一路-港墘路",48.425533,4.9,94,0,121.568615951823,25.0773579907238,121.572251018319,25.0745540072367,2016-05-27,"11_10"
"677",676,"ZS9TE00","港墘路    堤頂大道-瑞光路",25.81081,10.8,40,1,121.572251018319,25.0745540072367,121.574925973856,25.0763489994483,2016-05-27,"11_10"
"678",677,"ZSKTL00","港墘路    瑞光路-內湖路",58.977528,6.6,92.5,0,121.574925973856,25.0763489994483,121.576463957465,25.0787899816642,2016-05-27,"11_10"
"679",678,"ZN7ST40","塔悠路    民生東路-南京東路",38.89041,5.333333,76,0,121.569336036624,25.0573130410427,121.569219980236,25.0579359682357,2016-05-27,"11_10"
"680",679,"ZPDS600","塔悠路    民生東路-民權東路",55.396225,3,54.5,0,121.568987952517,25.0592009613265,121.568254989216,25.0635370375905,2016-05-27,"11_10"
"681",680,"ZHWGD60","愛國東路  杭州南路-中山南路",51.9,3.8,55,0,121.518562980948,25.0341250146345,121.516464971111,25.0348820142513,2016-05-27,"11_10"
"682",681,"ZDTJW60","新生南路 辛亥路-羅斯福路",46.973858,9.866667,176,0,121.533757971868,25.0191209592005,121.532676048938,25.0163530294391,2016-05-27,"11_10"
"683",682,"ZF9KB00","新生南路  羅斯福路-辛亥路",43.560345,8.333333,137,0,121.534021047706,25.0203840395118,121.534426045252,25.0223860105166,2016-05-27,"11_10"
"684",683,"ZF9KB40","新生南路  和平東路-辛亥路",57.119404,4.416667,73,0,121.534621959602,25.0239930302186,121.534426045252,25.0223860105166,2016-05-27,"11_10"
"685",684,"ZFYKD00","新生南路  和平東路-信義路",55.81818,3.5333333,68.5,0,121.534621959602,25.0239930302186,121.534867967877,25.0260230159196,2016-05-27,"11_10"
"686",685,"ZFYKD40","新生南路  信義路-和平東路",40.251614,9.05,181,1,121.534501041606,25.0282630326504,121.534867967877,25.0260230159196,2016-05-27,"11_10"
"687",686,"ZHNJV00","新生南路  和平東路-信義路",59.59375,3.75,112,0,121.533668995557,25.0306229867882,121.532731042103,25.0335689678089,2016-05-27,"11_10"
"688",687,"ZHNJV40","新生南路  仁愛路-信義路",54.95652,0.46666664,46,0,121.532745998436,25.0370089766945,121.532731042103,25.0335689678089,2016-05-27,"11_10"
"689",688,"ZINJW00","新生南路  信義路-仁愛路",54.768116,1.6666667,69,0,121.532745998436,25.0370089766945,121.53278995384,25.0381459966656,2016-05-27,"11_10"
"690",689,"ZJWJ700","濟南路　新生南(往北)",42.25,2.3,36,0,121.53278995384,25.0381459966656,121.532799029026,25.0401319618055,2016-05-27,"11_10"
"691",690,"ZJWJ740","濟南路　新生南(往南)",46.117645,2.5,37.5,0,121.532867951087,25.0422989956186,121.532799029026,25.0401319618055,2016-05-27,"11_10"
"692",691,"Z1TT960","新光路    秀明路-指南路",44.285713,2.2,23.5,0,121.57369500163,24.9908399886069,121.573683016811,24.9880870052629,2016-05-27,"11_10"
"693",692,"Z2AT940","新光路    動物園-秀明路",50.705883,2.3333333,17.5,0,121.574766985995,24.991260984932,121.573668989484,24.9916169569256,2016-05-27,"11_10"
"694",693,"Z2RTQ20","新光路    秀明路-動物園",44.086956,2.8,27.5,0,121.573668989484,24.9916169569256,121.576326038864,24.9963739744138,2016-05-27,"11_10"
"695",694,"Z2WUA20","新光路    動物園-木柵路",49.896553,3,43.5,0,121.57731999534,24.9970019967358,121.578691028804,24.9978269832943,2016-05-27,"11_10"
"696",695,"Z2ZUI60","新光路    木柵路-動物園",44.666668,1.625,15,0,121.556305979647,24.9833049682009,121.580062038462,24.9986430191561,2016-05-27,"11_10"
"697",696,"ZRGUF00","瑞光路    民權東路-陽光街",25.86,10.4,51.5,1,121.583348953413,25.0696270248052,121.580784016705,25.0721549896682,2016-05-27,"11_10"
"698",697,"ZRLUA20","瑞光路    港墘路-陽光街",24.13889,11.2,38,0,121.575419950873,25.076058008818,121.579185993159,25.0737239793243,2016-05-27,"11_10"
"699",698,"ZS6TI00","瑞光路    陽光街-港墘路",33.069767,11.8,46,0,121.576941978354,25.0751140015776,121.575419950873,25.076058008818,2016-05-27,"11_10"
"700",699,"ZS9TE20","瑞光路    基湖路-港墘路",34.060608,7.2,34.5,0,121.572759036003,25.0773240048015,121.574925973856,25.0763489994483,2016-05-27,"11_10"
"701",700,"ZSNRE00","瑞光路    港墘路-基湖路",44.030304,5.2,34.5,0,121.572759036003,25.0773240048015,121.567487043713,25.079736043713,2016-05-27,"11_10"
"702",701,"ZGQDF40","萬大路    莒光路-西藏路",32.75,7.25,25.5,0,121.500521983662,25.0302869935773,121.500537976666,25.0293929749052,2016-05-27,"11_10"
"703",702,"ZH6DG00","萬大路    西藏路-莒光路",34.894737,4.4,20,0,121.500521983662,25.0302869935773,121.500584951897,25.0311530298818,2016-05-27,"11_10"
"704",703,"ZWLJQ20","中正路    文林路-雨農路",32.736263,12.625,94,0,121.527914004661,25.0957539877762,121.532081004957,25.0965149679756,2016-05-27,"11_10"
"705",704,"ZWLJQ60","福林路    至善路-雨農路",51.477272,2.8,44,0,121.536465021284,25.0992169702622,121.532081004957,25.0965149679756,2016-05-27,"11_10"
"706",705,"ZX9KL00","福林路  雨農路-至善路",20.728395,23.6,90.5,1,121.532081004957,25.0965149679756,121.536465021284,25.0992169702622,2016-05-27,"11_10"
"707",706,"ZGBBW60","艋舺大道  西園路-西藏路",40.72131,3.6,63,0,121.491412989636,25.0320320121273,121.493567010528,25.0304360140662,2016-05-27,"11_10"
"708",707,"ZH9H820","艋舺大道  西藏路-西園路",35.77027,5.7500005,74.5,0,121.517577958089,25.0307160052516,121.519077965172,25.0316040148366,2016-05-27,"11_10"
"709",708,"ZHPEB20","艋舺大道  西園路-和平西路",61.923077,1,13,0,121.502278002316,25.0331429837056,121.504857003723,25.0337749705175,2016-05-27,"11_10"
"710",709,"ZZLKH60","德行東路  忠誠路-東山路",30.555555,6.8,27.5,0,121.537643994892,25.1102899663973,121.535907038271,25.1100249627925,2016-05-27,"11_10"
"711",710,"ZRKQZ20","樂群一路  敬業三路-堤頂大道",50.703705,2.8,27,0,121.556333008992,25.0770699600733,121.563198032993,25.0760600169591,2016-05-27,"11_10"
"712",711,"ZSDPM60","樂群一路  堤頂大道-敬業三路",70,1.25,11.5,0,121.563198032993,25.0760600169591,121.556333008992,25.0770699600733,2016-05-27,"11_10"
"713",712,"Z1NQM40","興隆路    木柵路-木新路",40.533333,3,15,0,121.56015395749,24.9887250125052,121.560907970987,24.9866280101785,2016-05-27,"11_10"
"714",713,"Z1VQH00","興隆路    木新路-木柵路",55.75,2.75,17,0,121.560907970987,24.9866280101785,121.56015395749,24.9887250125052,2016-05-27,"11_10"
"715",714,"ZKLLH40","龍江路    南京東路-八德路",35.130436,9.25,23,0,121.540416005287,25.0482930031654,121.540507984494,25.0467130279066,2016-05-27,"11_10"
"716",715,"ZLQLI00","龍江路    八德路-南京東路",27.695652,9.8,23.5,0,121.540416005287,25.0482930031654,121.540450964514,25.0519040106691,2016-05-27,"11_10"
"717",716,"ZLQLI40","龍江路    民生東路-南京東路",32.931034,4.8,30,0,121.540503002328,25.0546399550223,121.540450964514,25.0519040106691,2016-05-27,"11_10"
"718",717,"ZMZLI00","龍江路    南京東路-民生東路",37.51852,3,27,0,121.540548959927,25.0561019717132,121.540695002758,25.057808013133,2016-05-27,"11_10"
"719",718,"ZNZLJ40","龍江路    民族東路-民權東路",33.416668,22.4,84,0,121.540932009273,25.064270962134,121.540832956369,25.0621860248392,2016-05-27,"11_10"
"720",719,"ZQDLJ00","龍江路    民權東路-民族東路",23.333334,4.6666665,9,1,121.540968999086,25.0659680093312,121.541008015539,25.0680809705608,2016-05-27,"11_10"
"721",720,"ZJJIA20","濟南路    中山北路-杭州南路",48.1875,3,17,0,121.522650962936,25.0423980324317,121.524412994634,25.0419860111556,2016-05-27,"11_10"
"722",721,"ZJMHU60","濟南路    杭州南路-中山南路",45.42857,3.2,21,0,121.524412994634,25.0419860111556,121.522650962936,25.0423980324317,2016-05-27,"11_10"
"723",722,"ZHPBV00","環河南路  雙園街-和平西路",39.95,3,20.5,0,121.492139966366,25.0328610069458,121.493064999479,25.0338780288592,2016-05-27,"11_10"
"724",723,"ZQGF700","環河北路  民權西路-民族西路",31.241072,13.8,119,1,121.508455007197,25.0604770203252,121.509152959755,25.0686990238915,2016-05-27,"11_10"
"725",724,"ZR9F600","環河北路  民族西路-敦煌路",67.0875,2.1333334,81,0,121.509152959755,25.0686990238915,121.509138014824,25.0721570054014,2016-05-27,"11_10"
"726",725,"ZU8EF00","環河北路  敦煌路-葫蘆街",44.952633,8.6,190,0,121.508831954395,25.0750200412149,121.505624988292,25.0856570244771,2016-05-27,"11_10"
"727",726,"ZU8EF40","環河北路  葫蘆街-敦煌路",60.905064,4.05,158.5,1,121.544695970665,24.9963479680919,121.505624988292,25.0856570244771,2016-05-27,"11_10"
"728",727,"ZPRT940","舊宗路    陽光街-民權東路",44.4375,1,16.5,0,121.574644036603,25.0689740335339,121.575064013549,25.0657049909227,2016-05-27,"11_10"
"729",728,"ZQRTE00","舊宗路    民權東路-陽光街",52.210526,4.1,59.5,0,121.578439034048,25.0666849612812,121.57402397479,25.0722359933133,2016-05-27,"11_10"
"730",729,"ZRPSV70","舊宗路    陽光街-港墘路",40.35849,6,55.5,0,121.573532983041,25.0730589879242,121.573104990119,25.0727450219422,2016-05-27,"11_10"
"731",730,"Z1XLD00","羅斯福六段　　338巷(往北)",44.539474,14.133333,195.625,0,121.539627994258,24.9884039846149,121.539593023896,24.9893789696449,2016-05-27,"11_10"
"732",731,"Z2KLN40","羅斯福路  景隆街-景中路",34.396553,10.333334,126.5,0,121.540895038682,24.9971659705988,121.541157029211,24.9959370121235,2016-05-27,"11_10"
"733",732,"Z2TLL00","羅斯福路  景中街-景隆街",39.8375,5.5333333,88.5,0,121.541157029211,24.9959370121235,121.540895038682,24.9971659705988,2016-05-27,"11_10"
"734",733,"ZCPKT00","基隆路    羅斯福路-台科大",35.06329,10.6,90.5,0,121.538218048803,25.0079910080027,121.537151963996,25.0111190411723,2016-05-27,"11_10"
"735",734,"ZCPKT40","羅斯福路  新生南路-舟山路",44.170456,6.533334,107.5,0,121.615421998675,25.045238998741,121.537151963996,25.0111190411723,2016-05-27,"11_10"
"736",735,"ZDTJW00","羅斯福路  舟山路-新生南路",40.8,4,65.5,0,121.615421998675,25.045238998741,121.532676048938,25.0163530294391,2016-05-27,"11_10"
"737",736,"ZELJA00","羅斯福路  新生南路-辛亥路",40.157143,4.2,73.5,0,121.530653955262,25.0182920047246,121.529263036135,25.0196959585062,2016-05-27,"11_10"
"738",737,"ZEVIV40","羅斯福路  和平東路-辛亥路",43.352272,6.6,97,0,121.526321019366,25.0222799558399,121.528019016897,25.0208199577727,2016-05-27,"11_10"
"739",738,"ZG9HT00","羅斯福路  辛亥路-和平東路",38.011906,6.0000005,88,0,121.524447024164,25.0243270217011,121.522427026731,25.027032997263,2016-05-27,"11_10"
"740",739,"ZG9HT40","羅斯福路  愛國西路-和平東路",46.50746,9.6,147,0,121.521698026325,25.0280380386735,121.522427026731,25.027032997263,2016-05-27,"11_10"
"741",740,"ZGTHG00","羅斯福路  和平東路-愛國東路",42.652172,3.8666663,70,0,121.521698026325,25.0280380386735,121.520388040963,25.0298390434143,2016-05-27,"11_10"
"742",741,"Z2ASP40","木柵路    萬芳路-秀明路",44.586956,5.4,46.5,0,121.571743015186,24.9948559781927,121.571124042016,24.9916540118031,2016-05-27,"11_10"
"743",742,"Z2XTE40","木柵路    北二高-萬芳路",60,1.4,20,0,121.575677996718,24.9995900320669,121.574570982811,24.9981499979952,2016-05-27,"11_10"
"744",743,"Z36Q560","至善路    產業道路-中社路",59,1,2,0,121.56567803258,25.1131100094587,121.5586820184,25.1119720174553,2016-05-27,"11_10"
"745",744,"Z56BU20","大度路    模構溪-貴子坑溪",45.932926,4.2666664,169,0,121.471406959474,25.122847008826,121.486079991891,25.121852037788,2016-05-27,"11_10"
"746",745,"Z56BU21","大度路    立德路-模構溪",54.005917,3.8666668,178,0,121.471406959474,25.122847008826,121.486079991891,25.121852037788,2016-05-27,"11_10"
"747",746,"Z9FKW40","竹子湖路 頂湖路口-湖田國小",47.916668,3.4,12,0,121.538266991863,25.1739609595096,121.538424992067,25.1704069966872,2016-05-27,"11_10"
"748",747,"Z9FLB00","陽金公路　　　第二停車場-竹子湖派出所",41.484848,7.4,34,0,121.545945950784,25.1554710113384,121.540059043383,25.1702439582841,2016-05-27,"11_10"
"749",748,"Z9HKV40","竹子湖路 中正山岔路口-頂湖路口",46.75,1.8,9,0,121.53325598564,25.1774710062518,121.538266991863,25.1739609595096,2016-05-27,"11_10"
"750",749,"Z9IJV70","竹子湖路 玉瀧谷入口-中正山岔路口",45,1,2,0,121.535294977421,25.1693950335072,121.53325598564,25.1774710062518,2016-05-27,"11_10"
"751",750,"ZAAPB40","辛亥路    興隆路-懷恩隧道",43.514286,3.6,35.5,0,121.554592045127,25.0008260047598,121.554082978219,24.9998619843972,2016-05-27,"11_10"
"752",751,"ZCCKW00","羅斯福路五段 興隆路一段-汀洲路四段",50.10949,4.65,141.5,0,121.538777027579,25.0043600422202,121.538218048803,25.0079910080027,2016-05-27,"11_10"
"753",752,"ZD9JF40","思源街    汀州路-永福橋",66.2,3.5,5.5,0,121.532225011006,25.0150820419637,121.530037960063,25.013373970355,2016-05-27,"11_10"
"754",753,"ZDTJT00","水源快 永春300巷-水源33巷",63.366665,1.7,30,0,121.525982952687,25.0150499941485,121.523984392375,25.0181323884863,2016-05-27,"11_10"
"755",754,"ZE7GH40","水源快 泉州街-中正橋",51,1,6,0,121.512337036562,25.024008036655,121.515554967994,25.0176109602662,2016-05-27,"11_10"
"756",755,"ZEGCQ40","華中橋(往南)",41.511112,2.4,49,0,121.497297962507,25.0193920120634,121.495672046971,25.0167069648863,2016-05-27,"11_10"
"757",756,"ZGIA660","萬板橋入城",46.53846,2,26.5,0,121.491765969925,25.0287539942334,121.48351202909,25.0284549768819,2016-05-27,"11_10"
"758",757,"ZGKBM20","萬板橋出城",56.342857,6,75,0,121.48351202909,25.0284549768819,121.491765969925,25.0287539942334,2016-05-27,"11_10"
"759",758,"ZGNEB00","中華路    泉州街-和平西路",29.066668,9.6,47.5,0,121.505894026742,25.0280020254308,121.504797970319,25.0291800395642,2016-05-27,"11_10"
"760",759,"ZHHDF40","康定路    桂林路-艋舺大道",34.666668,7.4,18.5,0,121.501225987764,25.0352050366073,121.500523024255,25.0328149544301,2016-05-27,"11_10"
"761",760,"ZHHDF60","艋舺大道  和平西路-西園路",42.76923,4.8,52,0,121.502278002316,25.0331429837056,121.500523024255,25.0328149544301,2016-05-27,"11_10"
"762",761,"ZHMKV20","信義路三段 新生-建國",35.142857,1.3333334,23,0,121.532731042103,25.0335689678089,121.537689951598,25.0334560434664,2016-05-27,"11_10"
"763",762,"ZHSIP20","信義路二段 杭州南路一段-金山南路一段",51.361702,3.375,47.5,0,121.532731042103,25.0335689678089,121.52675898022,25.0342589664573,2016-05-27,"11_10"
"764",763,"ZIPIZ00","金山南路  信義路-仁愛路",35.41781,21,155,0,121.527272972601,25.0340489558628,121.528340969147,25.0382519822543,2016-05-27,"11_10"
"765",764,"ZJFQQ00","忠孝東　逸仙路(往北)",46.64557,7.5,92,0,121.561506001618,25.0375530161359,121.561582048975,25.0412180286531,2016-05-27,"11_10"
"766",765,"ZJGPQ40","敦化南路  南京東路-市民大道",39.46154,4.5,41,0,121.548917990989,25.0481810293354,121.548883040402,25.0448050256844,2016-05-27,"11_10"
"767",766,"ZKGKP60","八德路    復興北路-建國北路",32.958332,4.75,26.5,0,121.540507984494,25.0467130279066,121.536660023401,25.0460589913958,2016-05-27,"11_10"
"768",767,"ZLKSH00","環東大道 南京東-永吉(往市民大道)",74.81526,7.7333326,252,0,121.569388952581,25.049394985048,121.570635997613,25.0510870184925,2016-05-27,"11_10"
"769",768,"ZLKSH01","環東大道 南京東-永吉(下基隆路車道)",55.705883,26.75,25.5,0,121.569388952581,25.049394985048,121.570635997613,25.0510870184925,2016-05-27,"11_10"
"770",769,"ZMEKQ20","長春路    松江路-建國北路",45,1,2,0,121.534823975309,25.0547690306678,121.536845962901,25.0547340197055,2016-05-27,"11_10"
"771",770,"ZMGXG40","向陽路    南京東路-重陽路",55.837208,6.7,91.5,0,121.5927380079,25.0617350311717,121.594905003222,25.0548470311376,2016-05-27,"11_10"
"772",771,"ZMGXG60","重陽路    興華路-向陽路",34.208332,7.25,24,1,121.598270998839,25.0562240026668,121.594905003222,25.0548470311376,2016-05-27,"11_10"
"773",772,"ZN5KR00","建國北路  南京東路-民生東路",33.22826,11.9,93,0,121.536882030345,25.0561880388567,121.536919039933,25.057858005413,2016-05-27,"11_10"
"774",773,"ZN5KR20","民生東路  松江路-建國北路",46.765854,12.733334,225.5,0,121.53313299757,25.0579159728731,121.536919039933,25.057858005413,2016-05-27,"11_10"
"775",774,"ZN5KR60","民生東路  龍江路-建國北路",43.652172,3.6666667,69.5,0,121.539168991943,25.0578130194978,121.536919039933,25.057858005413,2016-05-27,"11_10"
"776",775,"ZNE4D00","三重路    南港路-重陽路",50,1,2,0,121.613990028591,25.0561510020384,121.614202995377,25.0590299560764,2016-05-27,"11_10"
"777",776,"ZNES640","塔悠路    民權東路-民生東路",58.74074,1.9,29,0,121.566393042917,25.0617389986567,121.56842301712,25.0592030345056,2016-05-27,"11_10"
"778",777,"ZNES900","塔悠路    南京東路-民生東路",41.47826,2.1333334,46.5,0,121.569336036624,25.0573130410427,121.568987952517,25.0592009613265,2016-05-27,"11_10"
"779",778,"ZPBEX40","環河北路  民族西路-民權西路",48.793816,10.3,97.5,0,121.509152959755,25.0686990238915,121.508408030157,25.06338404172,2016-05-27,"11_10"
"780",779,"ZPBTD70","舊宗一路 新湖三路-新湖二路",45.809525,3.5,86,0,121.578010563984,25.0617465942066,121.57673898964,25.0634769719204,2016-05-27,"11_10"
"781",780,"ZRCM940","北安路　　大直橋(往南)",58.194443,2.6,72.5,0,121.544439045382,25.0797320109504,121.54394103146,25.0723759943564,2016-05-27,"11_10"
"782",781,"ZRNIF00","中山北路三段 酒泉街-新生北路三段",58.588234,2.75,87,0,121.523484986936,25.0706980075331,121.52537896751,25.0742620007958,2016-05-27,"11_10"
"783",782,"ZRNIF40","中山北   圓山隧道(往南)",51.031006,10.5,271.5,0,121.524396034032,25.0797770077648,121.52537896751,25.0742620007958,2016-05-27,"11_10"
"784",783,"ZS7SN60","堤頂大道二段 基湖路-堤頂大道二段246巷",65.60976,4.1,84,0,121.56434000264,25.0786830098929,121.568615951823,25.0773579907238,2016-05-27,"11_10"
"785",784,"ZSHZU60","康寧路至康湖路",44.541668,1.1,24.5,0,121.606728971073,25.0815539591478,121.60709802556,25.0775119867938,2016-05-27,"11_10"
"786",785,"ZSMQQ40","堤頂大道  內湖路-樂群二路",54.5,2.4,36,0,121.560798025759,25.0844919629128,121.562681985922,25.0802690253066,2016-05-27,"11_10"
"787",786,"ZSNVA60","內湖路二段66巷至文德路(往西)",32.736843,5.9,39.5,0,121.581201016291,25.0784730419353,121.578872007996,25.0785819934189,2016-05-27,"11_10"
"788",787,"ZSQVZ20","文德路101巷至220巷(往東)",55.96154,2.8,52.5,0,121.583618987703,25.0785000267399,121.588001994132,25.0787989772924,2016-05-27,"11_10"
"789",788,"ZSSWC60","文德路　成功路(往西)",40.536232,5,71,0,121.590956045347,25.0807640102294,121.588795956516,25.0789939938149,2016-05-27,"11_10"
"790",789,"ZSVMA00","濱江街　　大直橋(往北)",59.155174,1.7333332,58,0,121.54394103146,25.0723759943564,121.544439045382,25.0797320109504,2016-05-27,"11_10"
"791",790,"ZSXTK20","內湖路一段629巷至港墘路(往東)",44.7,3,50.5,0,121.574458952193,25.0803140070887,121.575813981766,25.0798309947066,2016-05-27,"11_10"
"792",791,"ZT6HS40","後港街 承德路(往南)",47.51613,1.6,34,0,121.5231270065,25.0821649794345,121.522416987497,25.0807320219209,2016-05-27,"11_10"
"793",792,"ZT8SZ60","內湖路一段洲子街至591巷(往西)",33.727272,5.1,55.5,0,121.574141993349,25.080432958623,121.573151968088,25.080771001613,2016-05-27,"11_10"
"794",793,"ZTHRR20","內湖一段二八五(往東)",44.977272,3.6,47.5,0,121.565517009718,25.0823620446203,121.566873977606,25.0821579806827,2016-05-27,"11_10"
"795",794,"ZTWD760","重陽大橋 延平北路六段-重陽橋 ",68.21495,5.4,110,0,121.505624988292,25.0856570244771,121.499370989401,25.084592036831,2016-05-27,"11_10"
"796",795,"ZTXQJ20","內湖路一段文湖路至91巷(往東)",39.613445,5.733333,125.5,0,121.559698043141,25.0849069801418,121.560812033407,25.0845420153818,2016-05-27,"11_10"
"797",796,"ZTYXQ60","成功路五段324巷至420巷(往西)",44.863636,2.7,46,0,121.598776038888,25.0846779763565,121.596515044747,25.0844610221507,2016-05-27,"11_10"
"798",798,"ZU5QC60","內湖路一段91巷至文湖路(往西)",26.25926,4.25,111,1,121.560812033407,25.0845420153818,121.559698043141,25.0849069801418,2016-05-27,"11_10"
"799",799,"ZU8P760","北安路 劍南路-敬業三路",55.508064,4.55,124.5,0,121.556317982132,25.0846900178608,121.553911974051,25.0853220410784,2016-05-27,"11_10"
"800",800,"ZUIFC60","百齡橋 通河東街一段-重陽橋",49.462963,7.2666674,167.5,0,121.515487974394,25.090281016709,121.510577042701,25.0870570201792,2016-05-27,"11_10"
"801",801,"ZV9GE20","百齡橋 重陽橋-通河東街一段",39.904762,13.55,261.5,0,121.510577042701,25.0870570201792,121.515487974394,25.090281016709,2016-05-27,"11_10"
"802",802,"ZV9IT40","中山北路  中正路-小北街",33.270588,4.6,85,1,121.528014004153,25.0937130284284,121.527473957656,25.0902389796397,2016-05-27,"11_10"
"803",803,"ZWVFW00","承德路    中正路-洲美路",58,4.1666665,42,0,121.514055017166,25.0959740116679,121.513357991724,25.0976729730527,2016-05-27,"11_10"
"804",804,"ZYQKQ70","仰德大道二段　2巷(嶺頭山莊)(往西)",40.212765,7.2,47,0,121.539758042194,25.1018589858249,121.537158956528,25.1060750183634,2016-05-27,"11_10"
"805",805,"ZZKPR60","至善路    中社路-至善路",46.636364,2,11,0,121.5586820184,25.1119720174553,121.557154982438,25.1098199874148,2016-05-27,"11_10"
