"","_id","SectionId","SectionName","AvgSpd","AvgOcc","TotalVol","MOELevel","StartWgsX","StartWgsY","EndWgsX","EndWgsY","date","time"
"1",1,"Z0111C0","市高往東  環河中華",44.9711,20.2,173,0,121.506955002167,25.0499479957493,121.507057986923,25.0504089798186,2016-05-10,"14_25"
"2",2,"Z0120C0","市高往東  中華承德",62.936935,8.8,225.5,1,121.507057986923,25.0504089798186,121.514669994797,25.0488470329132,2016-05-10,"14_25"
"3",3,"Z0130A0","市高往東  承德中山",71.27217,9.733333,327.5,0,121.514669994797,25.0488470329132,121.530466977389,25.0458740396192,2016-05-10,"14_25"
"4",4,"Z0130A1","市高往東  中山林森",71.210884,8.933333,294.5,1,121.514669994797,25.0488470329132,121.530466977389,25.0458740396192,2016-05-10,"14_25"
"5",5,"Z0140C0","市高往東  新生建國",70.44151,12,265,0,121.530466977389,25.0458740396192,121.536157036992,25.0443180284222,2016-05-10,"14_25"
"6",6,"Z0140C1","市高往東  建國復興",66.75627,12.6,288,1,121.530466977389,25.0458740396192,121.536157036992,25.0443180284222,2016-05-10,"14_25"
"7",7,"Z0150C0","市高往東  復興敦化",64.57073,14.266667,410,0,121.536157036992,25.0443180284222,121.557631047561,25.0447609827095,2016-05-10,"14_25"
"8",8,"Z0150C1","市高往東  敦化上方",69.84706,1.3333333,86,0,121.536157036992,25.0443180284222,121.557631047561,25.0447609827095,2016-05-10,"14_25"
"9",9,"Z0150C2","市高往東  敦化延吉",67.31731,9.533333,312.5,1,121.536157036992,25.0443180284222,121.557631047561,25.0447609827095,2016-05-10,"14_25"
"10",10,"Z0160C0","市高往東  延吉永吉",70.23265,10.4,245,1,121.557631047561,25.0447609827095,121.569229955283,25.0455460393449,2016-05-10,"14_25"
"11",11,"Z0380F0","正氣橋  麥一市民",49.182796,9.6,96,1,121.569772042499,25.0461890146634,121.569771009262,25.0459439976653,2016-05-10,"14_25"
"12",12,"Z0390G0","市高往西  永吉光復",34.615685,10.2,257,2,121.569771009262,25.0459439976653,121.567512021271,25.0458909827904,2016-05-10,"14_25"
"13",13,"Z03A0G1","市高往西  光復延吉",43.899082,17.2,328,1,121.567512021271,25.0458909827904,121.557667048171,25.0454680148637,2016-05-10,"14_25"
"14",14,"Z03B0G0","市高往西  延吉復興",78.39744,6.3999996,314.5,0,121.557667048171,25.0454680148637,121.536126020332,25.0450250384754,2016-05-10,"14_25"
"15",15,"Z03C0G0","市高往西  復興建國",58.53527,9,245.5,1,121.536126020332,25.0450250384754,121.530571036066,25.0465189949323,2016-05-10,"14_25"
"16",16,"Z03C0G1","市高往西  建國新生",73.0524,9.5,229,0,121.536126020332,25.0450250384754,121.530571036066,25.0465189949323,2016-05-10,"14_25"
"17",17,"Z03D0G0","市高往西  新生林森",64.82832,4.1333337,234,1,121.530571036066,25.0465189949323,121.515177951736,25.0495210244858,2016-05-10,"14_25"
"18",18,"Z03D0G1","市高往西  林森中山",49.353107,14.6,356,2,121.530571036066,25.0465189949323,121.515177951736,25.0495210244858,2016-05-10,"14_25"
"19",19,"Z03E0G0","市高往西  承德重慶",37.576336,16.6,264.5,2,121.515177951736,25.0495210244858,121.507228991091,25.0510220354424,2016-05-10,"14_25"
"20",20,"Z03E0G1","市高往西  重慶中華",47.742424,15.9,268,1,121.515177951736,25.0495210244858,121.507228991091,25.0510220354424,2016-05-10,"14_25"
"21",21,"Z5062G0","市高往西  中華環河",48,14,122,1,121.507228991091,25.0510220354424,121.497868957546,25.0400649616175,2016-05-10,"14_25"
"22",22,"Z1001B0","建國快往北 辛亥高架接建高",81.819145,3.7,101,0,121.536995038696,25.0228289705983,121.53770600753,25.0229289599307,2016-05-10,"14_25"
"23",23,"Z1010A0","建國快往北 辛亥信義",76.36126,7.0666666,209,0,121.53770600753,25.0229289599307,121.53806600958,25.0355689692847,2016-05-10,"14_25"
"24",24,"Z1010A1","建國快往北 和平信義",75.84889,7.8,238.5,0,121.53770600753,25.0229289599307,121.53806600958,25.0355689692847,2016-05-10,"14_25"
"25",25,"Z1011A0","建國快往北 信義路上匝道",43.7451,6.8,51.5,0,121.537818032218,25.0344000079271,121.53806600958,25.0355689692847,2016-05-10,"14_25"
"26",26,"Z1020A0","建國快往北 信義仁愛",65.189926,7.9333334,258.5,0,121.53806600958,25.0355689692847,121.537962958846,25.0357070206232,2016-05-10,"14_25"
"27",27,"Z1030A0","建國快往北 仁愛忠孝",56.161537,11.866667,267,1,121.537962958846,25.0357070206232,121.53712002298,25.0420240374186,2016-05-10,"14_25"
"28",28,"Z1040A0","建國快往北 忠孝長安",62.983696,16.4,402.5,0,121.53712002298,25.0420240374186,121.536836031321,25.0460820090283,2016-05-10,"14_25"
"29",29,"Z1050A0","建國快往北 南京東路",70.444885,5.666667,254,0,121.537031988413,25.0497290015224,121.536885031022,25.0495280262993,2016-05-10,"14_25"
"30",30,"Z1060A0","建國快往北 南京民權",63.113094,14.266667,347,0,121.536885031022,25.0495280262993,121.537105027258,25.061757993861,2016-05-10,"14_25"
"31",31,"Z1070A0","建國快往北 民權民族",65.571884,20.5,344,0,121.537105027258,25.061757993861,121.534361045097,25.0672949565866,2016-05-10,"14_25"
"32",32,"Z1080A0","建國快往北 民族濱江",92.102806,4.5,108.5,0,121.534361045097,25.0672949565866,121.533422973875,25.0689429692608,2016-05-10,"14_25"
"33",33,"Z10D2A0","建國快往北 民權東路下匝道",44.153847,18,117,0,121.537105027258,25.061757993861,121.537488045992,25.06147096043,2016-05-10,"14_25"
"34",34,"Z10E2A0","建國快往北 南京東路下匝道",33.82,19.6,101,0,121.537031988413,25.0497290015224,121.537171960091,25.050782973455,2016-05-10,"14_25"
"35",35,"Z1210E0","建國快往南 濱江民權",52.298805,20.9,267.5,0,121.533418991878,25.0689390112276,121.53435399476,25.0672920027059,2016-05-10,"14_25"
"36",36,"Z1220E0","建國快往南 民權東路",70.576,13.5,254.5,0,121.53435399476,25.0672920027059,121.536693985588,25.0612780140168,2016-05-10,"14_25"
"37",37,"Z1221E0","建國快往南 民權上匝道",41.782608,5.2,46,0,121.536437036293,25.0617689851535,121.536693985588,25.0612780140168,2016-05-10,"14_25"
"38",38,"Z1230E0","建國快往南 民權長春",72.49502,10.866667,308,0,121.536693985588,25.0612780140168,121.536592989789,25.0533579739567,2016-05-10,"14_25"
"39",39,"Z1231E0","建國快往南 長春路上匝道",47.95181,10,84,0,121.536882030345,25.0561880388567,121.536592989789,25.0533579739567,2016-05-10,"14_25"
"40",40,"Z1240E0","建國快往南 長春長安",47.852547,14.4,373,1,121.536592989789,25.0533579739567,121.536352037032,25.0461559817578,2016-05-10,"14_25"
"41",41,"Z1241E0","建國快往南 長安東路上匝道",39.46479,5.3,71.5,0,121.53670903176,25.0483700001353,121.536352037032,25.0461559817578,2016-05-10,"14_25"
"42",42,"Z1250E0","建國快往南 長安忠孝",65.53079,14,357,0,121.536352037032,25.0461559817578,121.536372990119,25.0430219911443,2016-05-10,"14_25"
"43",43,"Z1260E0","建國快往南 忠孝仁愛",65.2454,12.8,330.5,1,121.536372990119,25.0430219911443,121.537569973104,25.0395320152659,2016-05-10,"14_25"
"44",44,"Z1270E0","建國快往南 仁愛信義",66.07074,12,315,0,121.537569973104,25.0395320152659,121.537580011017,25.034604994102,2016-05-10,"14_25"
"45",45,"Z1280E0","建國快往南 信義和平",63.920635,8.2,134.5,0,121.537580011017,25.034604994102,121.537365024448,25.0277679879518,2016-05-10,"14_25"
"46",46,"Z1290E0","建國快往南 和平辛亥",58.485294,10.4,157,1,121.537365024448,25.0277679879518,121.53728803944,25.0240599764049,2016-05-10,"14_25"
"47",47,"Z12B2E0","建國快往南 民權下匝道",26.857143,34.4,98.5,1,121.53435399476,25.0672920027059,121.535397954012,25.0655879895417,2016-05-10,"14_25"
"48",48,"Z12C2E0","建國快往南 忠孝東路下匝道",25.73077,21.9,243,1,121.536372990119,25.0430219911443,121.536485987571,25.0418200366026,2016-05-10,"14_25"
"49",49,"Z12D2E0","建國快往南 仁愛路下匝道",58.507042,6.8,71.5,0,121.537569973104,25.0395320152659,121.537391996702,25.0387139928824,2016-05-10,"14_25"
"50",50,"Z12E2E0","建國快往南 仁愛路下匝道",48.133335,1.6,15,0,121.537580011017,25.034604994102,121.537276036053,25.0354569902613,2016-05-10,"14_25"
"51",51,"Z12F2E0","建國快往南 和平東路下匝道",24.25926,14.2,56,1,121.537365024448,25.0277679879518,121.536989035092,25.026846043666,2016-05-10,"14_25"
"52",52,"Z12G2E0","建國快往南 辛亥路下匝道",24.4,21.1,50.5,1,121.53728803944,25.0240599764049,121.53759697438,25.0222600110569,2016-05-10,"14_25"
"53",53,"Z2101B0","基隆快往東 水快上匝道",48.803032,15.6,133,0,121.534551026926,25.0064900369957,121.530827029155,25.0209600054365,2016-05-10,"14_25"
"54",54,"Z2110C0","基隆快往東 水源辛亥",71.43077,5.1,131.5,0,121.530827029155,25.0209600054365,121.544666015207,25.0173669632625,2016-05-10,"14_25"
"55",55,"Z2120C0","基隆快往東 辛亥敦化",68.64835,4,91,0,121.544666015207,25.0173669632625,121.547078966678,25.0194600254024,2016-05-10,"14_25"
"56",56,"Z2130C0","基隆快往東 敦化樂業",55.508198,7,61,0,121.547078966678,25.0194600254024,121.550236016768,25.0223980319086,2016-05-10,"14_25"
"57",57,"ZEFM0C0","基隆快往東 辛亥下匝道",50.226414,3.7,54.5,0,121.544666015207,25.0173669632625,121.546649048669,25.0191459845886,2016-05-10,"14_25"
"58",58,"ZEWN0C0","基隆快往東 敦化下匝道",34.96154,26.6,52.5,0,121.547078966678,25.0194600254024,121.548697955585,25.0209529930949,2016-05-10,"14_25"
"59",59,"Z2310G0","基隆快往西 樂業敦化",65.04348,5.6,69.5,0,121.550230044874,25.022392005194,121.547075954271,25.0194510083942,2016-05-10,"14_25"
"60",60,"Z2311G0","基隆快往西 敦化上匝道",38.235294,4,17,0,121.548697955585,25.0209529930949,121.547075954271,25.0194510083942,2016-05-10,"14_25"
"61",61,"Z2320G0","基隆快往西 敦化羅斯福",66,0.5,4,0,121.547075954271,25.0194510083942,121.544658976273,25.0173659959567,2016-05-10,"14_25"
"62",62,"Z2321G0","基隆快往西 羅斯福路上匝道",112.09677,4.6,39,0,121.540373965139,25.013833044365,121.544658976273,25.0173659959567,2016-05-10,"14_25"
"63",63,"Z2330G0","基隆快往西 羅斯福水源",67.4359,1.4,39,0,121.544658976273,25.0173659959567,121.530824034973,25.0209549603874,2016-05-10,"14_25"
"64",64,"Z3110C0","辛亥高架 汀州路地下道",49.299213,3.8666668,127,0,121.530689984473,25.0209799954032,121.533310973508,25.0225279642767,2016-05-10,"14_25"
"65",65,"Z3120C0","辛亥高架 泰順新生",70.72,1,25,0,121.533310973508,25.0225279642767,121.535352972987,25.0225910440046,2016-05-10,"14_25"
"66",66,"Z3132C0","辛亥高架 辛亥路下匝道",68.808334,4.9,120,0,121.535352972987,25.0225910440046,121.536995038696,25.0228289705983,2016-05-10,"14_25"
"67",67,"Z3310G0","辛亥高架 建高接辛高",59.050846,5.4,118,0,121.535665953559,25.022585041419,121.535348970526,25.0225820303175,2016-05-10,"14_25"
"68",68,"Z3311G0","辛亥高架 辛亥上匝道",47.903847,2.8,52,0,121.535665953559,25.022585041419,121.535348970526,25.0225820303175,2016-05-10,"14_25"
"69",69,"Z4010A0","水源快往北 中正路-景美",61.649605,8.4,259,0,121.537137968395,24.9900590035432,121.535866990787,24.995892962813,2016-05-10,"14_25"
"70",70,"Z4011A0","水源快往北 景美上匝道",30,10.4,58.5,1,121.539924954984,24.9996249638555,121.535866990787,24.995892962813,2016-05-10,"14_25"
"71",71,"Z4020A0","水源快往北 景美-基隆快",53.931408,10.133333,279.5,0,121.535866990787,24.995892962813,121.534551026926,25.0064900369957,2016-05-10,"14_25"
"72",72,"Z4031A0","水源快往北 福和橋上匝道",57.166668,0.2,6,0,121.530617011823,25.0081510342297,121.53337597531,25.008194972905,2016-05-10,"14_25"
"73",73,"Z4040H0","水源快往北 福和橋-師大路",59.314606,6.4,90,0,121.53337597531,25.008194972905,121.522921040872,25.0203360131995,2016-05-10,"14_25"
"74",74,"Z4050G0","水源快往北 師大路-泉州街",53.75,4.5,96,0,121.522921040872,25.0203360131995,121.512387014104,25.0242559571385,2016-05-10,"14_25"
"75",75,"Z4060G0","水源快往北 泉州街-青年路",49.441177,5.4,68,1,121.512387014104,25.0242559571385,121.504085957724,25.0200459916201,2016-05-10,"14_25"
"76",76,"Z4070G0","水源快往北 青年路-萬大路",42.815384,5.3,65,0,121.504085957724,25.0200459916201,121.496988966074,25.0166209545364,2016-05-10,"14_25"
"77",77,"Z4080G0","水源快往北 華中橋",60.5,2.4,54,0,121.496988966074,25.0166209545364,121.493546960585,25.0188819622546,2016-05-10,"14_25"
"78",78,"Z4081G0","水源快往北 萬大路上匝道",63.75,0.5,20.5,0,121.495850997188,25.0170060123111,121.493546960585,25.0188819622546,2016-05-10,"14_25"
"79",79,"Z40A2G0","水源快往北 萬大路下匝道",32.444443,11.2,22,0,121.496988966074,25.0166209545364,121.495850997188,25.0170060123111,2016-05-10,"14_25"
"80",80,"Z2PK0E0","水源快往南 景美下匝道",59.75,5.4,56,0,121.535291969736,24.9960160097742,121.535838037846,24.996001043551,2016-05-10,"14_25"
"81",81,"Z4210D0","水源快往南 西園路-華中橋",69.808,3.8666668,127,0,121.490670975297,25.0240550372173,121.494897959806,25.0165149868655,2016-05-10,"14_25"
"82",82,"Z4220D0","水源快往南 華中橋",61.343285,2.6,67,1,121.494897959806,25.0165149868655,121.49758002879,25.0160439753475,2016-05-10,"14_25"
"83",83,"Z4231C0","水源快往南 富民街上匝道",26.217392,4.8,23,1,121.500347043131,25.0180069774255,121.500586041983,25.0174489562607,2016-05-10,"14_25"
"84",84,"Z4250B0","水源快往南 富民街-泉州街",61.63478,3.4,115,0,121.500586041983,25.0174489562607,121.508575958881,25.0223029895734,2016-05-10,"14_25"
"85",85,"Z4261E0","水源快往南 泉州街上匝道",39.489796,11,50.5,0,121.512416020795,25.0242259740788,121.513597015627,25.0238910179486,2016-05-10,"14_25"
"86",86,"Z4270C0","水源快往南 泉州街-中正橋",56.374195,7.9,155,0,121.513597015627,25.0238910179486,121.517301026601,25.0212440410053,2016-05-10,"14_25"
"87",87,"Z4271C0","水源快往南 中正橋上匝道",31.081633,8.2,49,0,121.516420014929,25.0218210214711,121.517301026601,25.0212440410053,2016-05-10,"14_25"
"88",88,"Z4280C0","水源快往南 中正橋-師大路",51.33684,11.8,190,0,121.517301026601,25.0212440410053,121.519818971223,25.0206189990961,2016-05-10,"14_25"
"89",89,"Z4290C0","水源快往南 師大路",38.85,2.6,82,0,121.519818971223,25.0206189990961,121.52318904069,25.0190460360213,2016-05-10,"14_25"
"90",90,"Z42A0D0","水源快往南 師大路-永福橋",57.580647,4.1333337,96,0,121.52318904069,25.0190460360213,121.526604004471,25.0136400414621,2016-05-10,"14_25"
"91",91,"Z42B0D0","水源快往南 永福橋-基隆路",55.692307,3.6,91,1,121.526604004471,25.0136400414621,121.533012969887,25.0077350276523,2016-05-10,"14_25"
"92",92,"Z42B1D0","水源快往南 福和橋上匝道",42.8,1,5,0,121.530617011823,25.0081510342297,121.533012969887,25.0077350276523,2016-05-10,"14_25"
"93",93,"Z42B1E0","水源快往南 基高上匝道",53.689075,14.4,120.5,0,121.530824034973,25.0209549603874,121.533012969887,25.0077350276523,2016-05-10,"14_25"
"94",94,"Z42C0E0","水源快往南 基隆路-景美",69.23404,4.8666663,189,0,121.533012969887,25.0077350276523,121.535291969736,24.9960160097742,2016-05-10,"14_25"
"95",95,"Z42F2E0","水源快往南 泉州街下匝道",42.77778,6.4,18,0,121.508575958881,25.0223029895734,121.512416020795,25.0242259740788,2016-05-10,"14_25"
"96",96,"Z42I2E0","水源快往南 永福橋下匝道",54.95,1.8,20,0,121.526604004471,25.0136400414621,121.527920044784,25.0117400117055,2016-05-10,"14_25"
"97",97,"Z42K2C0","水源快往南 華中橋下匝道",80.318184,2.2,24,0,121.494897959806,25.0165149868655,121.495752005932,25.0165099750557,2016-05-10,"14_25"
"98",98,"Z0112A0","環河快往北 市民下匝道",22.40625,7.2,97,1,121.505632045463,25.0479460104869,121.507057986923,25.0504089798186,2016-05-10,"14_25"
"99",99,"Z5050A0","環河快往北 西園華江",66.22388,1.8666668,68.5,0,121.4909020335,25.0247749907051,121.491948992589,25.0363589545033,2016-05-10,"14_25"
"100",100,"Z5051A0","環河快往北 華江橋上匝道",39.037037,16.4,108,0,121.489444030584,25.0354040152171,121.491948992589,25.0363589545033,2016-05-10,"14_25"
"101",101,"Z5060B0","環河快往北 華江貴陽",16.971264,40.9,181,2,121.491948992589,25.0363589545033,121.497868957546,25.0400649616175,2016-05-10,"14_25"
"102",102,"Z5070A0","環河快往北 貴陽市民",71.57823,5.4,147.5,0,121.497868957546,25.0400649616175,121.505632045463,25.0479460104869,2016-05-10,"14_25"
"103",103,"Z5070A1","環河快往北  貴陽市民",65.02778,7.5,181.5,0,121.497868957546,25.0400649616175,121.505632045463,25.0479460104869,2016-05-10,"14_25"
"104",104,"Z5080A0","環河快往北 市民民生",58.505493,3.7,91,0,121.505632045463,25.0479460104869,121.508492028217,25.0570309650365,2016-05-10,"14_25"
"105",105,"Z50B0A0","環河快往北 酒泉敦煌",42.610584,20.999998,188,0,121.509256996901,25.0721649933788,121.508641013476,25.0767900150083,2016-05-10,"14_25"
"106",106,"Z50C2A0","環河快往北 貴陽街下匝道",55.55,2.2,20,0,121.497868957546,25.0400649616175,121.497707968591,25.0394379567263,2016-05-10,"14_25"
"107",107,"Z5250E0","環河快往南 民生西-忠孝橋",61.31579,3.4,77.5,0,121.508490045987,25.0570549865263,121.506820022925,25.0520699678275,2016-05-10,"14_25"
"108",108,"Z5260E0","環河快往南 忠孝橋",68.44681,5.5,141,0,121.506820022925,25.0520699678275,121.503459020046,25.0468649631992,2016-05-10,"14_25"
"109",109,"Z5261E0","環河快往南 忠孝橋上匝道",57.666668,1.3333334,6,0,121.504301011176,25.0499669605124,121.503459020046,25.0468649631992,2016-05-10,"14_25"
"110",110,"Z5261F0","環河快往南 市民上匝道",33.235954,11.2,89,0,121.507228991091,25.0510220354424,121.503459020046,25.0468649631992,2016-05-10,"14_25"
"111",111,"Z5270E0","環河快往南 忠孝橋-中興橋",46.357143,1,14.5,0,121.503459020046,25.0468649631992,121.501675036559,25.0454489818402,2016-05-10,"14_25"
"112",112,"Z5280E0","環河快往南 中興橋",36.464287,3.6,28,0,121.501675036559,25.0454489818402,121.500127997034,25.0428969866014,2016-05-10,"14_25"
"113",113,"Z5290E0","環河快往南 中興橋-桂林路",61.041668,1.8,24,0,121.500127997034,25.0428969866014,121.495768980163,25.0390590284779,2016-05-10,"14_25"
"114",114,"Z52A0E0","環河快往南 桂林路-華江橋",55.33019,11.2,106,0,121.495768980163,25.0390590284779,121.491098012531,25.0361979990397,2016-05-10,"14_25"
"115",115,"Z52B0E0","環河快往南 華江橋",69.016594,10,244.5,0,121.491098012531,25.0361979990397,121.488941968621,25.0336170151409,2016-05-10,"14_25"
"116",116,"Z52B1E0","環河快往南 華江橋上匝道",49.2,2.25,10.5,0,121.489444030584,25.0354040152171,121.488941968621,25.0336170151409,2016-05-10,"14_25"
"117",117,"Z52C0E0","環河快往南 華江橋-西藏路",75.05882,2.4,68,0,121.488941968621,25.0336170151409,121.488264038685,25.0296530048539,2016-05-10,"14_25"
"118",118,"Z52C2E0","環河快往南 西藏路下匝道",37.13889,5.6,36,0,121.490064014881,25.0304020134316,121.488264038685,25.0296530048539,2016-05-10,"14_25"
"119",160,"Z8050A0","洲美往北　大業匝道",78.121216,1.5,33,0,121.493663023759,25.1217349827357,121.498706994097,25.1257360159759,2016-05-10,"14_25"
"120",119,"Z52D0E0","環河快往南 西藏路-西園路",52.52941,3.4,34,0,121.488264038685,25.0296530048539,121.490514011287,25.0244009718354,2016-05-10,"14_25"
"121",120,"Z6120C0","環東出城　正氣橋",42.734695,6.8,148.5,2,121.568370994278,25.0472350435512,121.570605021905,25.0510110311818,2016-05-10,"14_25"
"122",121,"Z6130C0","環東出城　麥帥一橋",64.24856,8.4,173,0,121.570605021905,25.0510110311818,121.574926995873,25.0534200156251,2016-05-10,"14_25"
"123",122,"Z6140C0","環東出城　堤頂舊宗",49.166668,0.9,12,1,121.574926995873,25.0534200156251,121.57748301202,25.0549450438494,2016-05-10,"14_25"
"124",123,"Z6150C0","環東出城　堤頂舊宗",76.81481,3.9,108,0,121.57748301202,25.0549450438494,121.584862988947,25.0586160247397,2016-05-10,"14_25"
"125",124,"Z6150C1","環東出城  堤頂舊宗",71.67257,4.3,113,0,121.57748301202,25.0549450438494,121.584862988947,25.0586160247397,2016-05-10,"14_25"
"126",125,"Z6151C0","環東出城　舊宗匝道",31.971428,27.4,37,1,121.56613702014,25.051338962847,121.584862988947,25.0586160247397,2016-05-10,"14_25"
"127",126,"Z6160C1","環東出城  彩虹經貿1",48.57143,9.6,141.5,1,121.584862988947,25.0586160247397,121.616541008175,25.0625849622717,2016-05-10,"14_25"
"128",127,"Z6160C2","環東出城  彩虹經貿2",69.09655,6.4,145,0,121.584862988947,25.0586160247397,121.616541008175,25.0625849622717,2016-05-10,"14_25"
"129",128,"Z6160C3","環東出城  彩虹經貿3",87.149536,3.6,107,0,121.584862988947,25.0586160247397,121.616541008175,25.0625849622717,2016-05-10,"14_25"
"130",129,"Z6160C4","環東出城  彩虹經貿4",76.06993,1.1,144,0,121.584862988947,25.0586160247397,121.616541008175,25.0625849622717,2016-05-10,"14_25"
"131",130,"Z6160C5","環東出城  彩虹經貿5",79.13386,5.1,127,0,121.584862988947,25.0586160247397,121.616541008175,25.0625849622717,2016-05-10,"14_25"
"132",131,"Z6160C6","環東出城  彩虹經貿6",55.170067,6.1,147,1,121.584862988947,25.0586160247397,121.616541008175,25.0625849622717,2016-05-10,"14_25"
"133",132,"Z6160C7","環東出城  彩虹經貿7",50.865547,5.3,119.5,1,121.584862988947,25.0586160247397,121.616541008175,25.0625849622717,2016-05-10,"14_25"
"134",133,"Z6170C1","環東出城　南湖橋段1",64.589745,7.7,156.5,0,121.616541008175,25.0625849622717,121.617806017444,25.0621700152228,2016-05-10,"14_25"
"135",134,"Z6171C0","環東出城　園區匝道",59.36,2.2,50,1,121.506686988079,25.0504710048466,121.617806017444,25.0621700152228,2016-05-10,"14_25"
"136",135,"Z6180A0","環東出城　往國道三號",71.47541,2.3,61,0,121.617806017444,25.0621700152228,121.619272988714,25.0611980022906,2016-05-10,"14_25"
"137",136,"Z6310G0","環東進城　前方",64.58491,4.4,159,0,121.619543975639,25.0614559745982,121.616821033512,25.0628670066886,2016-05-10,"14_25"
"138",137,"Z6320G0","環東進城　經貿園區",73.578125,2.9,64,0,121.616821033512,25.0628670066886,121.616641022636,25.0629230055203,2016-05-10,"14_25"
"139",138,"Z6330G2","環東出城  經貿彩虹2",69.986115,5.7,144,0,121.616641022636,25.0629230055203,121.584602985496,25.0590689905561,2016-05-10,"14_25"
"140",161,"ZLGGYA0","洲美往北　北投匝道",57.875,0.4,16,0,121.499039991332,25.1065160441939,121.518394001597,25.0506200193959,2016-05-10,"14_25"
"141",139,"Z6330G3","環東出城  經貿彩虹3",74.098595,5.2,142,0,121.616641022636,25.0629230055203,121.584602985496,25.0590689905561,2016-05-10,"14_25"
"142",140,"Z6330G4","環東出城  經貿彩虹4",75.3169,5.4,142,0,121.616641022636,25.0629230055203,121.584602985496,25.0590689905561,2016-05-10,"14_25"
"143",141,"Z6330G5","環東出城  經貿彩虹5",73.89474,5.7,152,0,121.616641022636,25.0629230055203,121.584602985496,25.0590689905561,2016-05-10,"14_25"
"144",142,"Z6330G6","環東出城  經貿彩虹6",65.15232,6.3,151,0,121.616641022636,25.0629230055203,121.584602985496,25.0590689905561,2016-05-10,"14_25"
"145",143,"Z6330G7","環東出城  經貿彩虹7",57.198757,8.3,161,1,121.616641022636,25.0629230055203,121.584602985496,25.0590689905561,2016-05-10,"14_25"
"146",144,"Z6330G8","環東出城  經貿彩虹8",58.69101,8.6,178,0,121.616641022636,25.0629230055203,121.584602985496,25.0590689905561,2016-05-10,"14_25"
"147",145,"Z6340G0","環東進城　舊宗新明",69.203705,4.7,109,0,121.584602985496,25.0590689905561,121.577017014874,25.055012037314,2016-05-10,"14_25"
"148",146,"Z6350G0","環東進城  堤頂麥一",76.666664,3.5,96,0,121.577017014874,25.055012037314,121.574868993047,25.0538609882666,2016-05-10,"14_25"
"149",147,"Z6360G0","環東進城　麥帥一橋",66.62209,7.9,172,0,121.574868993047,25.0538609882666,121.570337952539,25.0515299950425,2016-05-10,"14_25"
"150",148,"Z6360G1","環東進城　麥帥一橋",60.603775,4.9,106,1,121.574868993047,25.0538609882666,121.570337952539,25.0515299950425,2016-05-10,"14_25"
"151",149,"Z6380E0","環東進城　永吉匝道",41.401234,12.4,164.5,1,121.568211967079,25.0479089629847,121.566930011803,25.0458089733302,2016-05-10,"14_25"
"152",150,"Z7010A0","正氣橋出城接麥二橋",46.98077,7.4,156,1,121.572381048053,25.0517659831681,121.572381048053,25.0517659831681,2016-05-10,"14_25"
"153",151,"Z7230E0","麥二正氣",53.56579,8,152,0,121.572381048053,25.0517659831681,121.536157036992,25.0443180284222,2016-05-10,"14_25"
"154",152,"Z8001H0","洲美往北　中正社中",74.54023,3,97.5,0,121.501322045006,25.0905279940405,121.506718964987,25.0840970372638,2016-05-10,"14_25"
"155",153,"Z8001H1","洲美往北  中正社中1",60.069183,4.733333,170.5,0,121.501322045006,25.0905279940405,121.506718964987,25.0840970372638,2016-05-10,"14_25"
"156",154,"Z8010A0","洲美往北　社中通河",56.298344,7.4,196,0,121.506718964987,25.0840970372638,121.498530964268,25.0990859660389,2016-05-10,"14_25"
"157",155,"Z8010A2","洲美往北　跨河橋段",62.158333,4.2666664,130,0,121.506718964987,25.0840970372638,121.498530964268,25.0990859660389,2016-05-10,"14_25"
"158",156,"Z8020A0","洲美往北　福國路段",79.213234,3.2666664,136,0,121.498530964268,25.0990859660389,121.499175972166,25.1026189964555,2016-05-10,"14_25"
"159",157,"Z8030A0","洲美往北　焚化廠南",79.18881,3.6666667,143,0,121.499175972166,25.1026189964555,121.499039991332,25.1065160441939,2016-05-10,"14_25"
"160",158,"Z8040A0","洲美往北　焚化廠北",81.77612,3.0666668,135,0,121.499039991332,25.1065160441939,121.493663023759,25.1217349827357,2016-05-10,"14_25"
"161",159,"Z8040A1","洲美往北   往大度",84.2,0.8666667,91,0,121.499039991332,25.1065160441939,121.493663023759,25.1217349827357,2016-05-10,"14_25"
"162",162,"Z8211A0","洲美往南　大度匝道",63.72973,2.8,115,0,121.464409006352,25.12372703342,121.499415011407,25.1164069706791,2016-05-10,"14_25"
"163",163,"Z8220E1","洲美往南  焚化廠北",65.579834,2,120,0,121.499415011407,25.1164069706791,121.499410028525,25.1162300382646,2016-05-10,"14_25"
"164",164,"Z8230E0","洲美往南　焚化廠南",74.76712,4.0666666,146,0,121.499410028525,25.1162300382646,121.498717979057,25.1023440083671,2016-05-10,"14_25"
"165",165,"Z8240E0","洲美往南　福國路段",71.03846,4.4,156,0,121.498717979057,25.1023440083671,121.498122950903,25.0993239617516,2016-05-10,"14_25"
"166",166,"Z8250E0","洲美往南　跨河橋段",53.779762,2.5,171,0,121.498122950903,25.0993239617516,121.505457987033,25.0856429679772,2016-05-10,"14_25"
"167",167,"Z8250E2","洲美往南　通河社中",59.961834,4.7999997,143,0,121.498122950903,25.0993239617516,121.505457987033,25.0856429679772,2016-05-10,"14_25"
"168",168,"Z8260A0","環北往南　社中中正",66.04273,2.8666666,122.5,0,121.505457987033,25.0856429679772,121.507375025755,25.0814500272669,2016-05-10,"14_25"
"169",169,"Z9010A0","信快往北  木柵入口",67.52631,3.9,40.5,0,121.576575015947,25.0001809673246,121.581303018416,25.0061379810342,2016-05-10,"14_25"
"170",170,"Z9011A0","E_I-N-EN1",71.395836,10,50,0,121.582282989818,25.0046809888682,121.581303018416,25.0061379810342,2016-05-10,"14_25"
"171",171,"Z9030A0","信快往北 文山隧道",81.954544,2.3999999,91,0,121.581819044289,25.0080029688007,121.58007302298,25.0185520437394,2016-05-10,"14_25"
"172",172,"Z9040A0","信快往北  文山象山間",65.88764,0.4666667,92.5,0,121.58007302298,25.0185520437394,121.576318004777,25.0215079894489,2016-05-10,"14_25"
"173",173,"Z9050A0","信快往北  象山隧道",77.056816,2.2666667,91,0,121.576318004777,25.0215079894489,121.573106996005,25.0306110259661,2016-05-10,"14_25"
"174",174,"Z9060A0","信快往北  象山出口",45.855556,3.7333336,93.5,1,121.573106996005,25.0306110259661,121.57304703705,25.0323369694062,2016-05-10,"14_25"
"175",175,"ZGYS7A0","E_I-N-EX2",45.117645,7.4,53.5,0,121.57304703705,25.0323369694062,121.568318010097,25.0299530329774,2016-05-10,"14_25"
"176",176,"Z9201A0","E_I-S-EN2",51.555557,9,36.5,1,121.574585031664,25.0329529736002,121.572957964431,25.0328939824679,2016-05-10,"14_25"
"177",177,"Z9211A0","信快往北  松仁匝道",41.513275,3.35,120,1,121.568318010097,25.0299530329774,121.572483004907,25.0327419748003,2016-05-10,"14_25"
"178",178,"Z9230A0","信快往北  象山隧道",78.07317,2,83.5,0,121.572327042517,25.0308000093377,121.57589398737,25.0210529932084,2016-05-10,"14_25"
"179",179,"Z9240A0","信快往北  象山文山間",55.349396,4.0666666,85.5,0,121.57589398737,25.0210529932084,121.579738003233,25.0181450112202,2016-05-10,"14_25"
"180",180,"Z9250A0","信快往北  文山隧道",71.52439,2.1333334,83.5,0,121.579738003233,25.0181450112202,121.58125897475,25.0081889703121,2016-05-10,"14_25"
"181",181,"Z9260A0","信快往北  萬芳出口",52.67442,1.9333332,89,1,121.58125897475,25.0081889703121,121.580423983686,25.0049820284797,2016-05-10,"14_25"
"182",182,"ZJTJ960","八德路    松江路-忠孝東路",29.148935,12.6,50,0,121.532877004208,25.0443479756871,121.530008998433,25.0436089944644,2016-05-10,"14_25"
"183",183,"ZK5JW60","八德路    建國北路-新生北路",28,5.2,18.5,0,121.535606954197,25.045648042121,121.532877004208,25.0443479756871,2016-05-10,"14_25"
"184",184,"ZK7K820","八德路    新生南路-建國北路",32.914288,11.5,38,0,121.532877004208,25.0443479756871,121.533978046748,25.0446509770139,2016-05-10,"14_25"
"185",185,"ZKLLH20","八德路    建國北路-復興北路",32.2807,6.8,61,0,121.536660023401,25.0460589913958,121.540507984494,25.0467130279066,2016-05-10,"14_25"
"186",186,"ZKRM820","八德路    敦化北路-復興北路",37.210526,6.6,61.5,0,121.542154998418,25.0471219561995,121.543931037249,25.0475489915048,2016-05-10,"14_25"
"187",187,"ZKWN820","八德路    復興北路-敦化南路",29.869566,5.6,23.5,1,121.54684699938,25.0481800005474,121.548917990989,25.0481810293354,2016-05-10,"14_25"
"188",188,"ZKWN860","八德路    光復南路-敦化北路",34.81818,83.5,15.5,0,121.552615002533,25.048185017375,121.548917990989,25.0481810293354,2016-05-10,"14_25"
"189",189,"ZKWNV20","八德路    敦化南路-光復南路",27,33.6,179,0,121.548917990989,25.0481810293354,121.552615002533,25.048185017375,2016-05-10,"14_25"
"190",190,"ZKWPX60","八德路    東興街?-光復北路",36.904762,5.4,42,0,121.558442020541,25.0482450205768,121.557817980928,25.0481839882944,2016-05-10,"14_25"
"191",191,"ZKZQW20","八德路    光復南路-東興街",35.02381,3.7,42,0,121.560881987113,25.0484879813674,121.562665970558,25.048661976267,2016-05-10,"14_25"
"192",192,"ZL6RM20","八德路    基隆路-東興街",45,1.4,9,0,121.565481960656,25.0489490280874,121.566246026065,25.0490280018431,2016-05-10,"14_25"
"193",193,"ZL9SB20","八德路    東興街-基隆路",36.333332,4.4,20.5,0,121.566246026065,25.0490280018431,121.569388952581,25.049394985048,2016-05-10,"14_25"
"194",194,"ZLDTB20","八德路    基隆路-東新街",32.774193,2,31.5,0,121.572285964123,25.0500069670554,121.574505013287,25.0499799840799,2016-05-10,"14_25"
"195",195,"ZLDTB60","八德路    東新街-基隆路",26.527779,9.7,40.5,0,121.575991993912,25.0500010388504,121.574505013287,25.0499799840799,2016-05-10,"14_25"
"196",196,"ZLNUW60","南港路    向陽路-東新街",35.202248,8.866667,100.5,0,121.584267978293,25.0522529863072,121.582729010121,25.0516809679925,2016-05-10,"14_25"
"197",197,"ZMAR840","三民路    民生東路-南京東路",46.583332,10,43,0,121.563595975985,25.0568559981804,121.563871020332,25.0541290298898,2016-05-10,"14_25"
"198",198,"ZMTR600","三民路    南京東路-民生東路",70,6,38,0,121.563871020332,25.0541290298898,121.563595975985,25.0568559981804,2016-05-10,"14_25"
"199",199,"ZNQQE40","三民路    民權東路-民生東路",32.785713,3.6,16,0,121.563142983751,25.0618319799925,121.563236955513,25.060902007694,2016-05-10,"14_25"
"200",200,"ZP8QY00","三民路    民生東路-民權東路",41.4,6.6,34,0,121.563142983751,25.0618319799925,121.56305804233,25.0628079608207,2016-05-10,"14_25"
"201",201,"ZMQ4C40","三重路    重陽路-南港路",40.822224,8.8,47,0,121.57778395346,25.0474489884482,121.613990028591,25.0561510020384,2016-05-10,"14_25"
"202",202,"Z4ZD520","大度路    立德路-大業路",69.879036,3,131,0,121.493554980993,25.1214749744342,121.499800962679,25.1210930165618,2016-05-10,"14_25"
"203",203,"Z58AH60","大度路    模構溪-立德路",60.31694,9.133333,201,0,121.481430047917,25.1222009787626,121.471406959474,25.122847008826,2016-05-10,"14_25"
"204",204,"Z5AAF60","大度路    大業路-貴子坑溪",62.416668,7.2,225.5,0,121.486079991891,25.121852037788,121.466876988914,25.1232139811149,2016-05-10,"14_25"
"205",205,"Z5AAF61","大度路 貴水二溪-聖景路",60.96104,6.8,160.5,0,121.486079991891,25.121852037788,121.466876988914,25.1232139811149,2016-05-10,"14_25"
"206",206,"Z5B2R60","大度路    貴子坑溪-模構溪",60.56784,7.066667,204,0,121.466876988914,25.1232139811149,121.481430047917,25.1222009787626,2016-05-10,"14_25"
"207",207,"Z7JCE40","大業路    中央北路-承德路",46.86207,2.6,89.5,0,121.497173973346,25.1360519600889,121.496304977611,25.1345019669943,2016-05-10,"14_25"
"208",208,"Z3AIL00","中山北路  德行東路-士東路",41,2,37,0,121.525253015121,25.1087089734359,121.526529012548,25.112758021431,2016-05-10,"14_25"
"209",209,"Z4NJD00","中山北路  士東路-天母東路",55.857143,2.4,21,0,121.528577048448,25.1163439672642,121.530083045652,25.1182429548424,2016-05-10,"14_25"
"210",210,"ZHWGD40","中山南路  仁愛路-愛國西路",23.555555,29,76,1,121.517742001752,25.0392739842801,121.516464971111,25.0348820142513,2016-05-10,"14_25"
"211",211,"ZIVGU00","中山南路  愛國東路-信義路",44,7,74,0,121.516464971111,25.0348820142513,121.517742001752,25.0392739842801,2016-05-10,"14_25"
"212",212,"ZIVGU40","中山南路  忠孝西路-仁愛路",39.38298,5.5,48,0,121.518155021069,25.0407080117975,121.517742001752,25.0392739842801,2016-05-10,"14_25"
"213",213,"ZKEHB00","中山南路  仁愛路-忠孝東路",30.872726,6.5,57,0,121.519250950846,25.0444959843402,121.519582972501,25.0456320015231,2016-05-10,"14_25"
"214",214,"ZKEHB40","中山北路  長安西路-忠孝西路",19.619719,43.4,75,1,121.5203119583,25.0471550161381,121.519582972501,25.0456320015231,2016-05-10,"14_25"
"215",215,"ZLBHN00","中山北路  忠孝東路-長安東路",40.05,9,81,0,121.519250950846,25.0444959843402,121.521621966763,25.0498139771949,2016-05-10,"14_25"
"216",216,"ZLBHN40","中山北路  南京西路-長安西路",38.4,2.5,25,0,121.52257401473,25.0522299753826,121.521621966763,25.0498139771949,2016-05-10,"14_25"
"217",217,"ZLRHT00","中山北路  長安西路-南京東路",60.92105,2.3,38,0,121.521621966763,25.0498139771949,121.52257401473,25.0522299753826,2016-05-10,"14_25"
"218",218,"ZLRHT40","中山北路　南京往南",51.109093,4.875,55,0,121.522713974682,25.0549919835593,121.52257401473,25.0522299753826,2016-05-10,"14_25"
"219",219,"ZN5HV00","民生東　中山北(往北)",51.310345,3.6666667,29,0,121.522713974682,25.0549919835593,121.522845004353,25.0578899846763,2016-05-10,"14_25"
"220",220,"ZNLHV00","中山北路  民權東路-錦州街",36.419353,3.3,31,0,121.522845004353,25.0578899846763,121.522954993974,25.0603360232939,2016-05-10,"14_25"
"221",221,"ZP7HI40","中山北路  民族東路-民權東路",59.27778,1.1,18.5,0,121.522241006668,25.0648800135277,121.522608016415,25.0627480091243,2016-05-10,"14_25"
"222",222,"ZSVI900","中山北三段 北安路-中山北四段1巷",43,9.6,79.5,0,121.526876997522,25.0759860132315,121.524396034032,25.0797770077648,2016-05-10,"14_25"
"223",223,"ZSVI940","通河街　中山北(往南)",45.734783,13.599998,240,0,121.525484975308,25.0841879571588,121.524396034032,25.0797770077648,2016-05-10,"14_25"
"224",224,"ZTTIF00","中山北路　劍潭往北",62.340206,1.8,100,0,121.524396034032,25.0797770077648,121.525484975308,25.0841879571588,2016-05-10,"14_25"
"225",225,"ZTTIF40","中山北路  小北街-基河路",23.67,44.4,111,1,121.525650020016,25.0857400139857,121.525484975308,25.0841879571588,2016-05-10,"14_25"
"226",226,"ZU5IF00","中山北路  基河路-小北街",49.26891,9.7,122,0,121.525484975308,25.0841879571588,121.52718495366,25.0876670187764,2016-05-10,"14_25"
"227",227,"ZVYIV00","中山北路  小北街-中正路",34.615383,4,91,1,121.527473957656,25.0902389796397,121.528014004153,25.0937130284284,2016-05-10,"14_25"
"228",228,"ZYBIB00","中山北路  德行東路-忠誠路",40.771084,12.6,89.5,0,121.525543043736,25.1024700426213,121.52484602371,25.1040249679002,2016-05-10,"14_25"
"229",229,"ZYSIB00","中山北路  忠誠路-德行東路",38.632076,12.7,117.5,0,121.52484602371,25.1040249679002,121.524896032415,25.1064259709129,2016-05-10,"14_25"
"230",230,"ZZLIE40","中山北路  天母東路-士東路",55.72222,5.5,36,0,121.525253015121,25.1087089734359,121.525950049097,25.1116950429302,2016-05-10,"14_25"
"231",231,"ZZYII40","中山北路  士東路-德行東路",27.43956,30,99,1,121.526529012548,25.112758021431,121.525253015121,25.1087089734359,2016-05-10,"14_25"
"232",232,"ZU8EF20","重陽大橋 重陽橋 -延平北路六段",56.62069,8.266666,161,0,121.499370989401,25.084592036831,121.505624988292,25.0856570244771,2016-05-10,"14_25"
"233",233,"ZVEGK60","中正路    文林路-承德路",36.982758,10.9,121.5,0,121.517704994726,25.0918079730647,121.516491996487,25.0910000387343,2016-05-10,"14_25"
"234",234,"ZW7HN20","中正路    承德路-文林路",54.51579,4.9,95.5,0,121.52003199482,25.0933530172806,121.52189001497,25.0943849867539,2016-05-10,"14_25"
"235",235,"ZWGIV60","中正路    雨農路-文林路",38.217392,8,72,0,121.530285031655,25.0961960292212,121.527914004661,25.0957539877762,2016-05-10,"14_25"
"236",236,"ZG7EQ00","中華路    和平西路-水源路",34,7,37,0,121.508164027194,25.0258549787553,121.507077029818,25.0267439883943,2016-05-10,"14_25"
"237",237,"ZI9EM00","中華路    和平西路-愛國西路",13.961538,11.1875,89.5,2,121.505301004035,25.03340303799,121.506630000043,25.0359989709198,2016-05-10,"14_25"
"238",238,"ZIKPW60","仁愛路光復往西",55.829544,5.75,97,0,121.56042603886,25.0375930247427,121.557582024175,25.0376670102663,2016-05-10,"14_25"
"239",239,"ZIKQP20","仁愛路   逸仙路-光復南路",45.785713,5.25,30.5,0,121.56042603886,25.0375930247427,121.561506001618,25.0375530161359,2016-05-10,"14_25"
"240",240,"ZILPI20","仁愛路   光復南路-敦化南路",46.121212,2.1333332,35.5,0,121.552935023966,25.0377569602288,121.555442046408,25.0377109564045,2016-05-10,"14_25"
"241",241,"ZIMNN60","仁愛路安和路往西",55.207207,5.1,113.5,0,121.552935023966,25.0377569602288,121.551775004519,25.0377789671945,2016-05-10,"14_25"
"242",242,"ZINKW20","仁愛路    建國南路-新生南路",34.115383,10.133333,121.5,0,121.53278995384,25.0381459966656,121.537882966645,25.0380649934768,2016-05-10,"14_25"
"243",243,"ZINLD60","仁愛路    復興南路-建國南路",39.492958,5.0666666,75,0,121.543679972316,25.0379439557612,121.539974007135,25.0380210265144,2016-05-10,"14_25"
"244",244,"ZIPIZ60","金山南路  信義路-仁愛路",51.405407,3.6666667,77,0,121.52941104638,25.0382129641192,121.528340969147,25.0382519822543,2016-05-10,"14_25"
"245",245,"ZIPJA20","仁愛路    新生南路-金山南路",50.356163,4.533334,82,0,121.528340969147,25.0382519822543,121.52941104638,25.0382129641192,2016-05-10,"14_25"
"246",246,"ZIRHZ20","仁愛路    杭州南路-中山南路",41.75,1.4666667,67.5,0,121.521595040537,25.0387639638472,121.523417010188,25.0385230073086,2016-05-10,"14_25"
"247",247,"ZV9IP40","文林路    中正路-基河路",50.57143,6,29,0,121.525956002142,25.0923389607966,121.527037041757,25.0902129967989,2016-05-10,"14_25"
"248",248,"ZY9H840","文林北路  承德路-德行西路",49.932037,6.466666,118.5,0,121.520752973895,25.1022339731109,121.519637009102,25.1032309691362,2016-05-10,"14_25"
"249",249,"ZYRGM00","文林北路  德行西路-承德路",39.239437,4.6,75,0,121.520752973895,25.1022339731109,121.516615012448,25.1061029568463,2016-05-10,"14_25"
"250",250,"Z1NMM20","木柵路    興隆路-和興路",55.901962,3.7,53.5,0,121.544016982749,24.9884689866207,121.545971014879,24.986728970597,2016-05-10,"14_25"
"251",251,"Z27SN20","木新路    興隆路-木柵路",34.72,4.8,25,0,121.568615035016,24.988909958163,121.570930960222,24.9907069825126,2016-05-10,"14_25"
"252",252,"Z2LSS20","木柵路    秀明路-萬芳路",54.238094,3.4,42.5,0,121.569046007132,24.9987579698985,121.571743015186,24.9948559781927,2016-05-10,"14_25"
"253",253,"ZACTV20","木柵路    萬芳路-北二高",33.75,17.2,78.5,0,121.574570982811,24.9981499979952,121.575677996718,24.9995900320669,2016-05-10,"14_25"
"254",254,"ZAWVC20","木柵路    北二高-新光路",59.25714,6,38.5,0,121.581921996822,25.0023919784946,121.583964992877,25.0029429905388,2016-05-10,"14_25"
"255",255,"Z1CRT60","木新路    木柵路-興隆路",26.232143,15,58.5,1,121.56875002671,24.9839530093009,121.566735961769,24.9832559576,2016-05-10,"14_25"
"256",256,"ZSBID60","北安路    明水路-中山北路",54.79348,11,96.5,0,121.537560952393,25.0777889720838,121.526876997522,25.0759860132315,2016-05-10,"14_25"
"257",257,"ZSJJX20","北安路    中山北路-明水路",48.853657,5.2,41,0,121.529015999351,25.0777479915008,121.533200981536,25.0780399695584,2016-05-10,"14_25"
"258",258,"ZSWMR40","北安路    大直街-通北街",42.106384,4.5,47.5,0,121.548179978795,25.0805040395406,121.547413975489,25.079874995817,2016-05-10,"14_25"
"259",259,"ZJGPQ20","市民大道  復興北路-敦化北路",23.123966,42.7,125,1,121.546218997063,25.0450760260571,121.548883040402,25.0448050256844,2016-05-10,"14_25"
"260",260,"ZK6L860","市民大道  敦化北路-建國北路",31.117022,10.2,96.5,0,121.542381983637,25.0446300134924,121.539486992585,25.0444869867107,2016-05-10,"14_25"
"261",261,"ZK6NY60","市民大道  敦化北路-復興北路",29.19192,17.4,101,0,121.556752972869,25.044929037857,121.553044027324,25.0445180305677,2016-05-10,"14_25"
"262",262,"ZK6P820","市民大道  敦化北路-光復北路",38.113045,10.8,119.5,0,121.548883040402,25.0448050256844,121.553785987587,25.0441180322778,2016-05-10,"14_25"
"263",263,"ZK8LT20","市民大道  建國北路-復興北路",40.791668,4.375,48,0,121.539486992585,25.0444869867107,121.542381983637,25.0446300134924,2016-05-10,"14_25"
"264",264,"ZK9KC60","市民大道  建國北路-金山北路",42.221237,10.7,116,0,121.536654952605,25.044894027352,121.53478201032,25.0450279866061,2016-05-10,"14_25"
"265",265,"ZKJJP20","市民大道  金山北路-建國北路",38.911564,17.4,157.5,1,121.615421998675,25.045238998741,121.532890983601,25.0454499827697,2016-05-10,"14_25"
"266",266,"ZKNIV20","市民大道  中山北路-金山北路",20.136364,12.2,68.5,2,121.526052005025,25.047513980359,121.527754976858,25.0470660157481,2016-05-10,"14_25"
"267",267,"ZKQQY20","市民大道  光復南路-基隆路",44.534885,2.3,43,0,121.55778403127,25.045105009154,121.562977017142,25.0473070427485,2016-05-10,"14_25"
"268",268,"ZKSIE60","市民大道  金山北路-中山北路",39.802082,7.7,97.5,0,121.527754976858,25.0470660157481,121.526052005025,25.047513980359,2016-05-10,"14_25"
"269",269,"ZKVHI20","市民大道  重慶北路-中山北路",35.642857,3.3,42,0,121.516775988975,25.0499119871932,121.520761957648,25.0480390041157,2016-05-10,"14_25"
"270",270,"ZL5GL60","市民大道  中山北路-重慶北路",29.067568,22.7,162,0,121.514850033308,25.0490519785949,121.516423961792,25.0487760337543,2016-05-10,"14_25"
"271",271,"ZLAFP60","市民大道  重慶北路-環河北路",40.22689,10.6,119.5,0,121.513314967253,25.0494279843331,121.511989016427,25.0499020209939,2016-05-10,"14_25"
"272",272,"ZLXFX20","市民大道  環河北路-重慶北路",25.39855,35.6,149,0,121.511989016427,25.0499020209939,121.513314967253,25.0494279843331,2016-05-10,"14_25"
"273",273,"ZMSEX60","民生西路  重慶北路-環河北路",29.193548,10.75,62,0,121.509004974381,25.0568730220494,121.50827197583,25.0568570248746,2016-05-10,"14_25"
"274",274,"ZMTG520","民生西路  環河北路-重慶北路",19.642857,11,56,1,121.511602029279,25.0569270241787,121.513792994809,25.0569739901897,2016-05-10,"14_25"
"275",275,"ZMTG560","民生西路  承德路-重慶北路",40.148937,13.6,70.5,0,121.515556954,25.0570130175921,121.513792994809,25.0569739901897,2016-05-10,"14_25"
"276",276,"ZMTHB20","民生西路  承德路-雙連站",38.3038,23.7,185.5,0,121.519185998666,25.0574509664278,121.519722000221,25.0575220384742,2016-05-10,"14_25"
"277",277,"ZMTHB60","民生西路  中山北路-雙連站",28.192982,18.2,62,0,121.522845004353,25.0578899846763,121.519722000221,25.0575220384742,2016-05-10,"14_25"
"278",278,"ZMUGG20","民生西路  重慶北路-承德路",46.225,10.2,60,0,121.513792994809,25.0569739901897,121.515556954,25.0570130175921,2016-05-10,"14_25"
"279",279,"ZMXH820","民生西路  雙連站-承德路",33.566666,73.8,41.5,1,121.51817497086,25.0573370422045,121.519185998666,25.0574509664278,2016-05-10,"14_25"
"280",280,"ZMYN820","民生東路  復興北路-敦化北路",41.05983,7.6,120,0,121.54621504649,25.0577149568673,121.549010024689,25.0576959838419,2016-05-10,"14_25"
"281",281,"ZMYN860","民生東路  光復北路-敦化北路",34.11111,1,9,0,121.552123981625,25.0579729758179,121.549010024689,25.0576959838419,2016-05-10,"14_25"
"282",282,"ZMZL960","民生東路  建國北路-龍江路",43.333332,5.7333336,105,0,121.540695002758,25.057808013133,121.539168991943,25.0578130194978,2016-05-10,"14_25"
"283",283,"ZMZLI20","民生東路  復興北路-龍江路",49.298702,4.133333,78.5,0,121.539168991943,25.0578130194978,121.540695002758,25.057808013133,2016-05-10,"14_25"
"284",284,"ZMZM920","民生東路  龍江路-復興北路",42.76829,5.733333,91,0,121.542191988586,25.0577839575877,121.544143954275,25.0577500050787,2016-05-10,"14_25"
"285",285,"ZMZM960","民生東路  敦化北路-復興北路",31.285715,3.7999997,49,1,121.54621504649,25.0577149568673,121.544143954275,25.0577500050787,2016-05-10,"14_25"
"286",286,"ZN5HV20","民生西　中山北(往東)",34.4,10,36,0,121.519722000221,25.0575220384742,121.522845004353,25.0578899846763,2016-05-10,"14_25"
"287",287,"ZN5HV60","民生西路  雙連站-中山北路",37.860466,9.8,47,0,121.525521993862,25.058043041147,121.522845004353,25.0578899846763,2016-05-10,"14_25"
"288",288,"ZN5IG20","民生東路  新生北路-林森北路",39.53125,13.2,64.5,0,121.522845004353,25.0578899846763,121.525521993862,25.058043041147,2016-05-10,"14_25"
"289",289,"ZN5IG60","民生東路  中山北路-林森北路",32.489796,6,49.5,0,121.527593974766,25.0580270277509,121.525521993862,25.058043041147,2016-05-10,"14_25"
"290",290,"ZN5IU20","民生東路  林森北路-新生北路",40.085365,5.9,85,0,121.525521993862,25.058043041147,121.527593974766,25.0580270277509,2016-05-10,"14_25"
"291",291,"ZN5JX20","民生東路  新生北路-松江路",28.964285,9.4,112.5,0,121.531547994803,25.0579399813517,121.53313299757,25.0579159728731,2016-05-10,"14_25"
"292",292,"ZN5JX60","民生東路  建國北路-松江路",46.7767,6.266667,117,0,121.536919039933,25.057858005413,121.53313299757,25.0579159728731,2016-05-10,"14_25"
"293",293,"ZN8PG20","民生東路  敦化北路-光復北路",41.705883,2.2,18,0,121.552123981625,25.0579729758179,121.555236965001,25.0582509892992,2016-05-10,"14_25"
"294",294,"ZN8PT60","民生東路  松江路-新生北路",39.52381,6,42,0,121.53313299757,25.0579159728731,121.530199965209,25.0579630368021,2016-05-10,"14_25"
"295",295,"ZN9PZ60","民生東路  三民路-光復北路",38.272728,15,65,0,121.560520980176,25.0586280119212,121.5582810095,25.0584920009933,2016-05-10,"14_25"
"296",296,"ZNCRE20","民生東路  光復北路-三民路",43.75926,13.4,59,0,121.560520980176,25.0586280119212,121.563407019984,25.0588610281959,2016-05-10,"14_25"
"297",297,"ZQDLJ20","民族東路  松江路-復興北路",44.386364,3.9,45.5,0,121.536280012836,25.0681609592538,121.541008015539,25.0680809705608,2016-05-10,"14_25"
"298",298,"ZQEIH20","民族東路  中山北路-新生北路",44.40777,7.5,103.5,0,121.522870035759,25.0684350355759,121.525754004841,25.068351994266,2016-05-10,"14_25"
"299",299,"ZQEIV20","民族東路  松江路-新生北路",48.046513,3,43,0,121.525754004841,25.068351994266,121.527845966731,25.0683090008077,2016-05-10,"14_25"
"300",300,"ZQEJF20","民族東路  新生北路-松江路",47.735294,4.8,68.5,0,121.527845966731,25.0683090008077,121.53046196583,25.0682630230775,2016-05-10,"14_25"
"301",301,"ZQEJY20","民族東路  復興北路-松江路",40.6875,6,65.5,0,121.53046196583,25.0682630230775,121.533306991068,25.0682079612344,2016-05-10,"14_25"
"302",302,"ZQFHC20","民族西路  中山北路-承德路",41.893616,3.8,47,0,121.51841003728,25.0684950038011,121.519570012124,25.0685090049757,2016-05-10,"14_25"
"303",303,"ZQFHV20","民族西路  承德路-中山北路",50.541668,4.9333334,124.5,0,121.519570012124,25.0685090049757,121.522870035759,25.0684350355759,2016-05-10,"14_25"
"304",304,"ZQFHV60","民族東路  新生北路-中山北路",47.833332,1.8,18,0,121.525754004841,25.068351994266,121.522870035759,25.0684350355759,2016-05-10,"14_25"
"305",305,"ZQGFY60","民族西路  承德路-環河北路",25.68421,14.8,42,1,121.515922954464,25.0685580163344,121.51373200123,25.0686110250405,2016-05-10,"14_25"
"306",306,"ZQGGJ20","民族西路  環河北路-承德路",42.243904,10,44.5,0,121.51373200123,25.0686110250405,121.515922954464,25.0685580163344,2016-05-10,"14_25"
"307",307,"ZNUNJ20","民權東路  復興北路-敦化北路",33.385826,7.4,127,0,121.547949042975,25.0618890047209,121.550771020132,25.0614809697749,2016-05-10,"14_25"
"308",308,"ZNUNJ60","民權東路 光復北路-敦化北路",61.41573,2.7333336,90.5,0,121.554579045723,25.0618819961467,121.550771020132,25.0614809697749,2016-05-10,"14_25"
"309",309,"ZNXPC20","民權東路  敦化北路-光復北路",47.095745,2.4666667,95,0,121.550771020132,25.0614809697749,121.554579045723,25.0618819961467,2016-05-10,"14_25"
"310",310,"ZNXPC60","民權東路  撫遠街-光復北路",54.991302,5.4,119,0,121.559160048094,25.0622719808216,121.554579045723,25.0618819961467,2016-05-10,"14_25"
"311",311,"ZNZM920","民權東路  建國北路-復興北路",44.138462,5.8,65.5,0,121.540832956369,25.0621860248392,121.544232992862,25.062200957326,2016-05-10,"14_25"
"312",312,"ZNZM960","民權東路  光復北路-敦化北路",46.760868,3.8,92.5,0,121.54665001827,25.0619299949912,121.544232992862,25.062200957326,2016-05-10,"14_25"
"313",313,"ZP5KR20","民權東路  松江路-建國北路",33.511364,13.3,97,0,121.533203037377,25.062466042796,121.537017999938,25.0623710424569,2016-05-10,"14_25"
"314",314,"ZP5KR60","民權東路  松江路-建國北路",58,0.25,6,0,121.540832956369,25.0621860248392,121.537017999938,25.0623710424569,2016-05-10,"14_25"
"315",315,"ZP5QG20","民權東路  光復北路-撫遠街",44.7479,4.5999994,119,0,121.559160048094,25.0622719808216,121.560171962386,25.0624119833773,2016-05-10,"14_25"
"316",316,"ZP6IG60","民權東路  中山北路-新生北路",58.151516,4.5,70,0,121.527752013645,25.0626210276048,121.525630951348,25.0626739621405,2016-05-10,"14_25"
"317",317,"ZP6IV60","民權東路  松江路-新生北路",44.02381,7.6,89.5,0,121.53029899333,25.0625490279007,121.527752013645,25.0626210276048,2016-05-10,"14_25"
"318",318,"ZP6JY20","民權東路  新生北路-松江路",48.266056,11.2,120.5,0,121.53029899333,25.0625490279007,121.533203037377,25.062466042796,2016-05-10,"14_25"
"319",319,"ZP6JY60","民權東路  建國北路-松江路",44.71698,17.5,119,0,121.537017999938,25.0623710424569,121.533203037377,25.062466042796,2016-05-10,"14_25"
"320",320,"ZP8GI20","民權西路        　大龍街(往東)",41.106384,3.9333332,96.5,0,121.516163984285,25.0598450024429,121.515958038642,25.0629250128546,2016-05-10,"14_25"
"321",321,"ZQEUU60","民權東路  瑞光路-撫遠街",50.379745,8.3,86,0,121.584317046042,25.0687650163875,121.582500003105,25.0682489842762,2016-05-10,"14_25"
"322",322,"ZQKVX60","民權東往西　成功路-瑞光路",57.692307,5.6,69.5,0,121.590899033537,25.0689469699906,121.5878369866,25.0690490446365,2016-05-10,"14_25"
"323",323,"ZQKWL20","民權東往東  瑞光路-成功路",57.25,1,8.5,0,121.5878369866,25.0690490446365,121.590899033537,25.0689469699906,2016-05-10,"14_25"
"324",324,"ZQKWL60","民權東路  民權隧道-成功路",32.3,5,42.5,1,121.578835034172,25.0561200135216,121.590899033537,25.0689469699906,2016-05-10,"14_25"
"325",325,"ZQUWI20","民權東路  成功路-民權隧道",53.773586,3.1,54,0,121.590899033537,25.0689469699906,121.595239042545,25.0685590338722,2016-05-10,"14_25"
"326",326,"ZKDTY20","永吉路    基隆路-松山路",37.52222,24,98.5,1,121.577000980946,25.0454469963599,121.57779395367,25.045417010901,2016-05-10,"14_25"
"327",327,"ZKESJ10","永吉路    松山路-基隆路",46.73016,9.6,65,0,121.569048972781,25.0445750447065,121.57034304881,25.0456269949513,2016-05-10,"14_25"
"328",328,"Z3UNW00","仰德大道三段    陽明山國小(往北)",44.7,11.4,59.5,0,121.548889955492,25.1106999832386,121.551666997229,25.1175510283918,2016-05-10,"14_25"
"329",329,"Z7HMH00","仰德大道四段　格致中學(往北)",38.16129,6.8,32,1,121.552832971224,25.1189279642201,121.545848991172,25.1338050273114,2016-05-10,"14_25"
"330",330,"ZXSLB20","仰德大道二段　2巷(嶺頭山莊)(往東)",47.60606,3.8,33,0,121.537158956528,25.1060750183634,121.539758042194,25.1018589858249,2016-05-10,"14_25"
"331",331,"ZHEPV00","光復南路 基隆路-信義路",40.095238,3.8,42,0,121.557395974638,25.0293889718943,121.557448026394,25.0321149827166,2016-05-10,"14_25"
"332",332,"ZHEPV40","舊宗路一段南京六行善(往北)",41.487804,1.8,58.5,0,121.557472029698,25.0330630202679,121.557448026394,25.0321149827166,2016-05-10,"14_25"
"333",333,"ZHKPV40","光復南路 仁愛路-信義路",29.0625,2,17,1,121.557521953655,25.0353829553836,121.557472029698,25.0330630202679,2016-05-10,"14_25"
"334",334,"ZIKPW00","仁愛路　光復南(往北)",31.9,6.875,36,0,121.557521953655,25.0353829553836,121.557582024175,25.0376670102663,2016-05-10,"14_25"
"335",335,"ZJFPW00","光復南路 仁愛路-忠孝東路",45.29032,3.0666668,95.5,0,121.557619023949,25.0393190063412,121.557657972539,25.0413139705787,2016-05-10,"14_25"
"336",336,"ZJFPW40","光復南路   市民大道-忠孝東路",28.950819,9,64.5,1,121.557817980928,25.0481839882944,121.557657972539,25.0413139705787,2016-05-10,"14_25"
"337",337,"ZKAPX00","光復南路  忠孝東路-市民大道",41.857143,1.8,21,0,121.557657972539,25.0413139705787,121.55778403127,25.045105009154,2016-05-10,"14_25"
"338",338,"ZKAPX40","光復南路  八德路-市民大道",35.2,15.3,119.5,1,121.557800985264,25.0466399849394,121.55778403127,25.045105009154,2016-05-10,"14_25"
"339",339,"ZKLPX00","光復南路  市民大道-八德路",38.363636,14,115.5,0,121.55778403127,25.045105009154,121.557800985264,25.0466399849394,2016-05-10,"14_25"
"340",340,"ZKWPX40","光復北路  南京東路-八德路",25.296297,11.5,55.5,1,121.557308017462,25.0515439744428,121.557817980928,25.0481839882944,2016-05-10,"14_25"
"341",341,"ZL7PX00","光復北路  八德路-南京東路",28.710526,11.2,82,1,121.557817980928,25.0481839882944,121.557842010172,25.0491139674837,2016-05-10,"14_25"
"342",342,"ZLNPU40","光復北路  健康路-南京東路",28.96923,12.2,66,0,121.556594046076,25.0536500051492,121.557308017462,25.0515439744428,2016-05-10,"14_25"
"343",343,"ZM7PP00","光復北路  南京東路-健康路",34.592594,5.5,27,0,121.557308017462,25.0515439744428,121.556594046076,25.0536500051492,2016-05-10,"14_25"
"344",344,"ZM7PP40","光復北路  民生東路-健康路",36.1875,7.4,35.5,0,121.555604029826,25.0562180368435,121.556594046076,25.0536500051492,2016-05-10,"14_25"
"345",345,"ZN8PG00","光復北路  健康路-民生東路",28.921568,15.6,56,0,121.555604029826,25.0562180368435,121.555236965001,25.0582509892992,2016-05-10,"14_25"
"346",346,"ZN8PG40","光復北路  民權東路-民生東路",37.382355,6.8,34,0,121.554579045723,25.0618819961467,121.555236965001,25.0582509892992,2016-05-10,"14_25"
"347",347,"ZNXPC00","光復北路  民生東路-民權東路",42.07143,7.8,43.5,0,121.555236965001,25.0582509892992,121.554579045723,25.0618819961467,2016-05-10,"14_25"
"348",348,"ZLAJE40","吉林路    南京東路-長安東路",39.96154,5,27,0,121.530049017891,25.0504970028238,121.530034960641,25.0496940059509,2016-05-10,"14_25"
"349",349,"ZLRJE00","吉林路    長安東路-南京東路",28,4,12,1,121.52960297329,25.048152016889,121.530084993618,25.0520410356862,2016-05-10,"14_25"
"350",350,"ZLRJE40","吉林路  民生東路-南京東路",36.58621,6.2,29,0,121.530112024283,25.0536480257702,121.530084993618,25.0520410356862,2016-05-10,"14_25"
"351",351,"ZMEJE00","吉林路    南京東路-民生東路",39.517242,5.8,29.5,0,121.530112024283,25.0536480257702,121.53013697346,25.0548400027191,2016-05-10,"14_25"
"352",352,"ZP6JF40","吉林路    民族東路-民生東路",32.095238,5.4,23,0,121.530367981607,25.0648059759803,121.53029899333,25.0625490279007,2016-05-10,"14_25"
"353",353,"ZPLJF00","吉林路    民生東路-民族東路",42.941177,3.2,17,0,121.53029899333,25.0625490279007,121.530367981607,25.0648059759803,2016-05-10,"14_25"
"354",354,"ZMDXF00","向陽路    忠孝西路-南港路",47,0.5,1,0,121.595162952223,25.0527879741906,121.594851975867,25.0541070376211,2016-05-10,"14_25"
"355",355,"ZMLXB00","向陽路    重陽路-新明路",64.8806,4.2,69,0,121.594905003222,25.0548470311376,121.594135048916,25.0555719922456,2016-05-10,"14_25"
"356",356,"ZFNNH40","安和路    樂利路-和平東路",40.31081,16.6,81.5,0,121.549828991591,25.0280270129986,121.550318964963,25.0244679550359,2016-05-10,"14_25"
"357",357,"ZGNNK40","安和路    信義路-樂利街",29.727272,7,23,0,121.551611046257,25.0297450439059,121.550794959106,25.0290159835927,2016-05-10,"14_25"
"358",358,"ZHLNV00","安和路    樂利街-信義路",34.541668,6,25.5,0,121.552432042233,25.0317009965039,121.552467960776,25.0331719873244,2016-05-10,"14_25"
"359",359,"ZHLNV40","安和路    仁愛路-信義路",21.866667,4.8,15,1,121.552527965838,25.035330014608,121.552467960776,25.0331719873244,2016-05-10,"14_25"
"360",360,"ZIMNN00","安和路    信義路-仁愛路",47.454544,2,11.5,0,121.552501995633,25.0361689992417,121.551775004519,25.0377789671945,2016-05-10,"14_25"
"361",361,"ZJGMT00","安和路    仁愛路-敦化南路",38,3,20,0,121.546144043555,25.0415559881941,121.54718403224,25.0415430434721,2016-05-10,"14_25"
"362",362,"ZQ6WK40","成功路    民權東路-南京東路",42.971153,9.7,110.5,0,121.590703951387,25.067539018744,121.590850032986,25.0628439710575,2016-05-10,"14_25"
"363",363,"ZQKWL00","成功路    南京東路-民權東路",41.569893,10.6,103,0,121.590518979189,25.0660680113132,121.590899033537,25.0689469699906,2016-05-10,"14_25"
"364",364,"ZQKWL40","成功路    民權東路-陽光街",36.115383,16.9,120,1,121.590448033929,25.0699599893922,121.590899033537,25.0689469699906,2016-05-10,"14_25"
"365",365,"ZJPEI60","成都路    中華路-康定路",32.35484,6.4,64,0,121.507587971462,25.042359975048,121.505934044635,25.0427360392706,2016-05-10,"14_25"
"366",366,"ZJUDT20","成都　　康定路(往東)",25,2.75,18,0,121.491488965562,25.0486350135639,121.502626999904,25.0435240419137,2016-05-10,"14_25"
"367",367,"ZWRLS20","至善路    福林路-故宮路",60.074074,8.083333,119,0,121.539927017509,25.0973710017973,121.542305981721,25.0971909722556,2016-05-10,"14_25"
"368",368,"ZWXMM60","至善路    至善路-故宮路",34.407406,5.8,28,0,121.550250990901,25.1002949696846,121.546524026218,25.0981420294763,2016-05-10,"14_25"
"369",369,"ZX9KL60","福林路    雨農路-至善路",60.680412,5.416667,104.5,0,121.539927017509,25.0973710017973,121.536465021284,25.0992169702622,2016-05-10,"14_25"
"370",370,"ZXWNW20","至善路    故宮路-至善路",39.35294,6.6,34.5,0,121.550250990901,25.1002949696846,121.552876962193,25.1022530355286,2016-05-10,"14_25"
"371",371,"ZZKPR20","至善路    至善路-中社路",47.45,2.6,20,0,121.557462985376,25.1076619562863,121.557154982438,25.1098199874148,2016-05-10,"14_25"
"372",372,"ZFWBS00","光復橋(往北)",50.02174,2.4,47,0,121.49086798313,25.0244600211102,121.492498025584,25.0258449627048,2016-05-10,"14_25"
"373",373,"ZGKCG40","西園路    和平西路-西藏路",27.773584,4.733333,56.5,0,121.49632003092,25.0301110424846,121.495630982185,25.0286869877743,2016-05-10,"14_25"
"374",374,"ZHZD800","西園路    西藏路-和平西路",33.114285,2.4666667,35,0,121.496789992364,25.0310400013737,121.499313966025,25.0352559817825,2016-05-10,"14_25"
"375",375,"ZJPEI40","西寧南路  峨嵋街-內江街",39.88889,1.6,27,0,121.506196015376,25.0436650415371,121.505934044635,25.0427360392706,2016-05-10,"14_25"
"376",376,"ZKJEP40","西寧北路  忠孝西路-峨嵋街",32.608696,3.375,23.5,0,121.507321980866,25.0475609785168,121.507029990711,25.0465419809687,2016-05-10,"14_25"
"377",377,"ZGKCG20","西藏路    艋舺大道-西園路",27,2.375,17,1,121.495352031791,25.0282639566907,121.495630982185,25.0286869877743,2016-05-10,"14_25"
"378",378,"ZGKCG60","西藏路    萬大路-西園路",55.060608,2.5,33.5,0,121.4991810355,25.0293430084573,121.495630982185,25.0286869877743,2016-05-10,"14_25"
"379",379,"ZGQDF20","西藏路    西園路-萬大路",45.351353,2.7,37.5,0,121.4991810355,25.0293430084573,121.500537976666,25.0293929749052,2016-05-10,"14_25"
"380",380,"ZGUEI60","西藏路    汀洲路-中華路",31,2.9,27.5,1,121.507211962894,25.0306430435373,121.504117977474,25.0299949685813,2016-05-10,"14_25"
"381",381,"ZGYER20","西藏路    中華路-汀州路",28.129032,5,32.5,1,121.504117977474,25.0299949685813,121.507211962894,25.0306430435373,2016-05-10,"14_25"
"382",382,"Z1CPB00","辛亥路    木新路-光輝路",39.333332,11.2,56,0,121.553863985992,24.979864968356,121.554027961826,24.9832139755255,2016-05-10,"14_25"
"383",383,"Z1CPB40","辛亥路    光輝路-木新路",43.17647,3.2,19.5,0,121.554193981955,24.9848290313096,121.554027961826,24.9832139755255,2016-05-10,"14_25"
"384",384,"Z1HPC00","辛亥路    光輝路-懷恩隧道",38,3.2,16,0,121.554027961826,24.9832139755255,121.554193981955,24.9848290313096,2016-05-10,"14_25"
"385",385,"Z1SNV00","辛亥路    懷恩隧道-光輝路",43.363636,7.4,44.5,0,121.554193981955,24.9848290313096,121.552345039233,24.9877980335106,2016-05-10,"14_25"
"386",386,"ZAGPE40","辛亥路    懷恩隧道-興隆路",57.42105,1.6,19.5,0,121.556817970959,25.0045190313385,121.554592045127,25.0008260047598,2016-05-10,"14_25"
"387",387,"ZB5PL00","辛亥路    興隆路-萬美街",46.339287,9,56,0,121.556817970959,25.0045190313385,121.558152990685,25.0060670412361,2016-05-10,"14_25"
"388",388,"ZB5PL40","辛亥路    萬美街-興隆路",37.785713,5.6,28,0,121.558541952787,25.0066609840938,121.558152990685,25.0060670412361,2016-05-10,"14_25"
"389",389,"ZB5PL60","辛亥路    辛亥隧道-萬美街",48.51351,5.8,37.5,0,121.558541952787,25.0066609840938,121.558152990685,25.0060670412361,2016-05-10,"14_25"
"390",390,"ZBQP700","辛亥路    萬美街-辛亥隧道",45,6.2,37,0,121.558152990685,25.0060670412361,121.558541952787,25.0066609840938,2016-05-10,"14_25"
"391",391,"ZDYN960","辛亥路    基隆路-辛亥隧道",55.595745,6.6,95,0,121.550875961883,25.018326973487,121.549057016913,25.0170070234282,2016-05-10,"14_25"
"392",392,"ZEFMN20","辛亥路    基隆路-復興南路",38.45946,9.2,78,0,121.543358978541,25.0212439864241,121.546649048669,25.0191459845886,2016-05-10,"14_25"
"393",393,"ZEFMN60","辛亥路    辛亥隧道-基隆路",42.677967,1.8,61.5,0,121.549057016913,25.0170070234282,121.546649048669,25.0191459845886,2016-05-10,"14_25"
"394",394,"ZEWM520","辛亥路    復興南路-建國南路",51.72043,7.799999,134,0,121.541079986254,25.0213150435746,121.543358978541,25.0212439864241,2016-05-10,"14_25"
"395",395,"ZEWM560","辛亥路    復興南路-基隆路",44.493507,7,80,0,121.546649048669,25.0191459845886,121.543358978541,25.0212439864241,2016-05-10,"14_25"
"396",396,"ZF9KB20","辛亥路    汀州路-建國南路",39.92857,2.625,21,0,121.531857969838,25.0218990356169,121.534426045252,25.0223860105166,2016-05-10,"14_25"
"397",397,"ZF9KB60","辛亥路    建國南路-汀州路",37.55,2.8666666,41.5,0,121.537576990046,25.0222670349586,121.534426045252,25.0223860105166,2016-05-10,"14_25"
"398",398,"ZF9KW60","辛亥路    復興南路-建國南路",49.068966,5.4166665,88,0,121.543358978541,25.0212439864241,121.537576990046,25.0222670349586,2016-05-10,"14_25"
"399",399,"ZEUPN60","和平東路  臥龍街-基隆路",36.173912,2.125,23,0,121.557560005957,25.0196380340218,121.556513993491,25.0205809639847,2016-05-10,"14_25"
"400",400,"ZEZPT20","和平東路  基隆路-臥龍街",31.653847,2.3,27,1,121.55464904923,25.0223849731817,121.555546993352,25.0215150147704,2016-05-10,"14_25"
"401",401,"ZFPMQ20","和平東路  復興南路-基隆路",52.76,3.9,56,0,121.543424023128,25.0248549855301,121.546683031722,25.0246709606404,2016-05-10,"14_25"
"402",402,"ZFQM660","和平東路  基隆路-復興南路",42.39316,11.5,125.5,0,121.546683031722,25.0246709606404,121.543424023128,25.0248549855301,2016-05-10,"14_25"
"403",403,"ZFTLH60","和平東路  復興南路-新生南路",44.759617,6.2,108,0,121.537671024771,25.0256339943513,121.538838961141,25.0254760168588,2016-05-10,"14_25"
"404",404,"ZFYKD20","和平西路  師大路-新生南路",49.85165,10.533334,201.5,0,121.533620018857,25.0261720409252,121.534867967877,25.0260230159196,2016-05-10,"14_25"
"405",405,"ZFZK620","和平東路  羅斯福路-師大路",41.8625,5.5333333,80.5,0,121.531599953592,25.0263149712506,121.533620018857,25.0261720409252,2016-05-10,"14_25"
"406",406,"ZG6J520","和平西路  新生南路-師大路",48.455883,8.266666,152.5,0,121.525913962462,25.0267859703791,121.528519039679,25.0265699870944,2016-05-10,"14_25"
"407",407,"ZG8IK60","和平西路  重慶南路-羅斯福路",47.666668,0.75,6,0,121.528519039679,25.0265699870944,121.525913962462,25.0267859703791,2016-05-10,"14_25"
"408",408,"ZG9HT60","和平東路  師大路-羅斯福路",47.853657,1.2,41,0,121.523912978148,25.0269469657233,121.522427026731,25.027032997263,2016-05-10,"14_25"
"409",409,"ZGBGJ60","和平西路  羅斯福路-重慶南路",41.011906,7.375,84,0,121.517986992022,25.0267239754063,121.515957978162,25.0272459956899,2016-05-10,"14_25"
"410",410,"ZGMFQ20","和平西路  南海路-重慶南路",44.3,3.5,40,0,121.509164048097,25.030545997559,121.512031024664,25.0290380232257,2016-05-10,"14_25"
"411",411,"ZGXF860","和平西路  重慶南路-南海路",44.775,1.8,40,0,121.512031024664,25.0290380232257,121.509164048097,25.030545997559,2016-05-10,"14_25"
"412",412,"ZH7EV20","莒光路    中華路-和平西路",45,0,2,0,121.505301004035,25.03340303799,121.507889043338,25.0312189821961,2016-05-10,"14_25"
"413",413,"ZHZC820","和平西路  中華路-水源路",46.370968,5.7,66,0,121.491524963513,25.0354639551665,121.494408993903,25.0354079836009,2016-05-10,"14_25"
"414",414,"ZHZDJ20","和平西路  環河南路-中華路",39.458332,2.9,27,0,121.499313966025,25.0352559817825,121.501225987764,25.0352050366073,2016-05-10,"14_25"
"415",415,"ZISCI20","華江橋(往東)",66.545456,1.4,12,0,121.49086798313,25.0244600211102,121.496048048653,25.0388149699351,2016-05-10,"14_25"
"416",416,"ZJCTT20","忠孝東路  松信路-松山路",41.444443,4,64.5,0,121.575325038745,25.0408320443226,121.576929974667,25.0407980148635,2016-05-10,"14_25"
"417",417,"ZJCTT60","忠孝東路  松山路-松信路",39.92683,8.916667,86,1,121.577831967601,25.0407769954083,121.576929974667,25.0407980148635,2016-05-10,"14_25"
"418",418,"ZJDST20","忠孝東路 松仁路-松信路",38.50794,4.3333335,64.5,0,121.570191965881,25.0409869811321,121.571935956922,25.0409349574797,2016-05-10,"14_25"
"419",419,"ZJERC20","忠孝東　基隆路(往東)",40.07595,8.8,87,1,121.562730957348,25.0411869587421,121.564464988337,25.041143998202,2016-05-10,"14_25"
"420",420,"ZJERC60","忠孝東路往西 松仁路-基隆路",44.387096,3.5333333,99,0,121.568686003029,25.0410379832092,121.564464988337,25.041143998202,2016-05-10,"14_25"
"421",421,"ZJES820","忠孝東路往東 基隆路-松仁路",40.911392,2.6666667,80.5,0,121.564464988337,25.041143998202,121.568686003029,25.0410379832092,2016-05-10,"14_25"
"422",422,"ZJFQQ60","忠孝東路  基隆路-逸仙路",39.513157,9.375,78,1,121.562730957348,25.0411869587421,121.561582048975,25.0412180286531,2016-05-10,"14_25"
"423",423,"ZJGNK60","忠孝四段170往西",49.062016,8.35,266,0,121.552971038,25.0414130111333,121.550770978706,25.0414659619593,2016-05-10,"14_25"
"424",424,"ZJGPC20","忠孝東路　延吉往東",46.608246,4.266667,105,0,121.552971038,25.0414130111333,121.554487045962,25.0413890343382,2016-05-10,"14_25"
"425",425,"ZJHKR20","忠孝東路  復興北路-建國南路",64.703705,1.5333334,54.5,0,121.532867951087,25.0422989956186,121.537077016111,25.0417060435019,2016-05-10,"14_25"
"426",426,"ZJHM720","忠孝東路  建國南路-復興北路",26.357466,25.8,232,1,121.541634979028,25.0416349682104,121.543765995297,25.0416090380889,2016-05-10,"14_25"
"427",427,"ZJHML20","忠孝東路  復興南路-大安路",51.16234,6.2666664,154,0,121.543765995297,25.0416090380889,121.546144043555,25.0415559881941,2016-05-10,"14_25"
"428",428,"ZJHML60","忠孝東路  敦化南路-大安路",46.949043,8.333334,158,0,121.54718403224,25.0415430434721,121.546144043555,25.0415559881941,2016-05-10,"14_25"
"429",429,"ZJLJW20","忠孝東路  新生北路-建國南路",70,0.5833333,9,0,121.529867965964,25.0431219811591,121.532867951087,25.0422989956186,2016-05-10,"14_25"
"430",430,"ZJQJI20","忠孝東路  建國南路-中山北路",45.70229,8.533333,139,0,121.529867965964,25.0431219811591,121.530730009031,25.0428839936556,2016-05-10,"14_25"
"431",431,"ZJTJ820","忠孝東路  杭州北路-中山北路",44.642044,8.2,176.5,0,121.526849011636,25.0439449738104,121.529006971227,25.0433510221623,2016-05-10,"14_25"
"432",432,"ZJXIQ20","忠孝東路  林森北路-杭州北路",54.761906,2.4666667,86.5,0,121.525107021695,25.0443669744632,121.526849011636,25.0439449738104,2016-05-10,"14_25"
"433",433,"ZK5IE20","忠孝東路  八德路-林森北路",45.468468,4,113.5,0,121.523344996927,25.044788032304,121.525107021695,25.0443669744632,2016-05-10,"14_25"
"434",434,"ZK8HY20","忠孝東路  館前路-林森北路",30.826666,7,157.5,0,121.521632042379,25.0451920145688,121.523344996927,25.044788032304,2016-05-10,"14_25"
"435",435,"ZKAHN20","忠孝東路  林森北路-館前路",41.65,11.333333,122.5,0,121.519582972501,25.0456320015231,121.521632042379,25.0451920145688,2016-05-10,"14_25"
"436",436,"ZKCUX20","忠孝東路  東新街-中坡南路",34.08108,6.8,75.5,1,121.581931038571,25.0441729612756,121.582718974582,25.0452810424302,2016-05-10,"14_25"
"437",437,"ZKLGD20","忠孝西路  中華路-館前路",43.824074,10.533334,110.5,0,121.511009976667,25.0479730195554,121.515008984925,25.0467950373473,2016-05-10,"14_25"
"438",438,"ZKVVH20","忠孝東路  中坡南路-東新街",52.31579,5.5,82,0,121.582718974582,25.0452810424302,121.585100032729,25.0479620345473,2016-05-10,"14_25"
"439",439,"ZKXET20","忠孝西路  環河北路-塔城街",41.633804,3.4,73,0,121.506503986656,25.0488909901789,121.507623047764,25.048616959465,2016-05-10,"14_25"
"440",440,"ZKXET60","忠孝西路  中華路-環河北路",43.881355,5.1,59.5,0,121.506758999056,25.0506060000321,121.507623047764,25.048616959465,2016-05-10,"14_25"
"441",441,"ZLEWS20","忠孝東路  東新街-向陽路",44.20253,6.3,82,0,121.589050998969,25.0492460032113,121.591322049175,25.0497339722126,2016-05-10,"14_25"
"442",442,"ZLEWS60","忠孝東路  向陽路-東新街",37.932434,8.6,78,0,121.575325038745,25.0408320443226,121.591322049175,25.0497339722126,2016-05-10,"14_25"
"443",443,"ZM64J20","忠孝東路  向陽路-研究院路",2,4.3,56.5,2,121.61261503992,25.0527349841585,121.615243008538,25.0530400109657,2016-05-10,"14_25"
"444",444,"ZM64J60","忠孝東路  研究院路-向陽路",68.454544,2.5,38,0,121.61629396121,25.053161955416,121.615243008538,25.0530400109657,2016-05-10,"14_25"
"445",445,"Z37JI40","忠誠路    天母東路-德行東路",49.050846,3.3333333,61.5,0,121.532934016338,25.1149020373679,121.531068977338,25.1124079749547,2016-05-10,"14_25"
"446",446,"Z4FKA00","忠誠路    德行東路-天母東路",47.322582,3.6,64.5,0,121.532934016338,25.1149020373679,121.53466299808,25.1180829630573,2016-05-10,"14_25"
"447",447,"ZYBIB60","忠誠路    忠義街-中山北路",50.941746,5.5333333,106.5,0,121.528898012559,25.1055090420039,121.52484602371,25.1040249679002,2016-05-10,"14_25"
"448",448,"ZYLJ600","忠誠路  中山北路-忠義街",44.05195,5.333333,85.5,0,121.52484602371,25.1040249679002,121.528898012559,25.1055090420039,2016-05-10,"14_25"
"449",449,"ZZAJE00","忠誠路  忠義街-德行東路",57.322582,4.2,93.5,0,121.528898012559,25.1055090420039,121.530318019165,25.1083749664506,2016-05-10,"14_25"
"450",450,"ZZAJE60","忠誠路    中山北路-忠義街",32.45,4.6,20.5,0,121.535907038271,25.1100249627925,121.530318019165,25.1083749664506,2016-05-10,"14_25"
"451",451,"Z3MER00","承德路    文林北路-吉利街",60.6,5.2000003,118,0,121.50923497412,25.1124480055163,121.507130965865,25.1143699686909,2016-05-10,"14_25"
"452",452,"Z4VDD40","承德路    文林北路-基河路",59.561646,4.05,147.5,0,121.51136898907,25.1105090269283,121.511873979864,25.105577986075,2016-05-10,"14_25"
"453",453,"ZLIGO40","承德路    南京西路-市民大道",48.016666,3.4666667,64.5,0,121.517691970298,25.0532490075265,121.517028000562,25.050877024964,2016-05-10,"14_25"
"454",454,"ZLYGU00","承德路    市民大道-南京西路",49.94,2.0833333,50,0,121.517028000562,25.050877024964,121.517691970298,25.0532490075265,2016-05-10,"14_25"
"455",455,"ZMQGX40","承德路    民生西路-南京西路",79.88461,0.9333334,28,0,121.51817497086,25.0573370422045,121.518144022001,25.0547379670373,2016-05-10,"14_25"
"456",456,"ZMWGW00","承德路    南京西路-民生西路",46.909092,3.1333332,69,0,121.518144022001,25.0547379670373,121.51817497086,25.0573370422045,2016-05-10,"14_25"
"457",457,"ZMWGW40","承德路民生西路往南",45.97619,2.9333332,87,0,121.518217038202,25.0601989750841,121.51817497086,25.0573370422045,2016-05-10,"14_25"
"458",458,"ZP8GX00","承德路    民生西路-民權西路",33.950497,7.8666663,111,0,121.518217038202,25.0601989750841,121.518278034,25.0628709805022,2016-05-10,"14_25"
"459",459,"ZP8GX40","承德路    民族西路-民權西路",0,83.333336,2547.5,2,121.518329979386,25.0658410329101,121.518278034,25.0628709805022,2016-05-10,"14_25"
"460",460,"ZQFGY00","承德路    民權西路-民族西路",0,11.666667,1400,2,121.518329979386,25.0658410329101,121.51841003728,25.0684950038011,2016-05-10,"14_25"
"461",461,"ZR8GZ40","承德路    劍潭路-民族西路",49.469696,4,67,0,121.519132992345,25.0730250139216,121.51860298358,25.0718979983684,2016-05-10,"14_25"
"462",462,"ZRTHD00","承德路    民族東路-劍潭路",47.17284,6.416667,82,0,121.519132992345,25.0730250139216,121.520142954438,25.075179002518,2016-05-10,"14_25"
"463",463,"ZV7GX00","承德路    中正路-劍潭路",41.81111,3.6000004,93,0,121.521558963159,25.0888150438412,121.518350989573,25.0897839795481,2016-05-10,"14_25"
"464",464,"ZVCGQ40","承德路    大業路-吉利街",52.044197,11,202.5,0,121.5014999737,25.1194989799831,121.503336993095,25.1178130018371,2016-05-10,"14_25"
"465",465,"ZVEGK00","承德路    劍潭路-中正路",47.733334,3.0666668,76,0,121.518350989573,25.0897839795481,121.516491996487,25.0910000387343,2016-05-10,"14_25"
"466",466,"ZVVGB40","承德路    基河路-中正路",40.76984,5,130,1,121.514055017166,25.0959740116679,121.515635003385,25.092103988547,2016-05-10,"14_25"
"467",467,"ZJQEB00","昆明街    成都路-忠孝西路",49,0.5,3,0,121.504532045206,25.041495018513,121.504825008811,25.0430019877903,2016-05-10,"14_25"
"468",468,"ZSEMV60","明水路    樂群一路-大直橋",53.0099,7.1,101,0,121.549573022597,25.0772759751444,121.547689985538,25.0774089666611,2016-05-10,"14_25"
"469",469,"ZSGLN60","明水路    大直橋-北安路",54.739132,3.4,23.5,0,121.544389033262,25.0773219827372,121.541635006388,25.0776029893899,2016-05-10,"14_25"
"470",470,"ZT9NN00","明水路    北安路-樂群一路",43.266666,5.5,48,0,121.552044033409,25.0799839674544,121.551448019389,25.0818549822257,2016-05-10,"14_25"
"471",471,"ZHFHV00","杭州南路  羅斯福路-愛國東路",38.651516,10.4,89,0,121.522002025786,25.0295359980159,121.522274983141,25.0308619897926,2016-05-10,"14_25"
"472",472,"ZI6I900","杭州南路  愛國東路-信義路",44.28169,4.2666664,74,0,121.52675898022,25.0342589664573,121.524326005961,25.035441042185,2016-05-10,"14_25"
"473",473,"ZIPIF00","杭州南路  信義路-仁愛路",37.706898,6.1,59.5,0,121.524326005961,25.035441042185,121.525200027068,25.0382819856299,2016-05-10,"14_25"
"474",474,"ZJGIK00","杭州南路  仁愛路-忠孝東路",40.629032,5.7,62,0,121.525743009547,25.0401489702973,121.52615501421,25.0415549907144,2016-05-10,"14_25"
"475",475,"ZIGHK40","信義路　林森南(往南)",36.576576,11.3,112,0,121.521595040537,25.0387639638472,121.521081991794,25.0370229803464,2016-05-10,"14_25"
"476",476,"ZJCHS40","林森南路  忠孝東路-仁愛路",53.544445,2.4,90,0,121.522650962936,25.0423980324317,121.522239033265,25.0410010298098,2016-05-10,"14_25"
"477",477,"ZJMHU00","林森南路  仁愛路-忠孝東路",35.81081,4.1,38,0,121.522239033265,25.0410010298098,121.522650962936,25.0423980324317,2016-05-10,"14_25"
"478",478,"ZK8HY40","林森北路  長安東路-忠孝東路",32.842106,3.25,19.5,0,121.523806986935,25.0463219909129,121.523344996927,25.044788032304,2016-05-10,"14_25"
"479",479,"ZKII640","林森北路  忠孝東路-長安東路",33.57143,1,7,0,121.524572008387,25.0491270245344,121.523806986935,25.0463219909129,2016-05-10,"14_25"
"480",480,"ZLRIF40","林森北路  長春路-長安東路",23.702703,25.8,90,1,121.525458978715,25.0549099825207,121.525377993726,25.0520939617721,2016-05-10,"14_25"
"481",481,"ZMFIG00","林森北路  長安東路-長春路",25.13889,1.2,42.5,0,121.525377993726,25.0520939617721,121.525458978715,25.0549099825207,2016-05-10,"14_25"
"482",482,"ZN5IG00","林森北路  長春路-民生東路",30.216217,9,38.5,0,121.525458978715,25.0549099825207,121.525521993862,25.058043041147,2016-05-10,"14_25"
"483",483,"ZNKIG00","林森北路  民生東路-民權東路",39.434784,23.2,102.5,0,121.525521993862,25.058043041147,121.52557102941,25.0602910365096,2016-05-10,"14_25"
"484",484,"ZNKIG40","林森北路  民權東路-民生東路",26.935484,4.4,31,1,121.525606990661,25.0616809601453,121.52557102941,25.0602910365096,2016-05-10,"14_25"
"485",485,"ZPYIH00","林森北路  民權東路-民族東路",33.289474,9.2,39.5,0,121.525690048067,25.0648859887343,121.525707967089,25.0666460353804,2016-05-10,"14_25"
"486",486,"ZMEJW40","松江路    民生東路-南京東路",35,3.4,53,0,121.53313299757,25.0579159728731,121.533070031058,25.0547930311624,2016-05-10,"14_25"
"487",487,"ZN5JX00","松江路    南京東路-民生東路",30.517857,9.6,70,0,121.533070031058,25.0547930311624,121.53313299757,25.0579159728731,2016-05-10,"14_25"
"488",488,"ZN5JX40","松江路  民權東路-民生東路",46.185184,7.5,98,0,121.533173047141,25.0602999587837,121.53313299757,25.0579159728731,2016-05-10,"14_25"
"489",489,"ZNLJX20","松江路    民生東路-民權東路",38.34694,10.333333,58.5,0,121.534847955769,25.0602940260267,121.533173047141,25.0602999587837,2016-05-10,"14_25"
"490",490,"ZP6JY40","松江路    民生東路-民權東路",47.824326,5.466666,85,0,121.533241968318,25.0647050407117,121.533203037377,25.062466042796,2016-05-10,"14_25"
"491",491,"ZQEJY00","松江路    民權東路-民族東路",37.11905,3.583333,43,0,121.537017999938,25.0623710424569,121.533306991068,25.0682079612344,2016-05-10,"14_25"
"492",492,"ZDYJC00","金山南路  愛國東路-信義路",44.416668,3,36.5,0,121.526847003873,25.0316669589232,121.527272972601,25.0340489558628,2016-05-10,"14_25"
"493",493,"ZDYJC40","金山南路  仁愛路-信義路",45.691357,6.2,81.5,0,121.528340969147,25.0382519822543,121.527272972601,25.0340489558628,2016-05-10,"14_25"
"494",494,"ZG8IK40","金山南路  愛國東路-和平東路",38.939392,8.3,68,0,121.526308995626,25.0288699736331,121.525913962462,25.0267859703791,2016-05-10,"14_25"
"495",495,"ZHAIQ00","金山南路  和平東路-愛國東路",40.7,4.1,50,0,121.526582976893,25.0301700427729,121.526847003873,25.0316669589232,2016-05-10,"14_25"
"496",496,"ZHAIQ40","金山南路  信義路-愛國東路",47.07143,3.2,56,0,121.527272972601,25.0340489558628,121.526847003873,25.0316669589232,2016-05-10,"14_25"
"497",497,"ZIXJ740","金山南路  忠孝東路-仁愛路",22,51.1,79.5,1,121.529195013205,25.0408220379251,121.528753043802,25.0394610024343,2016-05-10,"14_25"
"498",498,"ZJBJ900","金山南路  仁愛路-忠孝東路",41.15929,8.2,114,0,121.528753043802,25.0394610024343,121.529195013205,25.0408220379251,2016-05-10,"14_25"
"499",499,"ZSQYA00","金湖路    民權東路-康寧路",39.166668,3,24,0,121.60152301582,25.0745739629973,121.599591004498,25.078978040163,2016-05-10,"14_25"
"500",500,"ZKVJB60","長安東路  林森北路-新生北路",42.774193,12.25,64,0,121.5314569682,25.0484610170838,121.52960297329,25.048152016889,2016-05-10,"14_25"
"501",501,"ZL6IA60","長安東路  中山北路-林森北路",38.837208,9.8,45.5,0,121.528453029474,25.048237003662,121.524572008387,25.0491270245344,2016-05-10,"14_25"
"502",502,"ZLBHN20","長安西路  承德路-中山北路",35.97872,6,47,0,121.517028000562,25.050877024964,121.521621966763,25.0498139771949,2016-05-10,"14_25"
"503",503,"ZLBHN60","長安東路  林森北路-中山北路",36.575756,12,36.5,0,121.522839965486,25.0495300052462,121.521621966763,25.0498139771949,2016-05-10,"14_25"
"504",504,"ZLGGY60","長安西路  中山北路-承德路",42.074074,3.8,27.5,0,121.519977995024,25.0501899826042,121.518394001597,25.0506200193959,2016-05-10,"14_25"
"505",505,"ZLKGF40","長安西路  承德路-重慶北路",24.47619,9.75,42.5,0,121.516127982904,25.0536160251129,121.515453993572,25.0512350420078,2016-05-10,"14_25"
"506",506,"ZLMG620","長安西路  環河北路-重慶北路",24.8,2.8,15,1,121.511868965836,25.0520420013174,121.513928993666,25.0515830323019,2016-05-10,"14_25"
"507",507,"ZLTEQ40","長安西路  重慶北路-環河北路",31.615385,1.8,13,0,121.507476028548,25.0537090347304,121.507242000006,25.0524010319773,2016-05-10,"14_25"
"508",508,"ZMDL800","長春路    復興北路-建國北路",23.925926,12.4,54,0,121.539122001065,25.0561339717854,121.539075961259,25.0546719547361,2016-05-10,"14_25"
"509",509,"ZMDL820","長春路    新生北路-松江路",41.925,7.6,42,0,121.536845962901,25.0547340197055,121.539075961259,25.0546719547361,2016-05-10,"14_25"
"510",510,"ZMDLH20","長春路    建國北路-復興北路",36.5,13.6,58.5,0,121.539075961259,25.0546719547361,121.540503002328,25.0546399550223,2016-05-10,"14_25"
"511",511,"ZMEJE20","長春路    松江路-新生北路",32.32,6.6,27,0,121.527560028847,25.0548669637719,121.53013697346,25.0548400027191,2016-05-10,"14_25"
"512",512,"ZMEKD00","長春路    建國北路-松江路",40.590164,11.6,62.5,0,121.534792956807,25.0520060131358,121.534823975309,25.0547690306678,2016-05-10,"14_25"
"513",513,"ZMFHU60","長春路    新生北路-中山北路",62.633335,5.6,35,0,121.525458978715,25.0549099825207,121.522713974682,25.0549919835593,2016-05-10,"14_25"
"514",514,"ZMFIG20","長春路    中山北路-新生北路",26.309525,24.2,44.5,0,121.522713974682,25.0549919835593,121.525458978715,25.0549099825207,2016-05-10,"14_25"
"515",515,"ZGYS640","松仁路往南   信義路-松平路",47.695652,2.3,47,0,121.56829704186,25.0318759992408,121.568310021885,25.0304130431246,2016-05-10,"14_25"
"516",516,"ZI9S600","松仁路住北   信義路-松壽路",35.033333,8.266666,109,0,121.568291995067,25.0328239644553,121.568354969459,25.0358029814327,2016-05-10,"14_25"
"517",517,"ZI9S640","松仁路往南 松高路-松壽路",40.73729,4.4666667,121,0,121.568439012417,25.0390520357679,121.568354969459,25.0358029814327,2016-05-10,"14_25"
"518",518,"ZJES800","松仁路往北 松高路-忠孝東路",50.39394,1.6666667,67.5,0,121.570191965881,25.0409869811321,121.568686003029,25.0410379832092,2016-05-10,"14_25"
"519",519,"ZI9R760","松壽路   松智路-市府路",30.842857,4.6,72,0,121.565462026286,25.0358500395745,121.563529047497,25.0358840150263,2016-05-10,"14_25"
"520",520,"ZI9RI20","松壽路往東 市府路-松智路",29.042856,10,74.5,0,121.561339958224,25.0359290444265,121.565462026286,25.0358500395745,2016-05-10,"14_25"
"521",521,"ZI9RW20","松壽路   松智路-松仁路",26.844444,6,48,1,121.563529047497,25.0358840150263,121.567571981239,25.0358150020425,2016-05-10,"14_25"
"522",522,"ZIWR760","松高路往西   松仁路-市府路",24.829268,4.666667,43.5,1,121.565526037298,25.0390909572895,121.563604049021,25.0391340109023,2016-05-10,"14_25"
"523",523,"ZI9RI40","松智路往南 松高路-松壽路",35.555557,4.8,78.5,0,121.565526037298,25.0390909572895,121.565462026286,25.0358500395745,2016-05-10,"14_25"
"524",524,"ZIWRJ00","松智路往北   松高路-松壽路",39.24,3.6666667,56.5,0,121.565462026286,25.0358500395745,121.565526037298,25.0390909572895,2016-05-10,"14_25"
"525",525,"ZSM4D60","康湖路  康樂隧道住西",56.7,0.6875,9,0,121.62328997197,25.0782929587753,121.614297041317,25.0783040001469,2016-05-10,"14_25"
"526",526,"ZTEZS60","康湖路  成功隧道往西",61.25,0.9375,12,0,121.614297041317,25.0783040001469,121.606728971073,25.0815539591478,2016-05-10,"14_25"
"527",527,"ZM010A0","復北地下道往北",50.166668,1.4,18,0,121.543293010912,25.0526770071354,121.543604042915,25.0502569816267,2016-05-10,"14_25"
"528",528,"ZM210E0","復北地下道往南",62.23256,2.4,49,0,121.543685015519,25.0507070048541,121.543639996839,25.0478700113867,2016-05-10,"14_25"
"529",529,"ZHJRJ60","信義路往西 松仁路-松智路",43.962025,5.3,87,0,121.568291995067,25.0328239644553,121.565399005848,25.0328889864399,2016-05-10,"14_25"
"530",530,"ZHJS620","信義路   松智路-松仁路",40.214287,1.8,29,0,121.565399005848,25.0328889864399,121.568291995067,25.0328239644553,2016-05-10,"14_25"
"531",531,"ZHKPV60","信義路   光復南路-基隆路",16.357143,3.9333332,52.5,2,121.559572982138,25.0330190123501,121.557472029698,25.0330630202679,2016-05-10,"14_25"
"532",532,"ZHKQD60","信義路往西 松智路-基隆路",22.928572,12.2,29,0,121.561346000281,25.0329670051349,121.559572982138,25.0330190123501,2016-05-10,"14_25"
"533",533,"ZHKQP20","信義路   基隆路-松智路",40.704544,6.2,88,0,121.559572982138,25.0330190123501,121.561346000281,25.0329670051349,2016-05-10,"14_25"
"534",534,"ZHMML20","信義路四段  復興南路-大安路一段",39.954544,3.5,44,0,121.543589997887,25.0333580219207,121.545959009029,25.0333140381647,2016-05-10,"14_25"
"535",535,"ZHNJV20","信義路二段 金山南路一段-新生南路一段",30.928572,8.4,85,0,121.529966998193,25.0336970279168,121.532731042103,25.0335689678089,2016-05-10,"14_25"
"536",536,"ZIBHV20","信義路　紹興南(往東)",48.5,1.0666667,32,0,121.521081991794,25.0370229803464,121.522743967498,25.0362140038064,2016-05-10,"14_25"
"537",537,"ZIGHK20","信義路　林森南(往東)",36.833332,1.5333333,24,0,121.517742001752,25.0392739842801,121.521081991794,25.0370229803464,2016-05-10,"14_25"
"538",538,"ZLMR820","南京東　三民路(往東)",45.55,4.6,23,0,121.560826031736,25.0514589603378,121.563808990757,25.0514019858846,2016-05-10,"14_25"
"539",539,"ZLRHT61","南京東路二段 林森北路- 中山北路一段",18.943052,40.633335,112.25,1,121.525377993726,25.0520939617721,121.52257401473,25.0522299753826,2016-05-10,"14_25"
"540",540,"ZM6GJ00","南京西路  重慶北路-承德路",28.353659,10.6,82.5,0,121.515453993572,25.0512350420078,121.516127982904,25.0536160251129,2016-05-10,"14_25"
"541",541,"ZM7FI60","南京西路  西寧北路-重慶北路",45.166668,1.4,12,0,121.511757968972,25.0538570290277,121.511044004189,25.0538139857533,2016-05-10,"14_25"
"542",542,"ZM7FN60","南京西路  重慶北路-西寧北路",35.882355,2.8,17.5,0,121.514345042521,25.0540280223188,121.511757968972,25.0538570290277,2016-05-10,"14_25"
"543",543,"ZM9QH20","健康路    光復北路-三民路",48.17647,1.4,19.5,0,121.558071018075,25.0537710361299,121.560480029864,25.0539610333122,2016-05-10,"14_25"
"544",544,"ZMBWS20","南港路    東新街-向陽路",10.4,51.25,10.5,2,121.589773975213,25.0533690260495,121.591869039514,25.0540739950209,2016-05-10,"14_25"
"545",545,"ZMH3J60","南港路惠民街往西",39.90411,9.3,78.5,0,121.613222967702,25.055304999313,121.610307022877,25.0549559812064,2016-05-10,"14_25"
"546",546,"ZFVKW40","建國南路  和平東路-信義路",37.579712,5.7,69.5,0,121.537804008446,25.0334790135061,121.537671024771,25.0256339943513,2016-05-10,"14_25"
"547",547,"ZGLKW40","建國北路  忠孝東路-長安東路",16.352942,1.8,35,1,121.537804008446,25.0334790135061,121.537703955123,25.02875696332,2016-05-10,"14_25"
"548",548,"ZHMKW40","建國南路  信義路-和平東路",47.288887,1.8666666,45,0,121.537882966645,25.0380649934768,121.537804008446,25.0334790135061,2016-05-10,"14_25"
"549",549,"ZINKW00","建國南路  信義路-仁愛路",37.57143,2.5,8,0,121.537804008446,25.0334790135061,121.537882966645,25.0380649934768,2016-05-10,"14_25"
"550",550,"ZINKW40","建國南路  仁愛路-信義路",69.797295,1.5999999,80,0,121.537077016111,25.0417060435019,121.537882966645,25.0380649934768,2016-05-10,"14_25"
"551",551,"ZJ7KV40","建國南路  仁愛路-忠孝東路",34.213333,9.1,78,0,121.537077016111,25.0417060435019,121.537714045008,25.0401419725629,2016-05-10,"14_25"
"552",552,"ZJHKR40","建國南路  忠孝東路-仁愛路",39.329113,5.533334,79.5,0,121.53670903176,25.0483700001353,121.537077016111,25.0417060435019,2016-05-10,"14_25"
"553",553,"ZK7KP40","建國北路  長安東路-忠孝東路",21.414635,18,47.5,1,121.536660023401,25.0460589913958,121.536654952605,25.044894027352,2016-05-10,"14_25"
"554",554,"ZLAKQ20","建國北路  長安東路-南京東路",29.336634,7.466666,104,0,121.53670903176,25.0483700001353,121.536755027745,25.0496699659117,2016-05-10,"14_25"
"555",555,"ZLRKQ40","建國北路  南京東路-長安東路",40.785713,3.3,56.5,0,121.536845962901,25.0547340197055,121.536785012301,25.0519810422149,2016-05-10,"14_25"
"556",556,"ZMEKQ40","建國北路  民生東路-南京東路",37.04762,7,85,0,121.537017999938,25.0623710424569,121.536845962901,25.0547340197055,2016-05-10,"14_25"
"557",557,"ZN5KR40","建國北路  民權東路-民生東路",69.942856,1.625,35.5,0,121.536969049226,25.0602590163787,121.536919039933,25.057858005413,2016-05-10,"14_25"
"558",558,"ZNLKR60","建國北路  民生東路-民權東路",32.901962,9,103.5,0,121.536919039933,25.057858005413,121.536969049226,25.0602590163787,2016-05-10,"14_25"
"559",559,"ZP5KR40","建國北路  民權東路-民生東路",43.45652,3.1,48,0,121.533306991068,25.0682079612344,121.537017999938,25.0623710424569,2016-05-10,"14_25"
"560",560,"ZPLKP40","建國北路  民權東路-民族東路",43.39394,1.8,33.5,0,121.533306991068,25.0682079612344,121.536731988135,25.0648819646366,2016-05-10,"14_25"
"561",561,"ZDKJT00","思源街    永福橋-汀州路",62.57143,1.5,31,0,121.536298988058,25.0109500438487,121.532225011006,25.0150820419637,2016-05-10,"14_25"
"562",562,"Z0UVS20","指南路三段      永興橋(往東)",27,1,1,1,121.58002702861,24.9850200340848,121.586386007339,24.9764449627281,2016-05-10,"14_25"
"563",563,"Z1IUI20","指南路    木新路-三段",13.222222,60.6,18.5,2,121.575850016972,24.9876089936322,121.58002702861,24.9850200340848,2016-05-10,"14_25"
"564",564,"ZHM3N40","研究院路  四段-三段",18.25,8,8.5,1,121.613304013734,25.0338629974488,121.610802951982,25.0330880416036,2016-05-10,"14_25"
"565",565,"ZHX4E40","研究院路  舊莊路-研究院路",59,1,3,0,121.616912004968,25.0360509867224,121.614367956927,25.0346169553628,2016-05-10,"14_25"
"566",566,"ZJM4U00","研究院路  研究院路-舊莊路",33.636364,6.5,24,0,121.617002994333,25.0383530195968,121.616088990815,25.0438190201437,2016-05-10,"14_25"
"567",567,"ZJT4T00","胡適國小　研究(往北)",60.67857,2.625,30.5,0,121.620339975442,25.0398560094018,121.616924962474,25.0425240066233,2016-05-10,"14_25"
"568",568,"ZKE4M40","研究院路  忠孝東路-舊莊路",36.57143,2.6,21,0,121.615420955902,25.0469359943905,121.615421998675,25.045238998741,2016-05-10,"14_25"
"569",569,"ZKP4L00","研究院路  舊莊路-忠孝東路",32.85,4,20,0,121.616924962474,25.0425240066233,121.615420955902,25.0469359943905,2016-05-10,"14_25"
"570",570,"ZMZZC20","重陽路    向陽路-興華路",39.57895,1.8,19.5,0,121.604423028307,25.0576889819246,121.605365969207,25.0578289570684,2016-05-10,"14_25"
"571",571,"ZMZZC60","重陽路    三重路-興華路",65,3.4,28.5,0,121.606674957763,25.0580949967257,121.605365969207,25.0578289570684,2016-05-10,"14_25"
"572",572,"ZND3C20","重陽路    興華路-向陽路",70,4.2,42.5,0,121.606674957763,25.0580949967257,121.609147045383,25.0588249913166,2016-05-10,"14_25"
"573",573,"ZFDGP01","中正橋 還河東路-重慶路三段",52.962265,3.1,106,0,121.515554967994,25.0176109602662,121.516851988793,25.0230440039356,2016-05-10,"14_25"
"574",574,"ZFVGM00","中正橋(往北)",61.736843,1,38,0,121.516834996122,25.02388403899,121.516376978859,25.025673016978,2016-05-10,"14_25"
"575",575,"ZFVGM40","中正橋(往南)",42.468086,1.7,51,0,121.515957978162,25.0272459956899,121.516376978859,25.025673016978,2016-05-10,"14_25"
"576",576,"ZGBGJ40","重慶南路  寧波西路-和平西路",50.677418,3.8,65,0,121.515285034627,25.0297760208443,121.515957978162,25.0272459956899,2016-05-10,"14_25"
"577",577,"ZGSGF00","重慶南路  和平西路-寧波西路",45.293335,5.1,76.5,0,121.515957978162,25.0272459956899,121.515285034627,25.0297760208443,2016-05-10,"14_25"
"578",578,"ZHBGA40","重慶南路  愛國西路-南海路",47.22222,3.1,54,0,121.512464029297,25.0352839832108,121.514411951374,25.0318909909112,2016-05-10,"14_25"
"579",579,"ZHYFT00","重慶南路  南海路-愛國西路",50.288887,2,45,0,121.514411951374,25.0318909909112,121.512464029297,25.0352839832108,2016-05-10,"14_25"
"580",580,"ZHYFT40","重慶南路  凱達格蘭-愛國西路",43.88,3.2,50,0,121.512825007056,25.0387580163315,121.512464029297,25.0352839832108,2016-05-10,"14_25"
"581",581,"ZISFV00","重慶南路  愛國西路-凱達格蘭",46.55,2,40,0,121.512464029297,25.0352839832108,121.512825007056,25.0387580163315,2016-05-10,"14_25"
"582",582,"ZJLFX40","重慶南路  忠孝西路-貴陽街",35,5.6,34,0,121.513200976881,25.043423974533,121.513185975727,25.0422959656717,2016-05-10,"14_25"
"583",583,"ZJTFX00","重慶南路  凱達格蘭-忠孝西路",32.31579,4.9,38.5,0,121.513185975727,25.0422959656717,121.513200976881,25.043423974533,2016-05-10,"14_25"
"584",584,"ZLMG600","重慶北路  南京西路-忠孝西路",43.4,3.6,20,0,121.513657022645,25.0506269959056,121.513928993666,25.0515830323019,2016-05-10,"14_25"
"585",585,"ZM8GA00","重慶北路  忠孝西路-南京西路",42.5625,2.6,16,0,121.513928993666,25.0515830323019,121.514345042521,25.0540280223188,2016-05-10,"14_25"
"586",586,"ZNNFY00","重慶北路  民權西路-南京西路",41.469387,2.8,52,0,121.513642993311,25.0592219587576,121.513560982172,25.0607570152558,2016-05-10,"14_25"
"587",587,"ZP8FZ00","重慶北路  南京西路-民權西路",51.666668,2.8,73,0,121.513560982172,25.0607570152558,121.513579991329,25.0629869739192,2016-05-10,"14_25"
"588",588,"ZP8FZ40","重慶北路  民族西路-民權西路",43.185184,5.733333,85,0,121.513655977625,25.0646660225622,121.513579991329,25.0629869739192,2016-05-10,"14_25"
"589",589,"ZQGFY00","重慶北路  民權西路-民族西路",44.822582,3.1333332,63,0,121.513725959187,25.0672099803909,121.51373200123,25.0686110250405,2016-05-10,"14_25"
"590",590,"ZQGFY40","重慶北路　民族往南",51.398148,4.0666666,113.5,0,121.513739992576,25.0705030087528,121.51373200123,25.0686110250405,2016-05-10,"14_25"
"591",591,"ZT9FV00","重慶北路  酒泉街-後港街",34.68067,7.2666664,124.5,1,121.513790034659,25.0728989733292,121.513119963143,25.0810360205121,2016-05-10,"14_25"
"592",592,"ZTGFS00","重慶北路  後港街-中正路",41.56,10.000001,157.5,1,121.513119963143,25.0810360205121,121.511903039504,25.0839469842273,2016-05-10,"14_25"
"593",593,"ZN0A0E0","新生高   濟南-八德路",63.65934,6.2,98,0,121.529611986266,25.0417600146039,121.530451043206,25.0445199751198,2016-05-10,"14_25"
"594",594,"ZN0B0E0","新生高    八德路-長安東路",44.028572,5.5,70,0,121.530451043206,25.0445199751198,121.529929035464,25.0482229884047,2016-05-10,"14_25"
"595",595,"ZN0C0E0","新生高    長安東路-民生東路",61.721806,7.3,133,0,121.529929035464,25.0482229884047,121.527834991006,25.0580210253257,2016-05-10,"14_25"
"596",596,"ZN0D0E0","新生高    民生東路-民權東路",79,5.9,126.5,0,121.527834991006,25.0580210253257,121.527920015602,25.0626209720921,2016-05-10,"14_25"
"597",597,"ZN0E0E0","新生高    民權東路-民族東路",61.820312,6.8,128,0,121.527920015602,25.0626209720921,121.528063040076,25.0683780157201,2016-05-10,"14_25"
"598",598,"ZN0F0E0","新生高    民族東路-中山北路",36.33486,9.8,218,1,121.528063040076,25.0683780157201,121.526515048147,25.0744939685962,2016-05-10,"14_25"
"599",599,"ZN2B0E0","新生高    民族東路-常春路",60.32323,5.4,99,0,121.527500962848,25.0684099869996,121.527275983599,25.05486797244,2016-05-10,"14_25"
"600",600,"ZN2C0E0","新生高    常春路-長安東路",65.041664,2.2,96,0,121.527275983599,25.05486797244,121.529315048607,25.0481229795987,2016-05-10,"14_25"
"601",601,"ZN2D0E0","新生高    長安東路-八德路",50.67939,11.266666,262,0,121.529315048607,25.0481229795987,121.530055043211,25.0443380281949,2016-05-10,"14_25"
"602",602,"ZN2E0E0","新生高    八德路-濟南路",58.38356,4.4,73,0,121.530055043211,25.0443380281949,121.529345963312,25.0418200062659,2016-05-10,"14_25"
"603",603,"ZIME520","桂林路    康定路-中華路",38.935482,11.2,68.5,0,121.501794036448,25.0383079783981,121.503843963401,25.0379939957712,2016-05-10,"14_25"
"604",604,"ZIME560","桂林路    中華路-康定路",29.381819,11.2,82.5,0,121.505160971467,25.0377549740791,121.503843963401,25.0379939957712,2016-05-10,"14_25"
"605",605,"ZIQDB00","桂林路    環河南路-康定路",26.5,7.4,52.5,1,121.499359007,25.0366640361962,121.499801972417,25.0384510166092,2016-05-10,"14_25"
"606",606,"ZM7PP60","健康路    三民路-光復北路",45.916668,0.8,14.5,0,121.558071018075,25.0537710361299,121.556594046076,25.0536500051492,2016-05-10,"14_25"
"607",607,"ZM8PX60","健康路    塔悠路-三民路",50.907894,6.5,84,0,121.560480029864,25.0539610333122,121.558071018075,25.0537710361299,2016-05-10,"14_25"
"608",608,"ZMCSE20","健康路    三民路-塔悠路",56.059525,7.1,96,0,121.567261022773,25.0542959595979,121.569838992141,25.0544760409088,2016-05-10,"14_25"
"609",609,"ZRKQZ40","基湖路    堤頂大道-樂群一路",47.27778,3.5,18.5,0,121.56434000264,25.0786830098929,121.563198032993,25.0760600169591,2016-05-10,"14_25"
"610",610,"ZSPRA00","基湖路    樂群一路-堤頂大道",26.8,4.2,15.5,1,121.563198032993,25.0760600169591,121.56434000264,25.0786830098929,2016-05-10,"14_25"
"611",611,"ZSPRA40","基湖路    內湖路-堤頂大道",33.35484,7.4,64,0,121.565014032304,25.0808109638181,121.56434000264,25.0786830098929,2016-05-10,"14_25"
"612",612,"ZCNKM20","福和橋(往東)",37.369564,3.1,47,0,121.527191965573,25.0058279992405,121.536298988058,25.0109500438487,2016-05-10,"14_25"
"613",613,"ZEFMN40","基隆路    台科大-辛亥路",40.512196,4,42.5,1,121.548697955585,25.0209529930949,121.546649048669,25.0191459845886,2016-05-10,"14_25"
"614",614,"ZF9NH00","基隆路    和平東路-辛亥路",44.133335,1.9,60.5,0,121.548697955585,25.0209529930949,121.550270031923,25.0223379595141,2016-05-10,"14_25"
"615",615,"ZFMNV00","基隆路    辛亥路-樂業街",40.511112,3.8,91.5,0,121.550270031923,25.0223379595141,121.552538018027,25.024342990434,2016-05-10,"14_25"
"616",616,"ZG7PG50","基隆路   光復南路-和平東路",43.45714,8.2,110,0,121.556058975459,25.0274349782037,121.555025031734,25.0265179787745,2016-05-10,"14_25"
"617",617,"ZGTPW00","基隆路往北 和平-光復",42.136,9.4,126.5,0,121.557256035227,25.0291639754068,121.557395974638,25.0293889718943,2016-05-10,"14_25"
"618",618,"ZGTPW50","基隆路往南   信義路-光復南路",32.620758,11.033333,136.875,0,121.558972965305,25.0320100367059,121.557395974638,25.0293889718943,2016-05-10,"14_25"
"619",619,"ZI9QP10","基隆路   信義路-松壽路",16.027779,36.375,75.5,2,121.559572982138,25.0330190123501,121.561339958224,25.0359290444265,2016-05-10,"14_25"
"620",620,"ZI9QP12","基隆路地下道 松高路-忠孝東路",36.55263,2.7,38,0,121.559572982138,25.0330190123501,121.561339958224,25.0359290444265,2016-05-10,"14_25"
"621",621,"ZIKQU50","基隆路   忠孝東路-松高路",27.97015,20.4,67.5,1,121.564464988337,25.041143998202,121.562308045387,25.0375229893969,2016-05-10,"14_25"
"622",622,"ZJERC40","基隆路    松隆路-忠孝東路",34.055172,20.8,158,0,121.565833015229,25.0434050150789,121.564464988337,25.041143998202,2016-05-10,"14_25"
"623",623,"ZJERC50","基隆路地下道 松隆路-忠孝東路",58.9375,4.5,84,0,121.565833015229,25.0434050150789,121.564464988337,25.041143998202,2016-05-10,"14_25"
"624",624,"ZJERC51","基隆路地下道 忠孝東路-仁愛路",17.820513,70.125,39,2,121.565833015229,25.0434050150789,121.564464988337,25.041143998202,2016-05-10,"14_25"
"625",625,"ZJERC52","基隆路地下道 仁愛路-莊敬路",51.568626,8.3,102,0,121.565833015229,25.0434050150789,121.564464988337,25.041143998202,2016-05-10,"14_25"
"626",626,"ZJVRL10","基隆路地下道 忠孝東路-松隆路",40.032,9.7,126,0,121.564464988337,25.041143998202,121.565833015229,25.0434050150789,2016-05-10,"14_25"
"627",627,"ZJVRL11","基隆路地下道 莊敬路-仁愛路",33.226414,12.8,106.5,1,121.564464988337,25.041143998202,121.565833015229,25.0434050150789,2016-05-10,"14_25"
"628",628,"ZIDDL00","康定路    艋舺大道-桂林路",40.2,6.75,20.5,0,121.501225987764,25.0352050366073,121.501469028516,25.0365849766857,2016-05-10,"14_25"
"629",629,"ZH6CN60","莒光路    萬大路-西園路",57.75,0.33333334,4.5,0,121.499128048313,25.0311129696554,121.496789992364,25.0310400013737,2016-05-10,"14_25"
"630",630,"ZH6DG20","莒光路    西園路-萬大路",42.157894,2,19,0,121.499128048313,25.0311129696554,121.500584951897,25.0311530298818,2016-05-10,"14_25"
"631",631,"ZH6DG60","莒光路    中華路-萬大路",42.142857,0.6,7,0,121.502260029259,25.0312110268967,121.500584951897,25.0311530298818,2016-05-10,"14_25"
"632",632,"ZH7E720","莒光路    萬大路-中華路",37.125,2.6,17.5,0,121.502260029259,25.0312110268967,121.504123006686,25.0312500407107,2016-05-10,"14_25"
"633",633,"ZH7E760","莒光路    和平西路-中華路",48,1,2,0,121.506758960352,25.0312319580554,121.504123006686,25.0312500407107,2016-05-10,"14_25"
"634",634,"ZPMSV40","堤頂大道  舊宗路-民權東路",55.88288,2.8666666,111,0,121.574644036603,25.0689740335339,121.572434000748,25.0648929728907,2016-05-10,"14_25"
"635",635,"ZPMSV41","堤頂大道  港墘路-舊宗路",43.506493,7,77,1,121.574644036603,25.0689740335339,121.572434000748,25.0648929728907,2016-05-10,"14_25"
"636",636,"ZRPSV00","堤頂大道  舊宗路-港墘路",43.13592,9.333333,103.5,1,121.576456997579,25.0689400113753,121.573104990119,25.0727450219422,2016-05-10,"14_25"
"637",637,"ZRPSV01","堤頂大道  民權東路-高速公路",54.605713,5.2,175,0,121.576456997579,25.0689400113753,121.573104990119,25.0727450219422,2016-05-10,"14_25"
"638",638,"ZRRST60","港墘路    瑞光路-堤頂大道",31.183487,14.8,110,1,121.574925973856,25.0763489994483,121.572251018319,25.0745540072367,2016-05-10,"14_25"
"639",639,"ZSGRX60","堤頂大道  港墘路-樂群一路",40.663265,4.4,100.5,0,121.568615951823,25.0773579907238,121.569426041674,25.0788620194116,2016-05-10,"14_25"
"640",640,"ZSPRA20","堤頂大道  樂群二路-基湖路",53.444443,4.5,57.5,0,121.562681985922,25.0802690253066,121.56434000264,25.0786830098929,2016-05-10,"14_25"
"641",641,"ZSPRA60","堤頂大道  樂群一路-基湖路",50.08046,10.1,91.5,0,121.569426041674,25.0788620194116,121.56434000264,25.0786830098929,2016-05-10,"14_25"
"642",642,"ZT5QV00","堤頂大道  基湖路-樂群二路",49.953125,6,73,0,121.56434000264,25.0786830098929,121.559675991089,25.0798829786784,2016-05-10,"14_25"
"643",643,"ZTXQL00","堤頂大道  樂群二路-內湖路",55.485714,2.1,35,0,121.559675991089,25.0798829786784,121.560798025759,25.0844919629128,2016-05-10,"14_25"
"644",644,"ZEWM500","復興南路  和平東路-辛亥路",47.270832,4.3,51,0,121.546649048669,25.0191459845886,121.543358978541,25.0212439864241,2016-05-10,"14_25"
"645",645,"ZFQM600","復興南路  辛亥路-和平東路",43.025,3.7,41,0,121.543358978541,25.0212439864241,121.543424023128,25.0248549855301,2016-05-10,"14_25"
"646",646,"ZHLM800","復興南路  信義路-和平東路",32.50575,7.2,93,1,121.543450996578,25.0265249930903,121.543514975026,25.029802044624,2016-05-10,"14_25"
"647",647,"ZHMM600","復興南路  和平東路-信義路",40.133335,5.9333334,93.5,0,121.543514975026,25.029802044624,121.543589997887,25.0333580219207,2016-05-10,"14_25"
"648",648,"ZIAM700","復興南路  仁愛路-信義路",35.739132,5.7999997,70,0,121.543589997887,25.0333580219207,121.543641970198,25.0360669774207,2016-05-10,"14_25"
"649",649,"ZJHM700","復興南路  八德路-仁愛路",34.759037,6.7333336,90,0,121.543679972316,25.0379439557612,121.543765995297,25.0416090380889,2016-05-10,"14_25"
"650",650,"ZK8M700","復興南路  仁愛路-八德路",44.253334,4.9333334,78.5,0,121.543765995297,25.0416090380889,121.543858974563,25.0448049947736,2016-05-10,"14_25"
"651",651,"ZLZM900","復興北路  民生東路-八德路",43.957893,5.6000004,98.5,0,121.543979964999,25.0498779617246,121.544039016678,25.0518279865621,2016-05-10,"14_25"
"652",652,"ZMQMV00","復興北路  長安東路-民生東路",39.988766,6.7333336,99,0,121.544039016678,25.0518279865621,121.544080009502,25.0545359821337,2016-05-10,"14_25"
"653",653,"ZMZM900","復興北路  民族東路-民生東路",43.5,4.733333,104.5,0,121.544127005921,25.0560889961357,121.544143954275,25.0577500050787,2016-05-10,"14_25"
"654",654,"ZPWMA00","復興北路  復興北路479巷-民族東路",31.95,7.6666665,21,1,121.544261967908,25.0642500363121,121.544311026851,25.0663800226034,2016-05-10,"14_25"
"655",655,"ZFNN700","敦化南路  和平東路-基隆路",40.96923,4.875,65.5,0,121.548697955585,25.0209529930949,121.54872397733,25.0245550136163,2016-05-10,"14_25"
"656",656,"ZG8N700","敦化南路  基隆路-和平東路",28.9375,8.625,67,1,121.54872397733,25.0245550136163,121.548777018159,25.0299090120621,2016-05-10,"14_25"
"657",657,"ZGHN840","敦化南路  信義路-和平東路",27.465754,6.7,73,1,121.548772023306,25.0309469886371,121.548750040726,25.0281210101874,2016-05-10,"14_25"
"658",658,"ZHLN700","敦化南路  和平東路-信義路",27.580645,7.375,62.5,1,121.548772023306,25.0309469886371,121.548801983011,25.0332490373958,2016-05-10,"14_25"
"659",659,"ZHLN740","敦化南路  仁愛路-信義路",43.61111,7.6666665,50.5,0,121.548832990746,25.0378350028179,121.548801983011,25.0332490373958,2016-05-10,"14_25"
"660",660,"ZI6NV00","敦化南路  信義路-仁愛路",48.7551,5.8,71,0,121.548801983011,25.0332490373958,121.548841029422,25.0353880048891,2016-05-10,"14_25"
"661",661,"ZIMN840","敦化南路  忠孝東路-仁愛路",49.133335,4.5,46,0,121.548869022134,25.0414999940247,121.548832990746,25.0378350028179,2016-05-10,"14_25"
"662",662,"ZJGN700","敦化南路  仁愛路-忠孝東路",49.604652,3.9,45,0,121.548832990746,25.0378350028179,121.548869022134,25.0414999940247,2016-05-10,"14_25"
"663",663,"ZJGN740","敦化南路  市民大道-忠孝東路",53.564518,4.3,63.5,0,121.548813990848,25.0425840163909,121.548869022134,25.0414999940247,2016-05-10,"14_25"
"664",664,"ZJGPQ00","敦化南路  忠孝東路-市民大道",48.017857,6.3,64.5,0,121.548869022134,25.0414999940247,121.548883040402,25.0448050256844,2016-05-10,"14_25"
"665",665,"ZKWN800","敦化南路  市民大道-南京東路",55.74,4.25,50,0,121.548813990848,25.0425840163909,121.548917990989,25.0481810293354,2016-05-10,"14_25"
"666",666,"ZLPN800","敦化北路  南京東路-民生東路",53,31.1,295.5,0,121.548917990989,25.0481810293354,121.548953968455,25.0517199839821,2016-05-10,"14_25"
"667",667,"ZLPN840","敦化北路　南京往南",62.375,0.5,8,0,121.548975960019,25.054409990941,121.548953968455,25.0517199839821,2016-05-10,"14_25"
"668",668,"ZMYN840","敦化北路　民生往南",40.25,1.2,12.5,0,121.550771020132,25.0614809697749,121.549010024689,25.0576959838419,2016-05-10,"14_25"
"669",669,"ZNUNJ00","敦化北路  民生東路-民權東路",44.53846,1.9,41.5,0,121.549010024689,25.0576959838419,121.550771020132,25.0614809697749,2016-05-10,"14_25"
"670",670,"ZRRST40","堤頂大道  樂群一路-港墘路",48.260418,5.2,96.5,0,121.568615951823,25.0773579907238,121.572251018319,25.0745540072367,2016-05-10,"14_25"
"671",671,"ZS9TE00","港墘路    堤頂大道-瑞光路",27.093023,10.2,44.5,1,121.572251018319,25.0745540072367,121.574925973856,25.0763489994483,2016-05-10,"14_25"
"672",672,"ZSKTL00","港墘路    瑞光路-內湖路",53.586666,7.1,79,0,121.574925973856,25.0763489994483,121.576463957465,25.0787899816642,2016-05-10,"14_25"
"673",673,"ZN7ST40","塔悠路    民生東路-南京東路",39.076923,4.866667,68,0,121.569336036624,25.0573130410427,121.569219980236,25.0579359682357,2016-05-10,"14_25"
"674",674,"ZPDS600","塔悠路    民生東路-民權東路",57.192307,2.3,53,0,121.568987952517,25.0592009613265,121.568254989216,25.0635370375905,2016-05-10,"14_25"
"675",675,"ZHWGD60","愛國東路  杭州南路-中山南路",44.11321,3.6,55.5,0,121.518562980948,25.0341250146345,121.516464971111,25.0348820142513,2016-05-10,"14_25"
"676",676,"ZDTJW60","新生南路 辛亥路-羅斯福路",44.990475,7.4,124.5,0,121.533757971868,25.0191209592005,121.532676048938,25.0163530294391,2016-05-10,"14_25"
"677",677,"ZF9KB00","新生南路  羅斯福路-辛亥路",42.697674,6.2666664,102.5,0,121.534021047706,25.0203840395118,121.534426045252,25.0223860105166,2016-05-10,"14_25"
"678",678,"ZF9KB40","新生南路  和平東路-辛亥路",40.310345,2.7500002,33,0,121.534621959602,25.0239930302186,121.534426045252,25.0223860105166,2016-05-10,"14_25"
"679",679,"ZFYKD00","新生南路  和平東路-信義路",52.24,1.4,25,0,121.534621959602,25.0239930302186,121.534867967877,25.0260230159196,2016-05-10,"14_25"
"680",680,"ZFYKD40","新生南路  信義路-和平東路",43.729507,6.15,140.5,0,121.534501041606,25.0282630326504,121.534867967877,25.0260230159196,2016-05-10,"14_25"
"681",681,"ZHNJV00","新生南路  和平東路-信義路",57.041237,3.95,112,0,121.533668995557,25.0306229867882,121.532731042103,25.0335689678089,2016-05-10,"14_25"
"682",682,"ZHNJV40","新生南路  仁愛路-信義路",50.612904,1.3333333,62,0,121.532745998436,25.0370089766945,121.532731042103,25.0335689678089,2016-05-10,"14_25"
"683",683,"ZINJW00","新生南路  信義路-仁愛路",52.775864,1.4,58,0,121.532745998436,25.0370089766945,121.53278995384,25.0381459966656,2016-05-10,"14_25"
"684",684,"ZJWJ700","濟南路　新生南(往北)",46.90625,1.5,33.5,0,121.53278995384,25.0381459966656,121.532799029026,25.0401319618055,2016-05-10,"14_25"
"685",685,"ZJWJ740","濟南路　新生南(往南)",42.76923,4,40.5,0,121.532867951087,25.0422989956186,121.532799029026,25.0401319618055,2016-05-10,"14_25"
"686",686,"Z1TT960","新光路    秀明路-指南路",28.8,2,15.5,0,121.57369500163,24.9908399886069,121.573683016811,24.9880870052629,2016-05-10,"14_25"
"687",687,"Z2AT940","新光路    動物園-秀明路",49.307693,1.2,14,0,121.574766985995,24.991260984932,121.573668989484,24.9916169569256,2016-05-10,"14_25"
"688",688,"Z2RTQ20","新光路    秀明路-動物園",45.68421,2.75,22.5,0,121.573668989484,24.9916169569256,121.576326038864,24.9963739744138,2016-05-10,"14_25"
"689",689,"Z2WUA20","新光路    動物園-木柵路",48.5625,1.6,24,0,121.57731999534,24.9970019967358,121.578691028804,24.9978269832943,2016-05-10,"14_25"
"690",690,"Z2ZUI60","新光路    木柵路-動物園",44.5,1.8,20,0,121.556305979647,24.9833049682009,121.580062038462,24.9986430191561,2016-05-10,"14_25"
"691",691,"ZRGUF00","瑞光路    民權東路-陽光街",25.425926,8.6,54,1,121.583348953413,25.0696270248052,121.580784016705,25.0721549896682,2016-05-10,"14_25"
"692",692,"ZRLUA20","瑞光路    港墘路-陽光街",24.40351,19.6,59,0,121.575419950873,25.076058008818,121.579185993159,25.0737239793243,2016-05-10,"14_25"
"693",693,"ZS6TI00","瑞光路    陽光街-港墘路",31.267857,15.6,59,0,121.576941978354,25.0751140015776,121.575419950873,25.076058008818,2016-05-10,"14_25"
"694",694,"ZS9TE20","瑞光路    基湖路-港墘路",30.580645,17.2,65.5,1,121.572759036003,25.0773240048015,121.574925973856,25.0763489994483,2016-05-10,"14_25"
"695",695,"ZSNRE00","瑞光路    港墘路-基湖路",32.157894,9,40,0,121.572759036003,25.0773240048015,121.567487043713,25.079736043713,2016-05-10,"14_25"
"696",696,"ZGQDF40","萬大路    莒光路-西藏路",26.384615,7.6,27,1,121.500521983662,25.0302869935773,121.500537976666,25.0293929749052,2016-05-10,"14_25"
"697",697,"ZH6DG00","萬大路    西藏路-莒光路",31.714285,5.4,22.5,0,121.500521983662,25.0302869935773,121.500584951897,25.0311530298818,2016-05-10,"14_25"
"698",698,"ZWLJQ20","中正路    文林路-雨農路",46.632076,8.7,108.5,0,121.527914004661,25.0957539877762,121.532081004957,25.0965149679756,2016-05-10,"14_25"
"699",699,"ZWLJQ60","福林路    至善路-雨農路",45.36111,2.7,37.5,0,121.536465021284,25.0992169702622,121.532081004957,25.0965149679756,2016-05-10,"14_25"
"700",700,"ZX9KL00","福林路  雨農路-至善路",28.8,10,71.5,0,121.532081004957,25.0965149679756,121.536465021284,25.0992169702622,2016-05-10,"14_25"
"701",701,"ZGBBW60","艋舺大道  西園路-西藏路",37.66265,5.666667,87,0,121.491412989636,25.0320320121273,121.493567010528,25.0304360140662,2016-05-10,"14_25"
"702",702,"ZH9H820","艋舺大道  西藏路-西園路",39.28125,5.1333337,96.5,0,121.517577958089,25.0307160052516,121.519077965172,25.0316040148366,2016-05-10,"14_25"
"703",703,"ZHPEB20","艋舺大道  西園路-和平西路",62.63158,1.375,19,0,121.502278002316,25.0331429837056,121.504857003723,25.0337749705175,2016-05-10,"14_25"
"704",704,"ZZLKH60","德行東路  忠誠路-東山路",30.321428,6.8,29,0,121.537643994892,25.1102899663973,121.535907038271,25.1100249627925,2016-05-10,"14_25"
"705",705,"ZRKQZ20","樂群一路  敬業三路-堤頂大道",47.390244,5.75,41,0,121.556333008992,25.0770699600733,121.563198032993,25.0760600169591,2016-05-10,"14_25"
"706",706,"ZSDPM60","樂群一路  堤頂大道-敬業三路",58.764706,2,17,0,121.563198032993,25.0760600169591,121.556333008992,25.0770699600733,2016-05-10,"14_25"
"707",707,"Z1NQM40","興隆路    木柵路-木新路",57.894737,2.4,20,0,121.56015395749,24.9887250125052,121.560907970987,24.9866280101785,2016-05-10,"14_25"
"708",708,"Z1VQH00","興隆路    木新路-木柵路",69.111115,1.2,18,0,121.560907970987,24.9866280101785,121.56015395749,24.9887250125052,2016-05-10,"14_25"
"709",709,"ZKLLH40","龍江路    南京東路-八德路",35.39394,11.6,33.5,0,121.540416005287,25.0482930031654,121.540507984494,25.0467130279066,2016-05-10,"14_25"
"710",710,"ZLQLI00","龍江路    八德路-南京東路",32.916668,8.4,24,0,121.540416005287,25.0482930031654,121.540450964514,25.0519040106691,2016-05-10,"14_25"
"711",711,"ZLQLI40","龍江路    民生東路-南京東路",22.060606,7.2,34,1,121.540503002328,25.0546399550223,121.540450964514,25.0519040106691,2016-05-10,"14_25"
"712",712,"ZMZLI00","龍江路    南京東路-民生東路",35.23077,5.2,39,0,121.540548959927,25.0561019717132,121.540695002758,25.057808013133,2016-05-10,"14_25"
"713",713,"ZNZLJ40","龍江路    民族東路-民權東路",35.098038,12,53.5,0,121.540932009273,25.064270962134,121.540832956369,25.0621860248392,2016-05-10,"14_25"
"714",714,"ZQDLJ00","龍江路    民權東路-民族東路",37.4375,3.4,17.5,0,121.540968999086,25.0659680093312,121.541008015539,25.0680809705608,2016-05-10,"14_25"
"715",715,"ZJBJ960","濟南路    新生南路-杭州南路",30.923077,4,52,0,121.532799029026,25.0401319618055,121.529195013205,25.0408220379251,2016-05-10,"14_25"
"716",716,"ZJJIA20","濟南路    中山北路-杭州南路",24.9375,10.2,33.5,1,121.522650962936,25.0423980324317,121.524412994634,25.0419860111556,2016-05-10,"14_25"
"717",717,"ZJMHU60","濟南路    杭州南路-中山南路",42,4.25,18.5,0,121.524412994634,25.0419860111556,121.522650962936,25.0423980324317,2016-05-10,"14_25"
"718",718,"ZJWJ720","濟南路    杭州南路-新生南路",24,3.6,38,1,121.529195013205,25.0408220379251,121.532799029026,25.0401319618055,2016-05-10,"14_25"
"719",719,"ZHPBV00","環河南路  雙園街-和平西路",43,2.8,18.5,0,121.492139966366,25.0328610069458,121.493064999479,25.0338780288592,2016-05-10,"14_25"
"720",720,"ZQGF700","環河北路  民權西路-民族西路",43.367817,10.533333,178,0,121.508455007197,25.0604770203252,121.509152959755,25.0686990238915,2016-05-10,"14_25"
"721",721,"ZR9F600","環河北路  民族西路-敦煌路",67.70149,1.7333332,68,0,121.509152959755,25.0686990238915,121.509138014824,25.0721570054014,2016-05-10,"14_25"
"722",722,"ZU8EF00","環河北路  敦煌路-葫蘆街",43.319767,8.466666,173,0,121.508831954395,25.0750200412149,121.505624988292,25.0856570244771,2016-05-10,"14_25"
"723",723,"ZU8EF40","環河北路  葫蘆街-敦煌路",60.581562,3.8,141.5,1,121.544695970665,24.9963479680919,121.505624988292,25.0856570244771,2016-05-10,"14_25"
"724",724,"Z1XLD00","羅斯福六段　　338巷(往北)",54.045456,7.466667,110,0,121.539627994258,24.9884039846149,121.539593023896,24.9893789696449,2016-05-10,"14_25"
"725",725,"Z2WKS40","羅斯福路  興隆路-景隆街",39.87963,10.666666,122,0,121.539572010853,25.0004930345653,121.539924954984,24.9996249638555,2016-05-10,"14_25"
"726",726,"ZB9L800","羅斯福路  景隆街-興隆路",33.588234,7.8,107,0,121.538875976488,25.0021749689403,121.538777027579,25.0043600422202,2016-05-10,"14_25"
"727",727,"ZCPKT00","基隆路    羅斯福路-台科大",39.032787,6.7,66.5,0,121.538218048803,25.0079910080027,121.537151963996,25.0111190411723,2016-05-10,"14_25"
"728",728,"ZCPKT40","羅斯福路  新生南路-舟山路",40.51351,9.133333,133.5,0,121.615421998675,25.045238998741,121.537151963996,25.0111190411723,2016-05-10,"14_25"
"729",729,"ZDTJW00","羅斯福路  舟山路-新生南路",38.076923,4.666667,72.5,0,121.615421998675,25.045238998741,121.532676048938,25.0163530294391,2016-05-10,"14_25"
"730",730,"ZELJA00","羅斯福路  新生南路-辛亥路",48.328766,3.6666665,77,0,121.530653955262,25.0182920047246,121.529263036135,25.0196959585062,2016-05-10,"14_25"
"731",731,"ZEVIV40","羅斯福路  和平東路-辛亥路",44.121212,6,106,0,121.526321019366,25.0222799558399,121.528019016897,25.0208199577727,2016-05-10,"14_25"
"732",732,"ZG9HT00","羅斯福路  辛亥路-和平東路",44.435642,6.3333335,106.5,0,121.524447024164,25.0243270217011,121.522427026731,25.027032997263,2016-05-10,"14_25"
"733",733,"ZG9HT40","羅斯福路  愛國西路-和平東路",40.43925,8.2,117,0,121.521698026325,25.0280380386735,121.522427026731,25.027032997263,2016-05-10,"14_25"
"734",734,"ZGTHG00","羅斯福路  和平東路-愛國東路",41.565216,4.0666666,70,0,121.521698026325,25.0280380386735,121.520388040963,25.0298390434143,2016-05-10,"14_25"
"735",735,"Z1VJK40","環河路   二號疏散門-秀朗大橋(往南)",66.554344,6.666667,184.5,0,121.535720023976,24.9956970399229,121.530923048693,24.9888780366807,2016-05-10,"14_25"
"736",736,"Z2ASP40","木柵路    萬芳路-秀明路",48,4,39.5,0,121.571743015186,24.9948559781927,121.571124042016,24.9916540118031,2016-05-10,"14_25"
"737",737,"Z2XTE40","木柵路    北二高-萬芳路",61,1.6,21.5,0,121.575677996718,24.9995900320669,121.574570982811,24.9981499979952,2016-05-10,"14_25"
"738",738,"Z56BU20","大度路    模構溪-貴子坑溪",45.5,1.5,33,0,121.471406959474,25.122847008826,121.486079991891,25.121852037788,2016-05-10,"14_25"
"739",739,"Z56BU21","大度路    立德路-模構溪",55.097828,4,194.5,0,121.471406959474,25.122847008826,121.486079991891,25.121852037788,2016-05-10,"14_25"
"740",740,"Z9FLB00","陽金公路　　　第二停車場-竹子湖派出所",51.636364,1.6,11,0,121.545945950784,25.1554710113384,121.540059043383,25.1702439582841,2016-05-10,"14_25"
"741",741,"Z9IJV70","竹子湖路 玉瀧谷入口-中正山岔路口",45.454544,1.8,11,0,121.535294977421,25.1693950335072,121.53325598564,25.1774710062518,2016-05-10,"14_25"
"742",742,"ZAAPB40","辛亥路    興隆路-懷恩隧道",42.02439,4.4,41,0,121.554592045127,25.0008260047598,121.554082978219,24.9998619843972,2016-05-10,"14_25"
"743",743,"ZCCKW00","羅斯福路五段 興隆路一段-汀洲路四段",46.976048,6.65,177,0,121.538777027579,25.0043600422202,121.538218048803,25.0079910080027,2016-05-10,"14_25"
"744",744,"ZD9JF40","思源街    汀州路-永福橋",60.448277,3,30,0,121.532225011006,25.0150820419637,121.530037960063,25.013373970355,2016-05-10,"14_25"
"745",745,"ZDTJT00","水源快 永春300巷-水源33巷",62.18182,3,44.5,0,121.525982952687,25.0150499941485,121.523984392375,25.0181323884863,2016-05-10,"14_25"
"746",746,"ZE7GH40","水源快 泉州街-中正橋",50.235294,2,17,0,121.512337036562,25.024008036655,121.515554967994,25.0176109602662,2016-05-10,"14_25"
"747",747,"ZEGCQ40","華中橋(往南)",36.19643,3.9,60.5,0,121.497297962507,25.0193920120634,121.495672046971,25.0167069648863,2016-05-10,"14_25"
"748",748,"ZGIA660","萬板橋入城",46.192307,1.4,26,0,121.491765969925,25.0287539942334,121.48351202909,25.0284549768819,2016-05-10,"14_25"
"749",749,"ZGKBM20","萬板橋出城",56.326923,4.2,55,0,121.48351202909,25.0284549768819,121.491765969925,25.0287539942334,2016-05-10,"14_25"
"750",750,"ZGNEB00","中華路    泉州街-和平西路",28.6875,6.2,33,0,121.505894026742,25.0280020254308,121.504797970319,25.0291800395642,2016-05-10,"14_25"
"751",751,"ZHHDF40","康定路    桂林路-艋舺大道",41.076923,6,27,0,121.501225987764,25.0352050366073,121.500523024255,25.0328149544301,2016-05-10,"14_25"
"752",752,"ZHHDF60","艋舺大道  和平西路-西園路",40.96,7.1,75,0,121.502278002316,25.0331429837056,121.500523024255,25.0328149544301,2016-05-10,"14_25"
"753",753,"ZHMKV20","信義路三段 新生-建國",40.666668,0.8333334,12.5,0,121.532731042103,25.0335689678089,121.537689951598,25.0334560434664,2016-05-10,"14_25"
"754",754,"ZHSIP20","信義路二段 杭州南路一段-金山南路一段",42,3.7,58,0,121.532731042103,25.0335689678089,121.52675898022,25.0342589664573,2016-05-10,"14_25"
"755",755,"ZIPIZ00","金山南路  信義路-仁愛路",35.694443,8.4,74.5,0,121.527272972601,25.0340489558628,121.528340969147,25.0382519822543,2016-05-10,"14_25"
"756",756,"ZJFQQ00","忠孝東　逸仙路(往北)",46.732143,5.5,68,0,121.561506001618,25.0375530161359,121.561582048975,25.0412180286531,2016-05-10,"14_25"
"757",757,"ZJGPQ40","敦化南路  南京東路-市民大道",49.27027,3.2,40,0,121.548917990989,25.0481810293354,121.548883040402,25.0448050256844,2016-05-10,"14_25"
"758",758,"ZKGKP60","八德路    復興北路-建國北路",35.333332,6.2,42.5,0,121.540507984494,25.0467130279066,121.536660023401,25.0460589913958,2016-05-10,"14_25"
"759",759,"ZLKSH00","環東大道 南京東-永吉(往市民大道)",68.6955,10.933332,292,0,121.569388952581,25.049394985048,121.570635997613,25.0510870184925,2016-05-10,"14_25"
"760",760,"ZLKSH01","環東大道 南京東-永吉(下基隆路車道)",58.17143,7,70,0,121.569388952581,25.049394985048,121.570635997613,25.0510870184925,2016-05-10,"14_25"
"761",761,"ZMEKQ20","長春路    松江路-建國北路",61,1.75,10.5,0,121.534823975309,25.0547690306678,121.536845962901,25.0547340197055,2016-05-10,"14_25"
"762",762,"ZMGXG40","向陽路    南京東路-重陽路",48.3375,7.5,86,0,121.5927380079,25.0617350311717,121.594905003222,25.0548470311376,2016-05-10,"14_25"
"763",763,"ZMGXG60","重陽路    興華路-向陽路",34.608696,4,24,0,121.598270998839,25.0562240026668,121.594905003222,25.0548470311376,2016-05-10,"14_25"
"764",764,"ZN5KR00","建國北路  南京東路-民生東路",34.57143,9.9,88,0,121.536882030345,25.0561880388567,121.536919039933,25.057858005413,2016-05-10,"14_25"
"765",765,"ZN5KR20","民生東路  松江路-建國北路",48.213234,8,153,0,121.53313299757,25.0579159728731,121.536919039933,25.057858005413,2016-05-10,"14_25"
"766",766,"ZN5KR60","民生東路  龍江路-建國北路",45.058823,4.7333336,102.5,0,121.539168991943,25.0578130194978,121.536919039933,25.057858005413,2016-05-10,"14_25"
"767",767,"ZNE4D00","三重路    南港路-重陽路",53.555557,2.3333333,9.5,0,121.613990028591,25.0561510020384,121.614202995377,25.0590299560764,2016-05-10,"14_25"
"768",768,"ZNES640","塔悠路    民權東路-民生東路",51.07317,3.2,44,0,121.566393042917,25.0617389986567,121.56842301712,25.0592030345056,2016-05-10,"14_25"
"769",769,"ZNES900","塔悠路    南京東路-民生東路",40.969696,3.2,66.5,0,121.569336036624,25.0573130410427,121.568987952517,25.0592009613265,2016-05-10,"14_25"
"770",770,"ZPBEX40","環河北路  民族西路-民權西路",46.390804,4.8,87,0,121.509152959755,25.0686990238915,121.508408030157,25.06338404172,2016-05-10,"14_25"
"771",771,"ZPBTD70","舊宗一路 新湖三路-新湖二路",43.99225,5.95,134,0,121.578010563984,25.0617465942066,121.57673898964,25.0634769719204,2016-05-10,"14_25"
"772",772,"ZRCM940","北安路　　大直橋(往南)",56.465908,3.6,89,0,121.544439045382,25.0797320109504,121.54394103146,25.0723759943564,2016-05-10,"14_25"
"773",773,"ZRNIF00","中山北路三段 酒泉街-新生北路三段",53.094593,2.05,74.5,0,121.523484986936,25.0706980075331,121.52537896751,25.0742620007958,2016-05-10,"14_25"
"774",774,"ZRNIF40","中山北   圓山隧道(往南)",47.97908,10.1,247,0,121.524396034032,25.0797770077648,121.52537896751,25.0742620007958,2016-05-10,"14_25"
"775",775,"ZS7SN60","堤頂大道二段 基湖路-堤頂大道二段246巷",57.39189,4.9,77.5,0,121.56434000264,25.0786830098929,121.568615951823,25.0773579907238,2016-05-10,"14_25"
"776",776,"ZSHZU60","康寧路至康湖路",38.708332,1.2,25.5,0,121.606728971073,25.0815539591478,121.60709802556,25.0775119867938,2016-05-10,"14_25"
"777",777,"ZSMQQ40","堤頂大道  內湖路-樂群二路",55.47619,2.5,42,0,121.560798025759,25.0844919629128,121.562681985922,25.0802690253066,2016-05-10,"14_25"
"778",778,"ZSNVA60","內湖路二段66巷至文德路(往西)",34.422222,5.375,48,0,121.581201016291,25.0784730419353,121.578872007996,25.0785819934189,2016-05-10,"14_25"
"779",779,"ZSQVZ20","文德路101巷至220巷(往東)",52.375,2.9,56.5,0,121.583618987703,25.0785000267399,121.588001994132,25.0787989772924,2016-05-10,"14_25"
"780",780,"ZSSWC60","文德路　成功路(往西)",38.90141,6.2,74,0,121.590956045347,25.0807640102294,121.588795956516,25.0789939938149,2016-05-10,"14_25"
"781",781,"ZSVMA00","濱江街　　大直橋(往北)",55.033333,1.9333332,60,0,121.54394103146,25.0723759943564,121.544439045382,25.0797320109504,2016-05-10,"14_25"
"782",782,"ZSXTK20","內湖路一段629巷至港墘路(往東)",42.901962,3.3,51.5,0,121.574458952193,25.0803140070887,121.575813981766,25.0798309947066,2016-05-10,"14_25"
"783",783,"ZT6HS40","後港街 承德路(往南)",47.18182,2.6666667,22.5,0,121.5231270065,25.0821649794345,121.522416987497,25.0807320219209,2016-05-10,"14_25"
"784",784,"ZT8SZ60","內湖路一段洲子街至591巷(往西)",38.955555,3.4,45.5,0,121.574141993349,25.080432958623,121.573151968088,25.080771001613,2016-05-10,"14_25"
"785",785,"ZTHRR20","內湖一段二八五(往東)",40.238808,5.1,69,0,121.565517009718,25.0823620446203,121.566873977606,25.0821579806827,2016-05-10,"14_25"
"786",786,"ZTWD760","重陽大橋 延平北路六段-重陽橋 ",67.17969,6.2,129.5,0,121.505624988292,25.0856570244771,121.499370989401,25.084592036831,2016-05-10,"14_25"
"787",787,"ZTXQJ20","內湖路一段文湖路至91巷(往東)",39.458824,2.9999998,86.5,0,121.559698043141,25.0849069801418,121.560812033407,25.0845420153818,2016-05-10,"14_25"
"788",788,"ZTYXQ60","成功路五段324巷至420巷(往西)",45.764706,2.2,36,0,121.598776038888,25.0846779763565,121.596515044747,25.0844610221507,2016-05-10,"14_25"
"789",789,"ZTZY920","成功四段三二四(往東)",34.657143,7.875,38,0,121.595224987996,25.0841869673208,121.598776038888,25.0846779763565,2016-05-10,"14_25"
"790",790,"ZU5QC60","內湖路一段91巷至文湖路(往西)",32.8,0.25,11,0,121.560812033407,25.0845420153818,121.559698043141,25.0849069801418,2016-05-10,"14_25"
"791",791,"ZU8P760","北安路 劍南路-敬業三路",47.38938,5.25,116,0,121.556317982132,25.0846900178608,121.553911974051,25.0853220410784,2016-05-10,"14_25"
"792",792,"ZUIFC60","百齡橋 通河東街一段-重陽橋",45.72973,11.866667,234,0,121.515487974394,25.090281016709,121.510577042701,25.0870570201792,2016-05-10,"14_25"
"793",793,"ZV9GE20","百齡橋 重陽橋-通河東街一段",30.811388,26.25,291,0,121.510577042701,25.0870570201792,121.515487974394,25.090281016709,2016-05-10,"14_25"
"794",794,"ZV9IT40","中山北路  中正路-小北街",29.886364,5.4,88,1,121.528014004153,25.0937130284284,121.527473957656,25.0902389796397,2016-05-10,"14_25"
"795",795,"ZWVFW00","承德路    中正路-洲美路",49.339622,4.625,53,1,121.514055017166,25.0959740116679,121.513357991724,25.0976729730527,2016-05-10,"14_25"
"796",796,"ZYQKQ70","仰德大道二段　2巷(嶺頭山莊)(往西)",40.64706,2.6,17,0,121.539758042194,25.1018589858249,121.537158956528,25.1060750183634,2016-05-10,"14_25"
"797",797,"ZZKPR60","至善路    中社路-至善路",46.42857,1.6,14,0,121.5586820184,25.1119720174553,121.557154982438,25.1098199874148,2016-05-10,"14_25"
